# # Time 	 h_plus 	 h_cross 
# 
-4.090000000000000000e+02	-2.738764267688099593e-02	1.353864359760119651e-01
-4.080000000000000000e+02	-1.613273523830580786e-02	1.370672682166782785e-01
-4.070000000000000000e+02	-4.773410218391282989e-03	1.378181206943029924e-01
-4.060000000000000000e+02	6.613628489690856309e-03	1.376311987400979653e-01
-4.050000000000000000e+02	1.795135577267035001e-02	1.365071346910501082e-01
-4.040000000000000000e+02	2.916291295712544404e-02	1.344517140286364265e-01
-4.030000000000000000e+02	4.017186964926859616e-02	1.314770338071385158e-01
-4.020000000000000000e+02	5.090299819326415259e-02	1.276016751521831805e-01
-4.010000000000000000e+02	6.128243406488956269e-02	1.228498139214343754e-01
-4.000000000000000000e+02	7.123821074015587729e-02	1.172517602974847695e-01
-3.990000000000000000e+02	8.070116797836492106e-02	1.108437800905300030e-01
-3.980000000000000000e+02	8.960559970896270210e-02	1.036673082763447662e-01
-3.970000000000000000e+02	9.788878796951827610e-02	9.576936555020235109e-02
-3.960000000000000000e+02	1.054918144227359189e-01	8.720210903874149599e-02
-3.950000000000000000e+02	1.123595890853572588e-01	7.802226995838897061e-02
-3.940000000000000000e+02	1.184416701879535683e-01	6.829130417257801844e-02
-3.930000000000000000e+02	1.236934288593415227e-01	5.807702876496969452e-02
-3.920000000000000000e+02	1.280760856712015450e-01	4.744864428170682963e-02
-3.910000000000000000e+02	1.315562438002277623e-01	3.647910615830662895e-02
-3.900000000000000000e+02	1.341045002791166063e-01	2.524399162693573631e-02
-3.890000000000000000e+02	1.357012107738758688e-01	1.382091478398853913e-02
-3.880000000000000000e+02	1.363333122331998881e-01	2.289180760963502315e-03
-3.870000000000000000e+02	1.359931756085998034e-01	-9.270823389376689830e-03
-3.860000000000000000e+02	1.346797650185866391e-01	-2.077795750012885814e-02
-3.850000000000000000e+02	1.324006542728830560e-01	-3.215104609326522450e-02
-3.840000000000000000e+02	1.291681935498125156e-01	-4.330977063841247310e-02
-3.830000000000000000e+02	1.249991049768931772e-01	-5.417276533008012068e-02
-3.820000000000000000e+02	1.199189856808145216e-01	-6.466102141998016084e-02
-3.810000000000000000e+02	1.139603438909447541e-01	-7.469743149141964966e-02
-3.800000000000000000e+02	1.071622752315598837e-01	-8.420776752950240307e-02
-3.790000000000000000e+02	9.956993969283332857e-02	-9.312092629650486897e-02
-3.780000000000000000e+02	9.123555106711297991e-02	-1.013699483444227695e-01
-3.770000000000000000e+02	8.221675383216467403e-02	-1.088926142845328404e-01
-3.760000000000000000e+02	7.257686455395180591e-02	-1.156313346899280892e-01
-3.750000000000000000e+02	6.238503370053764818e-02	-1.215362507413897258e-01
-3.740000000000000000e+02	5.171326206980991769e-02	-1.265597175515159045e-01
-3.730000000000000000e+02	4.063576373592980850e-02	-1.306613347333665520e-01
-3.720000000000000000e+02	2.923148797176501959e-02	-1.338073296188251327e-01
-3.710000000000000000e+02	1.758183976551237759e-02	-1.359708110097185285e-01
-3.700000000000000000e+02	5.769804808662415581e-03	-1.371323046300201021e-01
-3.690000000000000000e+02	-6.120236657613134339e-03	-1.372776723032600732e-01
-3.680000000000000000e+02	-1.800078013955791131e-02	-1.364005605643663632e-01
-3.670000000000000000e+02	-2.978305278335855247e-02	-1.345023772583129884e-01
-3.660000000000000000e+02	-4.137890320660357613e-02	-1.315926413902389902e-01
-3.650000000000000000e+02	-5.270087597429057996e-02	-1.276876563568654921e-01
-3.640000000000000000e+02	-6.366245389370467356e-02	-1.228119771237465019e-01
-3.630000000000000000e+02	-7.417981611902574324e-02	-1.169972652541133168e-01
-3.620000000000000000e+02	-8.417295734494864567e-02	-1.102825519341527755e-01
-3.610000000000000000e+02	-9.356468746624167776e-02	-1.027133130253186089e-01
-3.600000000000000000e+02	-1.022831639761594275e-01	-9.434120976403639891e-02
-3.590000000000000000e+02	-1.102610074785274341e-01	-8.522546044216414152e-02
-3.580000000000000000e+02	-1.174350651299555653e-01	-7.543131532167432485e-02
-3.570000000000000000e+02	-1.237473047089995837e-01	-6.502857817101527493e-02
-3.560000000000000000e+02	-1.291458504325377066e-01	-5.409210498502560471e-02
-3.550000000000000000e+02	-1.335851731492795069e-01	-4.270117152414077549e-02
-3.540000000000000000e+02	-1.370268967790918835e-01	-3.093904227688946615e-02
-3.530000000000000000e+02	-1.394396171111558780e-01	-1.889208715441981559e-02
-3.520000000000000000e+02	-1.407989689923669629e-01	-6.649337299552741075e-03
-3.510000000000000000e+02	-1.410868421586763954e-01	5.698131364872520595e-03
-3.500000000000000000e+02	-1.402971265451393723e-01	1.805717768564485751e-02
-3.490000000000000000e+02	-1.384300297475115349e-01	3.033355250702621589e-02
-3.480000000000000000e+02	-1.354939817850137063e-01	4.243348626901768950e-02
-3.470000000000000000e+02	-1.315059139194775240e-01	5.426439598087363925e-02
-3.460000000000000000e+02	-1.264905289002769551e-01	6.573485390633838910e-02
-3.450000000000000000e+02	-1.204791680279394261e-01	7.675518764920487291e-02
-3.440000000000000000e+02	-1.135122375504617059e-01	8.723901601005087936e-02
-3.430000000000000000e+02	-1.056371134074135243e-01	9.710374855764768165e-02
-3.420000000000000000e+02	-9.690767918407902637e-02	1.062700935315677719e-01
-3.410000000000000000e+02	-8.738509432807871347e-02	1.146638415749529627e-01
-3.400000000000000000e+02	-7.713817140873852063e-02	1.222178844743495446e-01
-3.390000000000000000e+02	-6.624012890523750530e-02	1.288670035284482374e-01
-3.380000000000000000e+02	-5.477082966457179347e-02	1.345537242460743965e-01
-3.370000000000000000e+02	-4.281482180184326830e-02	1.392280609267222691e-01
-3.360000000000000000e+02	-3.046135309044875616e-02	1.428474326316755971e-01
-3.350000000000000000e+02	-1.780448694956805744e-02	1.453784636237481775e-01
-3.340000000000000000e+02	-4.939498955332302481e-03	1.467935616075386751e-01
-3.330000000000000000e+02	8.035970811717578488e-03	1.470738023406207295e-01
-3.320000000000000000e+02	2.102122141030455041e-02	1.462094389441528919e-01
-3.310000000000000000e+02	3.391480502187835255e-02	1.441991671859905455e-01
-3.300000000000000000e+02	4.661661228695467701e-02	1.410511149987846158e-01
-3.290000000000000000e+02	5.902626774762010503e-02	1.367823336844272153e-01
-3.280000000000000000e+02	7.104359273465342406e-02	1.314191324900211011e-01
-3.270000000000000000e+02	8.257195355447738416e-02	1.249961442687610863e-01
-3.260000000000000000e+02	9.351856973714965660e-02	1.175557206485747935e-01
-3.250000000000000000e+02	1.037932108323024044e-01	1.091488886630229693e-01
-3.240000000000000000e+02	1.133087681356734489e-01	9.983378697117567535e-02
-3.230000000000000000e+02	1.219772992257155270e-01	8.967364539516108068e-02
-3.220000000000000000e+02	1.297312975721846839e-01	7.874922089197948505e-02
-3.210000000000000000e+02	1.365030384926128881e-01	6.714149927597516665e-02
-3.200000000000000000e+02	1.422316579495025157e-01	5.493756326964090858e-02
-3.190000000000000000e+02	1.468637599171186137e-01	4.222994289123805506e-02
-3.180000000000000000e+02	1.503539083671371901e-01	2.911598458982112697e-02
-3.170000000000000000e+02	1.526650443310365035e-01	1.569733405014069050e-02
-3.160000000000000000e+02	1.537668167399413310e-01	2.078841958793907225e-03
-3.150000000000000000e+02	1.536370293398118814e-01	-1.162989216765274170e-02
-3.140000000000000000e+02	1.522733169866502534e-01	-2.531788333730548152e-02
-3.130000000000000000e+02	1.496772600234932415e-01	-3.887402655004205260e-02
-3.120000000000000000e+02	1.458604737346033409e-01	-5.218689665211361656e-02
-3.110000000000000000e+02	1.408444332203247773e-01	-6.514642583510769913e-02
-3.100000000000000000e+02	1.346610372283748025e-01	-7.764329872707470548e-02
-3.090000000000000000e+02	1.273528081007150869e-01	-8.957180192030012034e-02
-3.080000000000000000e+02	1.189709475673770694e-01	-1.008285640514871850e-01
-3.070000000000000000e+02	1.095763901393474182e-01	-1.113151377062189945e-01
-3.060000000000000000e+02	9.923984524088316772e-02	-1.209385459331466656e-01
-3.050000000000000000e+02	8.804038090816229678e-02	-1.296126302049364354e-01
-3.040000000000000000e+02	7.606729800237284345e-02	-1.372609367621442089e-01
-3.030000000000000000e+02	6.341413141985989543e-02	-1.438105634337860095e-01
-3.020000000000000000e+02	5.018171851494491326e-02	-1.491968267864211828e-01
-3.010000000000000000e+02	3.647748082907001366e-02	-1.533661271089445666e-01
-3.000000000000000000e+02	2.241429422262893045e-02	-1.562748690892210301e-01
-2.990000000000000000e+02	8.109700624044643286e-03	-1.578924402370866231e-01
-2.980000000000000000e+02	-6.316715213394516991e-03	-1.581944077522818015e-01
-2.970000000000000000e+02	-2.074238074613471081e-02	-1.571691585088158538e-01
-2.960000000000000000e+02	-3.504277032605787601e-02	-1.548172433633874245e-01
-2.950000000000000000e+02	-4.909431318012153628e-02	-1.511511743849359157e-01
-2.940000000000000000e+02	-6.277439681928546900e-02	-1.461954196947258533e-01
-2.930000000000000000e+02	-7.596109041184906374e-02	-1.399846084512759714e-01
-2.920000000000000000e+02	-8.853788720120864264e-02	-1.325650129094026741e-01
-2.910000000000000000e+02	-1.003909136280204395e-01	-1.239932830180915380e-01
-2.900000000000000000e+02	-1.114137352292383643e-01	-1.143390914641257139e-01
-2.890000000000000000e+02	-1.215051448175886589e-01	-1.036815952926885276e-01
-2.880000000000000000e+02	-1.305697946463158232e-01	-9.210692627066255356e-02
-2.870000000000000000e+02	-1.385229452151287843e-01	-7.971310573768733421e-02
-2.860000000000000000e+02	-1.452900119216157249e-01	-6.660650147047859904e-02
-2.850000000000000000e+02	-1.508052527627172512e-01	-5.289974561341956316e-02
-2.840000000000000000e+02	-1.550133554699548721e-01	-3.871170591520934484e-02
-2.830000000000000000e+02	-1.578700386798708721e-01	-2.416661935532405520e-02
-2.820000000000000000e+02	-1.593408966462593612e-01	-9.392483340032705200e-03
-2.810000000000000000e+02	-1.594061323819672693e-01	5.478568558571561033e-03
-2.800000000000000000e+02	-1.580619912204374033e-01	2.031312351306930469e-02
-2.790000000000000000e+02	-1.553129194208474895e-01	3.497706983556920363e-02
-2.780000000000000000e+02	-1.511766608069593787e-01	4.933757762292186044e-02
-2.770000000000000000e+02	-1.456862899561315872e-01	6.326231442399839200e-02
-2.760000000000000000e+02	-1.388861542400516846e-01	7.662261621341724671e-02
-2.750000000000000000e+02	-1.308325774333913560e-01	8.929454914164997037e-02
-2.740000000000000000e+02	-1.215942513562607852e-01	1.011585637563285900e-01
-2.730000000000000000e+02	-1.112506416441650797e-01	1.121027403506562464e-01
-2.720000000000000000e+02	-9.989339940330105305e-02	1.220224928470719922e-01
-2.710000000000000000e+02	-8.762346621324014484e-02	1.308224630526772791e-01
-2.700000000000000000e+02	-7.455186349206774366e-02	1.384174153616165304e-01
-2.690000000000000000e+02	-6.079670785689648971e-02	1.447319821920433902e-01
-2.680000000000000000e+02	-4.648340534856855444e-02	1.497028571254849227e-01
-2.670000000000000000e+02	-3.174411144425882958e-02	1.532794669131187226e-01
-2.660000000000000000e+02	-1.671489190493549368e-02	1.554219660536896030e-01
-2.650000000000000000e+02	-1.535439379332979512e-03	1.561049624469101615e-01
-2.640000000000000000e+02	1.365198478248187339e-02	1.553168414278151277e-01
-2.630000000000000000e+02	2.870415161641211299e-02	1.530600487910319385e-01
-2.620000000000000000e+02	4.347851503091858943e-02	1.493510982524152986e-01
-2.610000000000000000e+02	5.783338061716271350e-02	1.442183484509525770e-01
-2.600000000000000000e+02	7.163068271802240650e-02	1.377068466681660164e-01
-2.590000000000000000e+02	8.473655786312965510e-02	1.298745120277270682e-01
-2.580000000000000000e+02	9.702295939714720985e-02	1.207925996928093382e-01
-2.570000000000000000e+02	1.083702455623067329e-01	1.105439645390535047e-01
-2.560000000000000000e+02	1.186663807136616039e-01	9.922360987051632997e-02
-2.550000000000000000e+02	1.278091116713226671e-01	8.693707392656274680e-02
-2.540000000000000000e+02	1.356927249277372072e-01	7.379175917771182980e-02
-2.530000000000000000e+02	1.422380789313734684e-01	5.991785052417006319e-02
-2.520000000000000000e+02	1.473782905099260410e-01	4.545022119653637643e-02
-2.510000000000000000e+02	1.510567986701843446e-01	3.052876131270654964e-02
-2.500000000000000000e+02	1.532307116554555704e-01	1.529831621766259385e-02
-2.490000000000000000e+02	1.538710271655031048e-01	-9.196266125287524853e-05
-2.480000000000000000e+02	1.529629991380370146e-01	-1.549047235385179674e-02
-2.470000000000000000e+02	1.505053522201820204e-01	-3.074315876008082773e-02
-2.460000000000000000e+02	1.465023760563292643e-01	-4.569184235686713641e-02
-2.450000000000000000e+02	1.410026434482649360e-01	-6.018680654953496162e-02
-2.440000000000000000e+02	1.340536430823497382e-01	-7.407913821829247014e-02
-2.430000000000000000e+02	1.257166286144324185e-01	-8.722504677491214886e-02
-2.420000000000000000e+02	1.160663811226310821e-01	-9.948204915124449210e-02
-2.410000000000000000e+02	1.051978532397751520e-01	-1.107218533195753890e-01
-2.400000000000000000e+02	9.321675087315257902e-02	-1.208224852183709536e-01
-2.390000000000000000e+02	8.024214491660372484e-02	-1.296725620537638735e-01
-2.380000000000000000e+02	6.640459290569422635e-02	-1.371766071885053839e-01
-2.370000000000000000e+02	5.184021897639893434e-02	-1.432448021430176022e-01
-2.360000000000000000e+02	3.669745679488609774e-02	-1.478042317632100033e-01
-2.350000000000000000e+02	2.113169906660726516e-02	-1.507985619109968589e-01
-2.340000000000000000e+02	5.304023772134121989e-03	-1.521888777345296040e-01
-2.330000000000000000e+02	-1.062112936749787240e-02	-1.519454948733253152e-01
-2.320000000000000000e+02	-2.647493973040823331e-02	-1.500593418437449200e-01
-2.310000000000000000e+02	-4.208812654607702042e-02	-1.465409221537065931e-01
-2.300000000000000000e+02	-5.729298998954612115e-02	-1.414187890229292865e-01
-2.290000000000000000e+02	-7.192243181418823961e-02	-1.347324721186547447e-01
-2.280000000000000000e+02	-8.581396999885748667e-02	-1.265425418131073676e-01
-2.270000000000000000e+02	-9.881113545490199934e-02	-1.169269410766398537e-01
-2.260000000000000000e+02	-1.107651123933610787e-01	-1.059807429374298032e-01
-2.250000000000000000e+02	-1.215369759069344774e-01	-9.381529875188553136e-02
-2.240000000000000000e+02	-1.310012415172891465e-01	-8.055420570281995873e-02
-2.230000000000000000e+02	-1.390436801671225964e-01	-6.633484971407851982e-02
-2.220000000000000000e+02	-1.455665955773098319e-01	-5.130797149494083914e-02
-2.210000000000000000e+02	-1.504868827134868969e-01	-3.563404521427084026e-02
-2.200000000000000000e+02	-1.537382340028108363e-01	-1.948272528290878949e-02
-2.190000000000000000e+02	-1.552722852679331300e-01	-3.031227053713184127e-03
-2.180000000000000000e+02	-1.550561845464815125e-01	1.354116175502020035e-02
-2.170000000000000000e+02	-1.530776039118581233e-01	3.004846540739492672e-02
-2.160000000000000000e+02	-1.493506777939228591e-01	4.630563156001842734e-02
-2.150000000000000000e+02	-1.439041827183257238e-01	6.212887359276264565e-02
-2.140000000000000000e+02	-1.367856578620187946e-01	7.733808026505425981e-02
-2.130000000000000000e+02	-1.280618372874827715e-01	9.175710043456529463e-02
-2.120000000000000000e+02	-1.178186638938604064e-01	1.052159698329638987e-01
-2.110000000000000000e+02	-1.061590152428481815e-01	1.175536859650599536e-01
-2.100000000000000000e+02	-9.320393907822405177e-02	1.286215485856630758e-01
-2.090000000000000000e+02	-7.908947672953361985e-02	1.382838031769021703e-01
-2.080000000000000000e+02	-6.396837498360315177e-02	1.464174723044056325e-01
-2.070000000000000000e+02	-4.800490561996254707e-02	1.529170303146885901e-01
-2.060000000000000000e+02	-3.137545130497113727e-02	1.576943590700779219e-01
-2.050000000000000000e+02	-1.426672194352019384e-02	1.606877399281773922e-01
-2.040000000000000000e+02	3.130599086052203092e-03	1.618458252584042967e-01
-2.030000000000000000e+02	2.061925565971284985e-02	1.611343834033349409e-01
-2.020000000000000000e+02	3.799772342239284700e-02	1.585454462814366861e-01
-2.010000000000000000e+02	5.506321518796834097e-02	1.540932160162339914e-01
-2.000000000000000000e+02	7.161578482468324014e-02	1.478136345224013160e-01
-1.990000000000000000e+02	8.745798828690656834e-02	1.397651528777929530e-01
-1.980000000000000000e+02	1.024021467213097752e-01	1.300275473776555946e-01
-1.970000000000000000e+02	1.162690020907960475e-01	1.187004050593486182e-01
-1.960000000000000000e+02	1.288837890172953582e-01	1.058987977772788969e-01
-1.950000000000000000e+02	1.400894993805925914e-01	9.175758997597735500e-02
-1.940000000000000000e+02	1.497407315784731185e-01	7.642901520701486651e-02
-1.930000000000000000e+02	1.577095611602043201e-01	6.008347999206366252e-02
-1.920000000000000000e+02	1.638894398407304553e-01	4.290304640822029808e-02
-1.910000000000000000e+02	1.681913204080341118e-01	2.508189078502131783e-02
-1.900000000000000000e+02	1.705468939973095177e-01	6.823200975441784388e-03
-1.890000000000000000e+02	1.709086117873887534e-01	-1.166270849229475784e-02
-1.880000000000000000e+02	1.692431653814207848e-01	-3.015818840085010902e-02
-1.870000000000000000e+02	1.655603654415476744e-01	-4.844384385917076263e-02
-1.860000000000000000e+02	1.598840765452159973e-01	-6.630067577369241905e-02
-1.850000000000000000e+02	1.522613232673692141e-01	-8.351243848010315995e-02
-1.840000000000000000e+02	1.427625344433779142e-01	-9.986703510732490574e-02
-1.830000000000000000e+02	1.314812769907517387e-01	-1.151589074869232843e-01
-1.820000000000000000e+02	1.185309879304383696e-01	-1.291909640465562781e-01
-1.810000000000000000e+02	1.040533425522457839e-01	-1.417817645755606315e-01
-1.800000000000000000e+02	8.820550035944549339e-02	-1.527640939879367221e-01
-1.790000000000000000e+02	7.116630222884808010e-02	-1.619857312096283641e-01
-1.780000000000000000e+02	5.313120503750282109e-02	-1.693146587503780998e-01
-1.770000000000000000e+02	3.431246993776768811e-02	-1.746513122308683275e-01
-1.760000000000000000e+02	1.492728893877810770e-02	-1.778978316752643229e-01
-1.750000000000000000e+02	-4.789830491849715599e-03	-1.789896505895473000e-01
-1.740000000000000000e+02	-2.459764156591188675e-02	-1.778888853600938957e-01
-1.730000000000000000e+02	-4.424994206256480794e-02	-1.745850402400285495e-01
-1.720000000000000000e+02	-6.349881526640312190e-02	-1.690957206571108151e-01
-1.710000000000000000e+02	-8.209656982749852228e-02	-1.614683724001877430e-01
-1.700000000000000000e+02	-9.980811761998895082e-02	-1.517820130323393191e-01
-1.690000000000000000e+02	-1.163952660797787919e-01	-1.401269365647930254e-01
-1.680000000000000000e+02	-1.316338715942203808e-01	-1.266302263777576431e-01
-1.670000000000000000e+02	-1.453133229995254017e-01	-1.114466224601881189e-01
-1.660000000000000000e+02	-1.572424034469072085e-01	-9.475256894983100087e-02
-1.650000000000000000e+02	-1.672469485636449427e-01	-7.674717278580245328e-02
-1.640000000000000000e+02	-1.751763154153863633e-01	-5.764985359545376359e-02
-1.630000000000000000e+02	-1.809000174951121143e-01	-3.769780736333364773e-02
-1.620000000000000000e+02	-1.843224431897539928e-01	-1.714441484440930655e-02
-1.610000000000000000e+02	-1.853764140806248018e-01	3.745794902558577995e-03
-1.600000000000000000e+02	-1.840231350238939467e-01	2.469944629308679085e-02
-1.590000000000000000e+02	-1.802546667823150817e-01	4.543927122561973453e-02
-1.580000000000000000e+02	-1.740946568290676066e-01	6.568541602063794616e-02
-1.570000000000000000e+02	-1.655991189616310144e-01	8.515903204708129282e-02
-1.560000000000000000e+02	-1.548557114243861443e-01	1.035876662857380670e-01
-1.550000000000000000e+02	-1.419858869317121575e-01	1.207048023076552762e-01
-1.540000000000000000e+02	-1.271567485413350740e-01	1.362709655083089721e-01
-1.530000000000000000e+02	-1.105500105666944594e-01	1.500568732883005851e-01
-1.520000000000000000e+02	-9.237207162175659070e-02	1.618533360060652460e-01
-1.510000000000000000e+02	-7.286193125662701608e-02	1.714740035171676558e-01
-1.500000000000000000e+02	-5.227666493688581939e-02	1.787629295566502963e-01
-1.490000000000000000e+02	-3.089651274898878516e-02	1.835930630702926059e-01
-1.480000000000000000e+02	-9.017251652930519112e-03	1.858714259398875357e-01
-1.470000000000000000e+02	1.305562160943779700e-02	1.855409392341188235e-01
-1.460000000000000000e+02	3.500643329615784477e-02	1.825817967528022556e-01
-1.450000000000000000e+02	5.651819596998503004e-02	1.770130212040872397e-01
-1.440000000000000000e+02	7.727829933569170529e-02	1.688979593321687511e-01
-1.430000000000000000e+02	9.698060373394026823e-02	1.583318625522007472e-01
-1.420000000000000000e+02	1.153271906170952876e-01	1.454432348092532523e-01
-1.410000000000000000e+02	1.320360423695436380e-01	1.303973886867576815e-01
-1.400000000000000000e+02	1.468439887091512741e-01	1.133960419075217274e-01
-1.390000000000000000e+02	1.595130692733443545e-01	9.467339711108097022e-02
-1.380000000000000000e+02	1.698340374430105382e-01	7.449333275188128878e-02
-1.370000000000000000e+02	1.776284595265660293e-01	5.315084633079469184e-02
-1.360000000000000000e+02	1.827575751681327632e-01	3.095356221932036439e-02
-1.350000000000000000e+02	1.851170802987749942e-01	8.230783294968058855e-03
-1.340000000000000000e+02	1.846434192920123341e-01	-1.467234281623791547e-02
-1.330000000000000000e+02	1.813207889978617204e-01	-3.739741032031615453e-02
-1.320000000000000000e+02	1.751728393435976194e-01	-5.959774657611181803e-02
-1.310000000000000000e+02	1.662622396874268715e-01	-8.091915554712132697e-02
-1.300000000000000000e+02	1.547014424652452536e-01	-1.010150114070663824e-01
-1.290000000000000000e+02	1.406541407744207883e-01	-1.195540687445693084e-01
-1.280000000000000000e+02	1.243156313188633899e-01	-1.362281707895802718e-01
-1.270000000000000000e+02	1.059178855627136290e-01	-1.507423587780304663e-01
-1.260000000000000000e+02	8.574042952902369286e-02	-1.628387193258635235e-01
-1.250000000000000000e+02	6.409447751362647161e-02	-1.722945410561055879e-01
-1.240000000000000000e+02	4.131730888496714521e-02	-1.789236556656578769e-01
-1.230000000000000000e+02	1.777343233283531360e-02	-1.825810260950742892e-01
-1.220000000000000000e+02	-6.155718311980583855e-03	-1.831674415263614963e-01
-1.210000000000000000e+02	-3.006820364552194660e-02	-1.806329833571281018e-01
-1.200000000000000000e+02	-5.355643175543239876e-02	-1.749801692578934198e-01
-1.190000000000000000e+02	-7.621654951035482239e-02	-1.662670865306781209e-01
-1.180000000000000000e+02	-9.764227754503855550e-02	-1.545979544410439610e-01
-1.170000000000000000e+02	-1.174408398526757963e-01	-1.401347782279836474e-01
-1.160000000000000000e+02	-1.352408076882951338e-01	-1.230917713012469883e-01
-1.150000000000000000e+02	-1.507028831471235453e-01	-1.037372610385465521e-01
-1.140000000000000000e+02	-1.635079685413703132e-01	-8.237801341069780903e-02
-1.130000000000000000e+02	-1.733828468187486871e-01	-5.937007123145560811e-02
-1.120000000000000000e+02	-1.801037505811331485e-01	-3.510806490683056336e-02
-1.110000000000000000e+02	-1.834954473634953787e-01	-1.001815438614449272e-02
-1.100000000000000000e+02	-1.834391475611616695e-01	1.544881443333420180e-02
-1.090000000000000000e+02	-1.798768359377786175e-01	4.082169973656521456e-02
-1.080000000000000000e+02	-1.728126377363032318e-01	6.561818675622436980e-02
-1.070000000000000000e+02	-1.623242881528404180e-01	8.935462580148877121e-02
-1.060000000000000000e+02	-1.485528877244731427e-01	1.115555208053989333e-01
-1.050000000000000000e+02	-1.317056271172477866e-01	1.317619217046920310e-01
-1.040000000000000000e+02	-1.120551864342600595e-01	1.495397025282656500e-01
-1.030000000000000000e+02	-8.993349776808572116e-02	1.644858767255109877e-01
-1.020000000000000000e+02	-6.573954638826073893e-02	1.762501823276414470e-01
-1.010000000000000000e+02	-3.992164871960519890e-02	1.845333366006645659e-01
-1.000000000000000000e+02	-1.297005364428400857e-02	1.890970577167482569e-01
-9.900000000000000000e+01	1.458400417475159451e-02	1.897709370346116198e-01
-9.800000000000000000e+01	4.217901251778014005e-02	1.864615595054651132e-01
-9.700000000000000000e+01	6.924056210441437154e-02	1.791555547049995534e-01
-9.600000000000000000e+01	9.519068054160029213e-02	1.679275127313855920e-01
-9.500000000000000000e+01	1.194513854890144472e-01	1.529269320183127834e-01
-9.400000000000000000e+01	1.414658949545761768e-01	1.343930943261272271e-01
-9.300000000000000000e+01	1.607117171287372748e-01	1.126509144858947598e-01
-9.200000000000000000e+01	1.767134969615581086e-01	8.809960289740792483e-02
-9.100000000000000000e+01	1.890382336688116449e-01	6.122229486940550247e-02
-9.000000000000000000e+01	1.973340812468271643e-01	3.255866522128286061e-02
-8.900000000000000000e+01	2.013270728548735566e-01	2.703695788495654503e-03
-8.800000000000000000e+01	2.008293741883797612e-01	-2.770263907496990294e-02
-8.700000000000000000e+01	1.957470814875863496e-01	-5.798741626661813725e-02
-8.600000000000000000e+01	1.860873264873079413e-01	-8.745858871351126773e-02
-8.500000000000000000e+01	1.719585342421634522e-01	-1.154176750594185924e-01
-8.400000000000000000e+01	1.535822732363494592e-01	-1.411861725748632668e-01
-8.300000000000000000e+01	1.312815014030189742e-01	-1.641126630071885750e-01
-8.200000000000000000e+01	1.054796799809181174e-01	-1.835874179830496167e-01
-8.100000000000000000e+01	7.669632613897829632e-02	-1.990599831983021484e-01
-8.000000000000000000e+01	4.554235689400438353e-02	-2.100639731082945272e-01
-7.900000000000000000e+01	1.270210570565728780e-02	-2.162198737346712474e-01
-7.800000000000000000e+01	-2.107745740131929807e-02	-2.172507891878490416e-01
-7.700000000000000000e+01	-5.500032312979533100e-02	-2.129951705371631865e-01
-7.600000000000000000e+01	-8.823540876101296226e-02	-2.034109635217162815e-01
-7.500000000000000000e+01	-1.199389527907085834e-01	-1.885876992337143787e-01
-7.400000000000000000e+01	-1.492801226056257868e-01	-1.687558136369923523e-01
-7.300000000000000000e+01	-1.754536397812834769e-01	-1.442713200168521670e-01
-7.200000000000000000e+01	-1.976959686134147354e-01	-1.156174663932791752e-01
-7.100000000000000000e+01	-2.153164159835544711e-01	-8.341624448561564542e-02
-7.000000000000000000e+01	-2.277240537505689777e-01	-4.839952971766253026e-02
-6.900000000000000000e+01	-2.344547657399629892e-01	-1.139787475368341137e-02
-6.800000000000000000e+01	-2.351429928752064857e-01	2.667338120536308366e-02
-6.700000000000000000e+01	-2.295829299305655602e-01	6.482453366781355808e-02
-6.600000000000000000e+01	-2.177318174854954713e-01	1.020183277560077068e-01
-6.500000000000000000e+01	-1.997248663986764261e-01	1.371931437973185341e-01
-6.400000000000000000e+01	-1.758560609285480802e-01	1.693089196623488724e-01
-6.300000000000000000e+01	-1.466219020570998510e-01	1.973738834977198375e-01
-6.200000000000000000e+01	-1.126814636052242413e-01	2.204607881885477239e-01
-6.100000000000000000e+01	-7.485865922462058009e-02	2.377410853843832939e-01
-6.000000000000000000e+01	-3.412816766819788683e-02	2.485011742944293889e-01
-5.900000000000000000e+01	8.393960759768521324e-03	2.522120932417290518e-01
-5.800000000000000000e+01	5.148359070940046467e-02	2.485351258707935163e-01
-5.700000000000000000e+01	9.384764519021290829e-02	2.373336394472032596e-01
-5.600000000000000000e+01	1.341467128449863599e-01	2.186999322318461392e-01
-5.500000000000000000e+01	1.710384842590652876e-01	1.929708148706137383e-01
-5.400000000000000000e+01	2.032318730548236807e-01	1.607256215967614310e-01
-5.300000000000000000e+01	2.295200871865958059e-01	1.227949031953601555e-01
-5.200000000000000000e+01	2.488459022950888500e-01	8.024158782085380470e-02
-5.100000000000000000e+01	2.603157661016052282e-01	3.432946327652938029e-02
-5.000000000000000000e+01	2.632737355250064359e-01	-1.348586629778713263e-02
-4.900000000000000000e+01	2.573367281751392510e-01	-6.161515075535522329e-02
-4.800000000000000000e+01	2.424093982194993335e-01	-1.083705326356060594e-01
-4.700000000000000000e+01	2.187231323022762741e-01	-1.520322257911572439e-01
-4.600000000000000000e+01	1.868399289483794190e-01	-1.909011743826172502e-01
-4.500000000000000000e+01	1.476712025719853771e-01	-2.233640726262322296e-01
-4.400000000000000000e+01	1.024490919927295574e-01	-2.479872234122994790e-01
-4.300000000000000000e+01	5.270935508582220291e-02	-2.635470896790251816e-01
-4.200000000000000000e+01	2.445149979430599318e-04	-2.690916390990186202e-01
-4.100000000000000000e+01	-5.293271533537489970e-02	-2.640719396147661047e-01
-4.000000000000000000e+01	-1.046744508728347234e-01	-2.483150691212129002e-01
-3.900000000000000000e+01	-1.527667736234498141e-01	-2.220800995689296564e-01
-3.800000000000000000e+01	-1.950113867921904331e-01	-1.860849309789594230e-01
-3.700000000000000000e+01	-2.293480415937869388e-01	-1.415465733321182307e-01
-3.600000000000000000e+01	-2.539344067012744288e-01	-9.012200896067837363e-02
-3.500000000000000000e+01	-2.672565741864649236e-01	-3.388414166491067470e-02
-3.400000000000000000e+01	-2.682227743786102514e-01	2.472593505627546789e-02
-3.300000000000000000e+01	-2.562612127286953423e-01	8.298855822499072443e-02
-3.200000000000000000e+01	-2.313965217076419945e-01	1.380093225963917591e-01
-3.100000000000000000e+01	-1.943122813043145214e-01	1.868481236391527356e-01
-3.000000000000000000e+01	-1.463737143182800571e-01	2.266671667724951544e-01
-2.900000000000000000e+01	-8.962028955907301586e-02	2.548796615890574491e-01
-2.800000000000000000e+01	-2.676231378776622316e-02	2.693303934405220090e-01
-2.700000000000000000e+01	3.891709841541821785e-02	2.684704999432445671e-01
-2.600000000000000000e+01	1.036880479121401327e-01	2.515018843876936083e-01
-2.500000000000000000e+01	1.635245375618427643e-01	2.185466697093053356e-01
-2.400000000000000000e+01	2.143206435111419395e-01	1.707486443176467195e-01
-2.300000000000000000e+01	2.521641374267599156e-01	1.103349201085047221e-01
-2.200000000000000000e+01	2.736282032501330397e-01	4.062556114232671045e-02
-2.100000000000000000e+01	2.760663068732132630e-01	-3.403629984669569869e-02
-2.000000000000000000e+01	2.579543360651523898e-01	-1.084554086450059962e-01
-1.900000000000000000e+01	2.191833037313387633e-01	-1.768497851331423121e-01
-1.800000000000000000e+01	1.613031235810879482e-01	-2.332232791255810234e-01
-1.700000000000000000e+01	8.768423705838830629e-02	-2.718575066620537162e-01
-1.600000000000000000e+01	3.532361480939496916e-03	-2.878540522396140222e-01
-1.500000000000000000e+01	-8.424870056551753139e-02	-2.777863077650857826e-01
-1.400000000000000000e+01	-1.674367365645317574e-01	-2.403080738569523256e-01
-1.300000000000000000e+01	-2.370991616373696043e-01	-1.767318585685671573e-01
-1.200000000000000000e+01	-2.845011939364092690e-01	-9.144596339652717731e-02
-1.100000000000000000e+01	-3.020922979609150794e-01	8.043387856433166505e-03
-1.000000000000000000e+01	-2.848234939363136209e-01	1.112927263442074766e-01
-9.000000000000000000e+00	-2.313602393073323216e-01	2.057627725307152322e-01
-8.000000000000000000e+00	-1.450058226464539801e-01	2.780965157173459490e-01
-7.000000000000000000e+00	-3.429669955570161660e-02	3.158257511560547681e-01
-6.000000000000000000e+00	8.697894970109755486e-02	3.096524707682932198e-01
-5.000000000000000000e+00	2.009281264594922900e-01	2.558918000712238627e-01
-4.000000000000000000e+00	2.879254138794614670e-01	1.585116105442384848e-01
-3.000000000000000000e+00	3.301377103894345688e-01	3.013430251283462369e-02
-2.000000000000000000e+00	3.155290728395678257e-01	-1.087301645610773554e-01
-1.000000000000000000e+00	2.416017329733991803e-01	-2.323433932956053549e-01
0.000000000000000000e+00	1.180526587373059155e-01	-3.142365831162175493e-01
1.000000000000000000e+00	-3.266677856459649504e-02	-3.333451829993772653e-01
2.000000000000000000e+00	-1.783782476000055905e-01	-2.808606679999964273e-01
3.000000000000000000e+00	-2.845025774311681355e-01	-1.651943431897232584e-01
4.000000000000000000e+00	-3.237195381865013988e-01	-1.196222269640769865e-02
5.000000000000000000e+00	-2.843344019567508041e-01	1.416558127326541794e-01
6.000000000000000000e+00	-1.749643225623207510e-01	2.560706017675473678e-01
7.000000000000000000e+00	-2.431778697146645685e-02	3.002451897322424568e-01
8.000000000000000000e+00	1.255305062892560775e-01	2.623563055685085854e-01
9.000000000000000000e+00	2.321247773333566244e-01	1.552996975399928148e-01
1.000000000000000000e+01	2.667025101502093487e-01	1.276690465770369785e-02
1.100000000000000000e+01	2.229987722397154259e-01	-1.220925207647760857e-01
1.200000000000000000e+01	1.185313451789659772e-01	-2.099955548450598841e-01
1.300000000000000000e+01	-1.099350579923130504e-02	-2.275854885462423316e-01
1.400000000000000000e+01	-1.237348632848694341e-01	-1.751306049910037743e-01
1.500000000000000000e+01	-1.863923972515487693e-01	-7.555324370891816632e-02
1.600000000000000000e+01	-1.847820394410139011e-01	3.537317716112377275e-02
1.700000000000000000e+01	-1.263491953540747670e-01	1.219480722477213480e-01
1.800000000000000000e+01	-3.576160510952828414e-02	1.596026630839843252e-01
1.900000000000000000e+01	5.432990207193066912e-02	1.419103297700671229e-01
2.000000000000000000e+01	1.149950439710718531e-01	8.139388661126288615e-02
2.100000000000000000e+01	1.305503492945424837e-01	3.126504085011681724e-03
2.200000000000000000e+01	1.019774759240368311e-01	-6.538035681565526613e-02
2.300000000000000000e+01	4.436484109611787269e-02	-1.033008917505069263e-01
2.400000000000000000e+01	-1.965366921926356772e-02	-1.023986894099769424e-01
2.500000000000000000e+01	-6.829065112526958026e-02	-6.832738765505727563e-02
2.600000000000000000e+01	-8.781320203285190862e-02	-1.691396069796067408e-02
2.700000000000000000e+01	-7.588950783931118493e-02	3.258633673662748864e-02
2.800000000000000000e+01	-4.083546692606157547e-02	6.414101330129831635e-02
2.900000000000000000e+01	2.429332722195514088e-03	6.982981860214357295e-02
3.000000000000000000e+01	3.831979575752091777e-02	5.150421206278004566e-02
3.100000000000000000e+01	5.600520655778674223e-02	1.878645515177238684e-02
3.200000000000000000e+01	5.228196674704158053e-02	-1.537791003564942423e-02
3.300000000000000000e+01	3.151936307353963435e-02	-3.940918140324336377e-02
3.400000000000000000e+01	3.170446055427626839e-03	-4.678166318732428219e-02
3.500000000000000000e+01	-2.218862644446050608e-02	-3.754767289705035482e-02
3.600000000000000000e+01	-3.661253021370981797e-02	-1.727483740303824636e-02
3.700000000000000000e+01	-3.696522305406624298e-02	5.691269700236931475e-03
3.800000000000000000e+01	-2.522966936284365413e-02	2.333699707998690767e-02
3.900000000000000000e+01	-7.115706464223447297e-03	3.061922273045772705e-02
4.000000000000000000e+01	1.044896629045918846e-02	2.670978106299061114e-02
4.100000000000000000e+01	2.176769872133006711e-02	1.456025429873195748e-02
4.200000000000000000e+01	2.405610090759319891e-02	-5.977293067269104409e-04
4.300000000000000000e+01	1.785092896798087803e-02	-1.332471263083606118e-02
4.400000000000000000e+01	6.466028440602841938e-03	-1.977782302716095397e-02
4.500000000000000000e+01	-5.612712242785910036e-03	-1.874077533274944724e-02
4.600000000000000000e+01	-1.430290141131221500e-02	-1.161721875283254490e-02
4.700000000000000000e+01	-1.719618564739481062e-02	-1.616088346253906740e-03
4.800000000000000000e+01	-1.415916697202732055e-02	7.537764918891484353e-03
4.900000000000000000e+01	-7.033950276296745650e-03	1.293457009750214465e-02
5.000000000000000000e+01	1.230865337513023213e-03	1.333263859384835326e-02
5.100000000000000000e+01	7.733385128433881324e-03	9.325474479681732098e-03
5.200000000000000000e+01	1.057327480610344844e-02	2.886984239589562157e-03
5.300000000000000000e+01	9.358672803546687693e-03	-3.476195949107024809e-03
5.400000000000000000e+01	5.115538333467728460e-03	-7.679674008872633580e-03
5.500000000000000000e+01	-3.269533001914246679e-04	-8.628962289656184892e-03
5.600000000000000000e+01	-4.957801800000336337e-03	-6.474150399999741359e-03
5.700000000000000000e+01	-7.354367146217443210e-03	-2.409018971706335371e-03
5.800000000000000000e+01	-7.072739097595133993e-03	1.942914471693572235e-03
5.900000000000000000e+01	-4.597656420993288286e-03	5.122445962547989007e-03
6.000000000000000000e+01	-1.058678131095712157e-03	6.267217589293413819e-03
6.100000000000000000e+01	2.231364833019416037e-03	5.306141927609093166e-03
6.200000000000000000e+01	4.240111498262706669e-03	2.884322744253629139e-03
6.300000000000000000e+01	4.510437804909594658e-03	1.686833834151972670e-05
6.400000000000000000e+01	3.228486201718470082e-03	-2.285973669191391274e-03
6.500000000000000000e+01	1.053324930309627091e-03	-3.350714082559837301e-03
6.600000000000000000e+01	-1.156661552279635670e-03	-3.010324252388789108e-03
6.700000000000000000e+01	-2.653577165271113480e-03	-1.575383883702650197e-03
6.800000000000000000e+01	-3.045214981898101969e-03	3.116313102251306710e-04
6.900000000000000000e+01	-2.353265476698660798e-03	1.962345112037910955e-03
7.000000000000000000e+01	-9.739154042512458698e-04	2.880728345173076254e-03
7.100000000000000000e+01	5.565271493512593528e-04	2.888344956686467613e-03
7.200000000000000000e+01	1.715374699540609879e-03	2.094873436274511010e-03
7.300000000000000000e+01	2.185472660461456294e-03	9.061949502995781010e-04
7.400000000000000000e+01	1.926385149836247002e-03	-2.288582843097849669e-04
7.500000000000000000e+01	1.142965856038122242e-03	-9.446453014382004973e-04
7.600000000000000000e+01	1.778381264273716240e-04	-1.069434482083812506e-03
7.700000000000000000e+01	-6.208834868607806656e-04	-6.468214313262502218e-04
7.800000000000000000e+01	-9.981905808204257543e-04	1.016726300654754317e-04
7.900000000000000000e+01	-8.938563104880122012e-04	8.789441937642320825e-04
8.000000000000000000e+01	-4.051560999998760505e-04	1.423204200000035375e-03
8.100000000000000000e+01	2.527732639183627775e-04	1.589045351785847498e-03
8.200000000000000000e+01	8.493038564829778932e-04	1.382175357739165574e-03
8.300000000000000000e+01	1.198964207005076771e-03	9.193272805862965497e-04
8.400000000000000000e+01	1.222250418971247699e-03	3.929081039675317677e-04
8.500000000000000000e+01	9.686918577373708613e-04	-1.313109237569053548e-05
8.600000000000000000e+01	5.728047014067766266e-04	-1.846792467002785984e-04
8.700000000000000000e+01	1.877847516197849419e-04	-1.037131139459647933e-04
8.800000000000000000e+01	-6.046539999998906868e-05	1.624431000000040623e-04
8.900000000000000000e+01	-1.033911492335627902e-04	4.952523217806477623e-04
9.000000000000000000e+01	4.663395675888298809e-05	7.708874712444707938e-04
9.100000000000000000e+01	3.089203140106355988e-04	9.027778580832968068e-04
9.200000000000000000e+01	5.796299481312516952e-04	8.648608277699191887e-04
9.300000000000000000e+01	7.742566568242990194e-04	6.943372942220510770e-04
9.400000000000000000e+01	8.407355532908809999e-04	4.608069369572208134e-04
9.500000000000000000e+01	7.754501616996201758e-04	2.459059512408606958e-04
9.600000000000000000e+01	6.191300728161699398e-04	1.127462876989546197e-04
9.700000000000000000e+01	4.400208921304732878e-04	8.742906634010256617e-05
9.800000000000000000e+01	2.975538000000124586e-04	1.563071999999762220e-04
9.900000000000000000e+01	2.323229449694680750e-04	2.783443292616648930e-04
1.000000000000000000e+02	2.540875060259858791e-04	4.000666246405791440e-04
1.010000000000000000e+02	3.417376680095376030e-04	4.731193351860628598e-04
1.020000000000000000e+02	4.540064842325784223e-04	4.727436106777443991e-04
1.030000000000000000e+02	5.521640889413424172e-04	4.070213958444562040e-04
1.040000000000000000e+02	6.002282614908120359e-04	2.957218542100922918e-04
1.050000000000000000e+02	5.881792411237933300e-04	1.762492102109884402e-04
1.060000000000000000e+02	5.265970097301519732e-04	8.246440750965997025e-05
1.070000000000000000e+02	4.425654334391748669e-04	3.318372030339532307e-05
