# # Time 	 h_plus 	 h_cross 
# 
-4.090000000000001137e+02	2.739945274561586888e-02	-1.110824540191372306e-01
-4.080000000000001137e+02	1.712425073841705378e-02	-1.131582929887844091e-01
-4.070000000000001137e+02	6.692095722461984669e-03	-1.142888157399787746e-01
-4.060000000000001137e+02	-3.809256618496197847e-03	-1.144631366229020702e-01
-4.050000000000001137e+02	-1.429213873127258179e-02	-1.136773799612521563e-01
-4.040000000000001137e+02	-2.466940634950422206e-02	-1.119344228641904748e-01
-4.030000000000001137e+02	-3.485399681092769125e-02	-1.092459654413235060e-01
-4.020000000000001137e+02	-4.475981707612260857e-02	-1.056312492070701770e-01
-4.010000000000001137e+02	-5.430281092827379114e-02	-1.011181063542175157e-01
-4.000000000000001137e+02	-6.340165091962335353e-02	-9.574192527112622420e-02
-3.990000000000001137e+02	-7.197837503111931268e-02	-8.954516002383314244e-02
-3.980000000000001137e+02	-7.995890674893016414e-02	-8.257728032065395074e-02
-3.970000000000001137e+02	-8.727387059348312714e-02	-7.489456804538492662e-02
-3.960000000000001137e+02	-9.385864890207792910e-02	-6.655998590748510302e-02
-3.950000000000001137e+02	-9.965465980288669423e-02	-5.764221104805129087e-02
-3.940000000000001137e+02	-1.046096928569270196e-01	-4.821528859722195443e-02
-3.930000000000001137e+02	-1.086785072650688772e-01	-3.835761351386225704e-02
-3.920000000000001137e+02	-1.118231205711540666e-01	-2.815188684215230025e-02
-3.910000000000001137e+02	-1.140131841185357126e-01	-1.768415117457181399e-02
-3.900000000000001137e+02	-1.152262768106146890e-01	-7.043055718473091240e-03
-3.890000000000001137e+02	-1.154481285507244215e-01	3.680639867656778762e-03
-3.880000000000001137e+02	-1.146728238157241758e-01	1.439509700065675843e-02
-3.870000000000001137e+02	-1.129020352815320455e-01	2.500780727213217439e-02
-3.860000000000001137e+02	-1.101464323183368316e-01	3.542626955922070081e-02
-3.850000000000001137e+02	-1.064270827139887077e-01	4.555954122801371409e-02
-3.840000000000001137e+02	-1.017721989377377984e-01	5.531850910762895618e-02
-3.830000000000001137e+02	-9.621823832513838604e-02	6.461668933714841134e-02
-3.820000000000001137e+02	-8.980962794926389270e-02	7.337106227742037912e-02
-3.810000000000001137e+02	-8.259845511084042136e-02	8.150278484535224133e-02
-3.800000000000001137e+02	-7.464399986691389044e-02	8.893796580008177244e-02
-3.790000000000001137e+02	-6.601223445286227842e-02	9.560823286282435496e-02
-3.780000000000001137e+02	-5.677614807873333086e-02	1.014507603305118133e-01
-3.770000000000001137e+02	-4.701448365975673116e-02	1.064103936197627887e-01
-3.760000000000001137e+02	-3.681066630434083609e-02	1.104391986544326631e-01
-3.750000000000001137e+02	-2.625310384757970766e-02	1.134968820053883221e-01
-3.740000000000001137e+02	-1.543380167003577906e-02	1.155515668288381731e-01
-3.730000000000001137e+02	-4.447699421982431039e-03	1.165815021942537000e-01
-3.720000000000001137e+02	6.608593184214232689e-03	1.165711547839512752e-01
-3.710000000000001137e+02	1.763634068363981178e-02	1.155151077091257639e-01
-3.700000000000001137e+02	2.853656932807418709e-02	1.134174534190215550e-01
-3.690000000000001137e+02	3.921063989627712049e-02	1.102917133354890389e-01
-3.680000000000001137e+02	4.956125224105685512e-02	1.061607992090355668e-01
-3.670000000000001137e+02	5.949332873454674098e-02	1.010568928745450151e-01
-3.660000000000001137e+02	6.891489720683149911e-02	9.502124351529153690e-02
-3.650000000000001137e+02	7.773936384783865228e-02	8.810548542610067979e-02
-3.640000000000001137e+02	8.588255823994991878e-02	8.036625069345966488e-02
-3.630000000000001137e+02	9.326633991088906228e-02	7.186919273866472502e-02
-3.620000000000001137e+02	9.981918502541096971e-02	6.268793773111007439e-02
-3.610000000000001137e+02	1.054766063473338983e-01	5.290307209545436207e-02
-3.600000000000001137e+02	1.101819672853636273e-01	4.260122690050364980e-02
-3.590000000000001137e+02	1.138871401151162338e-01	3.187460344151533259e-02
-3.580000000000001137e+02	1.165529268856914796e-01	2.082039555743741416e-02
-3.570000000000001137e+02	1.181488371899533374e-01	9.538488617947088813e-03
-3.560000000000001137e+02	1.186543821247077329e-01	-1.867984629287443386e-03
-3.550000000000001137e+02	1.180589883843038146e-01	-1.329369993418367049e-02
-3.540000000000001137e+02	1.163622164970748718e-01	-2.463251305857973653e-02
-3.530000000000001137e+02	1.135738471343516881e-01	-3.577818787215797380e-02
-3.520000000000001137e+02	1.097139822728578490e-01	-4.662522770864753474e-02
-3.510000000000001137e+02	1.048108612358380765e-01	-5.706931481759088681e-02
-3.500000000000001137e+02	9.890683181188558715e-02	-6.701064972947144704e-02
-3.490000000000001137e+02	9.205250030043957143e-02	-7.635298515316214785e-02
-3.480000000000001137e+02	8.430721829820417290e-02	-8.500505319330008136e-02
-3.470000000000001137e+02	7.573921280948497925e-02	-9.288121488295227046e-02
-3.460000000000001137e+02	6.642498876771106564e-02	-9.990242173289007321e-02
-3.450000000000001137e+02	5.644823083077200182e-02	-1.059964515768472282e-01
-3.440000000000001137e+02	4.589995671502025004e-02	-1.110978350424823569e-01
-3.430000000000001137e+02	3.487911774187735930e-02	-1.151542058574977212e-01
-3.420000000000001137e+02	2.348869385383532682e-02	-1.181207800600267005e-01
-3.410000000000001137e+02	1.183606420372691412e-02	-1.199628401770528180e-01
-3.400000000000001137e+02	3.182364222579252879e-05	-1.206561950391251414e-01
-3.390000000000001137e+02	-1.181076247328375316e-02	-1.201874903827040431e-01
-3.380000000000001137e+02	-2.357721060902444321e-02	-1.185545319122210672e-01
-3.370000000000001137e+02	-3.515295144319870169e-02	-1.157663781330054709e-01
-3.360000000000001137e+02	-4.642441594324255710e-02	-1.118432573279442288e-01
-3.350000000000001137e+02	-5.727960658477002781e-02	-1.068162345219178522e-01
-3.340000000000001137e+02	-6.761018475672879446e-02	-1.007286071779646686e-01
-3.330000000000001137e+02	-7.731199746878454626e-02	-9.363364716233400775e-02
-3.320000000000001137e+02	-8.628599286797529466e-02	-8.559506581137339698e-02
-3.310000000000001137e+02	-9.443941550594714407e-02	-7.668647721871733880e-02
-3.300000000000001137e+02	-1.016870438028719265e-01	-6.699047845707196969e-02
-3.290000000000001137e+02	-1.079529967445481131e-01	-5.659942919808973183e-02
-3.280000000000001137e+02	-1.131684102616059284e-01	-4.561163937156057641e-02
-3.270000000000001137e+02	-1.172742323288904626e-01	-3.413260066851463159e-02
-3.260000000000001137e+02	-1.202227332846104862e-01	-2.227410262839364316e-02
-3.250000000000001137e+02	-1.219774766249911852e-01	-1.015274323137698061e-02
-3.240000000000001137e+02	-1.225138232761972951e-01	2.111127099140740725e-03
-3.230000000000001137e+02	-1.218211714229310849e-01	1.439529992032650800e-02
-3.220000000000001137e+02	-1.198979543006603865e-01	2.657616994072510910e-02
-3.210000000000001137e+02	-1.167554290742508494e-01	3.853012158006075688e-02
-3.200000000000001137e+02	-1.124179939958541985e-01	5.013458558698333928e-02
-3.190000000000001137e+02	-1.069225198397272814e-01	6.126929149435744043e-02
-3.180000000000001137e+02	-1.003179566961494157e-01	7.181789338990737792e-02
-3.170000000000001137e+02	-9.266509818025740752e-02	8.166889123962392527e-02
-3.160000000000001137e+02	-8.403585589782902598e-02	9.071606516324555447e-02
-3.150000000000001137e+02	-7.451370726465601779e-02	9.886208983947814000e-02
-3.140000000000001137e+02	-6.419107864452591738e-02	1.060178061229650470e-01
-3.130000000000001137e+02	-5.316978660745857316e-02	1.121031236444842150e-01
-3.120000000000001137e+02	-4.155987406776622678e-02	1.170482629684724829e-01
-3.110000000000001137e+02	-2.947793266641882820e-02	1.207947916389535831e-01
-3.100000000000001137e+02	-1.704682662981179750e-02	1.232959389493752111e-01
-3.090000000000001137e+02	-4.394239848585177258e-03	1.245161182945372230e-01
-3.080000000000001137e+02	8.347896026503886374e-03	1.244318643284405418e-01
-3.070000000000001137e+02	2.104597631147786183e-02	1.230406227290004179e-01
-3.060000000000001137e+02	3.356632821460847627e-02	1.203486828439822021e-01
-3.050000000000001137e+02	4.577470944673414643e-02	1.163763540184319517e-01
-3.040000000000001137e+02	5.753956207362082714e-02	1.111576843321045033e-01
-3.030000000000001137e+02	6.873346243430940306e-02	1.047399066004549434e-01
-3.020000000000001137e+02	7.923213817312398100e-02	9.718456430051057582e-02
-3.010000000000001137e+02	8.891836943120394465e-02	8.856599621601124461e-02
-3.000000000000001137e+02	9.768339507007127442e-02	7.897096578428156044e-02
-2.990000000000001137e+02	1.054272517637277751e-01	6.849725159124031570e-02
-2.980000000000001137e+02	1.120595768419040267e-01	5.725220350917892276e-02
-2.970000000000001137e+02	1.175017784965765033e-01	4.535302729640030422e-02
-2.960000000000001137e+02	1.216877067971439269e-01	3.292528075127398174e-02
-2.950000000000001137e+02	1.245642760984148611e-01	2.010109324136935549e-02
-2.940000000000001137e+02	1.260922189316881770e-01	7.018150190791627198e-03
-2.930000000000001137e+02	1.262468371850315740e-01	-6.181356167337598469e-03
-2.920000000000001137e+02	1.250185225651817000e-01	-1.935271601471798275e-02
-2.910000000000001137e+02	1.224128689945034043e-01	-3.235000523813393730e-02
-2.900000000000001137e+02	1.184512176640860198e-01	-4.502896370391683278e-02
-2.890000000000001137e+02	1.131701889883010154e-01	-5.724723212587472937e-02
-2.880000000000001137e+02	1.066211910741842461e-01	-6.886659247630079472e-02
-2.870000000000001137e+02	9.886948424811049796e-02	-7.975418290487069906e-02
-2.860000000000001137e+02	8.999581900604070039e-02	-8.978579524093777131e-02
-2.850000000000001137e+02	8.009399449960252770e-02	-9.884447687750284872e-02
-2.840000000000001137e+02	6.927045937134469755e-02	-1.068243269692473324e-01
-2.830000000000001137e+02	5.764133818341173748e-02	-1.136301196140091646e-01
-2.820000000000001137e+02	4.533393994248358788e-02	-1.191782110559755914e-01
-2.810000000000001137e+02	3.248478312865393097e-02	-1.233992712690948901e-01
-2.800000000000001137e+02	1.923832569474170917e-02	-1.262401046969021112e-01
-2.790000000000001137e+02	5.741509201382622059e-03	-1.276615413390476683e-01
-2.780000000000001137e+02	-7.853569896935684927e-03	-1.276401043118949030e-01
-2.770000000000001137e+02	-2.139236353231449561e-02	-1.261689925485224295e-01
-2.760000000000001137e+02	-3.471840202876846221e-02	-1.232584037429542007e-01
-2.750000000000001137e+02	-4.767935002402053091e-02	-1.189339269398218685e-01
-2.740000000000001137e+02	-6.012390180914537613e-02	-1.132358288706722532e-01
-2.730000000000001137e+02	-7.190776780484614550e-02	-1.062266900816739718e-01
-2.720000000000001137e+02	-8.289234707784901013e-02	-9.798118419738036100e-02
-2.710000000000001137e+02	-9.294740418270823479e-02	-8.858849250467573655e-02
-2.700000000000001137e+02	-1.019521411073075617e-01	-7.815186151485872812e-02
-2.690000000000001137e+02	-1.097964946961627331e-01	-6.678745346629140489e-02
-2.680000000000001137e+02	-1.163839409594992769e-01	-5.462342277908346921e-02
-2.670000000000001137e+02	-1.216320077062665733e-01	-4.179875207362588468e-02
-2.660000000000001137e+02	-1.254733368369187196e-01	-2.846098857369766533e-02
-2.650000000000001137e+02	-1.278571482274430682e-01	-1.476391263731190694e-02
-2.640000000000001137e+02	-1.287489186084408987e-01	-8.662439961667846343e-04
-2.630000000000001137e+02	-1.281315732876420754e-01	1.306952777743821195e-02
-2.620000000000001137e+02	-1.260056266431959227e-01	2.687999116751334239e-02
-2.610000000000001137e+02	-1.223883410479575384e-01	4.040186513606255220e-02
-2.600000000000001137e+02	-1.173158271741567699e-01	5.347430643058772443e-02
-2.590000000000001137e+02	-1.108423342326884525e-01	6.594059283444674013e-02
-2.580000000000001137e+02	-1.030379545777626860e-01	7.765073422869742115e-02
-2.570000000000001137e+02	-9.399018003805763299e-02	8.846109907697245756e-02
-2.560000000000001137e+02	-8.380283391577093843e-02	9.823982742303426219e-02
-2.550000000000001137e+02	-7.259232745076608928e-02	1.068656560299809932e-01
-2.540000000000000000e+02	-6.048758199181284573e-02	1.142291276064173189e-01
-2.530000000000000000e+02	-4.763050184978082774e-02	1.202361869626997481e-01
-2.520000000000000000e+02	-3.417116158790645813e-02	1.248093966372380292e-01
-2.510000000000000000e+02	-2.026833547877343947e-02	1.278875599049625889e-01
-2.500000000000000000e+02	-6.087201952019073367e-03	1.294277901058174529e-01
-2.490000000000000000e+02	8.202791963755656085e-03	1.294034729715667353e-01
-2.480000000000000000e+02	2.242949791230637591e-02	1.278072130422907016e-01
-2.470000000000000000e+02	3.642021070421597173e-02	1.246507486025391076e-01
-2.460000000000000000e+02	5.000428822248616234e-02	1.199660279842948152e-01
-2.450000000000000000e+02	6.301397932386212930e-02	1.138011296328269722e-01
-2.440000000000000000e+02	7.528721905196016084e-02	1.062236238745597056e-01
-2.430000000000000000e+02	8.666930201868046357e-02	9.731937247996266804e-02
-2.420000000000000000e+02	9.701641838180048716e-02	8.719023251218177561e-02
-2.410000000000000000e+02	1.061950569854267917e-01	7.595376609941299761e-02
-2.400000000000000000e+02	1.140862898435655165e-01	6.374331461634483165e-02
-2.390000000000000000e+02	1.205854823498681561e-01	5.070466805369711061e-02
-2.380000000000000000e+02	1.256042958598407311e-01	3.699506536302173132e-02
-2.370000000000000000e+02	1.290716281106854546e-01	2.278125911948489929e-02
-2.360000000000000000e+02	1.309356557398116405e-01	8.237966251070460641e-03
-2.350000000000000000e+02	1.311641455943649281e-01	-6.454778164428151208e-03
-2.340000000000000000e+02	1.297447982972022296e-01	-2.111353965596100835e-02
-2.330000000000000000e+02	1.266856215230712512e-01	-3.555341800905439942e-02
-2.320000000000000000e+02	1.220146945758254636e-01	-4.959133864018839405e-02
-2.310000000000000000e+02	1.157821134731933516e-01	-6.304784366169043086e-02
-2.300000000000000000e+02	1.080573216244637980e-01	-7.574869402314393652e-02
-2.290000000000000000e+02	9.892919764188159992e-02	-8.752768278248472533e-02
-2.280000000000000000e+02	8.850520002909560702e-02	-9.822874260381520006e-02
-2.270000000000000000e+02	7.691014993969420843e-02	-1.077078758422719412e-01
-2.260000000000000000e+02	6.428556010472777360e-02	-1.158351740431199650e-01
-2.250000000000000000e+02	5.078759646540935424e-02	-1.224973815781193742e-01
-2.240000000000000000e+02	3.658444592630993863e-02	-1.275989974414054040e-01
-2.230000000000000000e+02	2.185548181255654934e-02	-1.310634465674210547e-01
-2.220000000000000000e+02	6.788534373346566050e-03	-1.328346981685499528e-01
-2.210000000000000000e+02	-8.422367876956281946e-03	-1.328782618176816699e-01
-2.200000000000000000e+02	-2.357982427856406688e-02	-1.311816952875143605e-01
-2.190000000000000000e+02	-3.848371332807757478e-02	-1.277554252189951889e-01
-2.180000000000000000e+02	-5.293644960480721473e-02	-1.226335708191069879e-01
-2.170000000000000000e+02	-6.674360138538160125e-02	-1.158717107967361243e-01
-2.160000000000000000e+02	-7.971719615633608702e-02	-1.075481637079825220e-01
-2.150000000000000000e+02	-9.167948513503558494e-02	-9.776269642571130958e-02
-2.140000000000000000e+02	-1.024642458679131951e-01	-8.663570738806866678e-02
-2.130000000000000000e+02	-1.119192715413384193e-01	-7.430667433128707033e-02
-2.120000000000000000e+02	-1.199084131763601818e-01	-6.093252990920419027e-02
-2.110000000000000000e+02	-1.263140274260966811e-01	-4.668592828872244332e-02
-2.100000000000000000e+02	-1.310398287671566409e-01	-3.175355571061135723e-02
-2.090000000000000000e+02	-1.340088720149538448e-01	-1.633298573263254963e-02
-2.080000000000000000e+02	-1.351680252565938267e-01	-6.299315969961371197e-04
-2.070000000000000000e+02	-1.344883152927131009e-01	1.514444744235450037e-02
-2.060000000000000000e+02	-1.319645030375774797e-01	3.077490074628152703e-02
-2.050000000000000000e+02	-1.276178303275783132e-01	4.604602332277663024e-02
-2.040000000000000000e+02	-1.214953448224474764e-01	6.074607636041936404e-02
-2.030000000000000000e+02	-1.136687297035533506e-01	7.466681192505898734e-02
-2.020000000000000000e+02	-1.042341039535222696e-01	8.760902905953979469e-02
-2.010000000000000000e+02	-9.331134588771383687e-02	9.938487174181251382e-02
-2.000000000000000000e+02	-8.104166703250938186e-02	1.098216308847366346e-01
-1.990000000000000000e+02	-6.758656486451980472e-02	1.187631174853235327e-01
-1.980000000000000000e+02	-5.312565533001656348e-02	1.260720739135375301e-01
-1.970000000000000000e+02	-3.785507850959726056e-02	1.316337639323909292e-01
-1.960000000000000000e+02	-2.198429775504853398e-02	1.353560612584269462e-01
-1.950000000000000000e+02	-5.733754582457521211e-03	1.371718154685342972e-01
-1.940000000000000000e+02	1.066784442037386170e-02	1.370402474577266383e-01
-1.930000000000000000e+02	2.698700975577107350e-02	1.349468290992653363e-01
-1.920000000000000000e+02	4.298927821244577507e-02	1.309054150326367516e-01
-1.910000000000000000e+02	5.844152569309733758e-02	1.249579330588508203e-01
-1.900000000000000000e+02	7.311567644524327725e-02	1.171742559387540933e-01
-1.890000000000000000e+02	8.679296252772875087e-02	1.076526380610395434e-01
-1.880000000000000000e+02	9.926553191145998101e-02	9.651707669181396054e-02
-1.870000000000000000e+02	1.103410235544695639e-01	8.391653250868022496e-02
-1.860000000000000000e+02	1.198447984251156395e-01	7.002359734183549733e-02
-1.850000000000000000e+02	1.276233628740821302e-01	5.503181934218338844e-02
-1.840000000000000000e+02	1.335467586346699431e-01	3.915344330713468185e-02
-1.830000000000000000e+02	1.375111331454421104e-01	2.261637866141100184e-02
-1.820000000000000000e+02	1.394422247004418747e-01	5.660782335418449579e-03
-1.810000000000000000e+02	1.392893955664475658e-01	-1.146360049436941780e-02
-1.800000000000000000e+02	1.370357932534016498e-01	-2.850054980554648718e-02
-1.790000000000000000e+02	1.326974486181099755e-01	-4.519196013453300603e-02
-1.780000000000000000e+02	1.263196875863879798e-01	-6.128161437181540994e-02
-1.770000000000000000e+02	1.179797176697541666e-01	-7.651821261250249528e-02
-1.760000000000000000e+02	1.077860856895693775e-01	-9.066034460515803861e-02
-1.750000000000000000e+02	9.587703896301337514e-02	-1.034790041375809044e-01
-1.740000000000000000e+02	8.241952009147583691e-02	-1.147627270099795260e-01
-1.730000000000000000e+02	6.760810364016991980e-02	-1.243219129394596417e-01
-1.720000000000000000e+02	5.166022524958599482e-02	-1.319902750420816062e-01
-1.710000000000000000e+02	3.481472973103372920e-02	-1.376283049063895259e-01
-1.700000000000000000e+02	1.732827537791577568e-02	-1.411261065443351892e-01
-1.690000000000000000e+02	-5.283383724011040360e-04	-1.424063106505220333e-01
-1.680000000000000000e+02	-1.847432187643914189e-02	-1.414259307655193754e-01
-1.670000000000000000e+02	-3.622336964978424556e-02	-1.381771730482314331e-01
-1.660000000000000000e+02	-5.348739395924711343e-02	-1.326875866951984506e-01
-1.650000000000000000e+02	-6.998189312394159645e-02	-1.250233909304417357e-01
-1.640000000000000000e+02	-8.543109115842201229e-02	-1.152864111512062195e-01
-1.630000000000000000e+02	-9.957199699007213134e-02	-1.036132909862879647e-01
-1.620000000000000000e+02	-1.121582253621761227e-01	-9.017488265161942296e-02
-1.610000000000000000e+02	-1.229630093603285151e-01	-7.517264315000317387e-02
-1.600000000000000000e+02	-1.317893170290286575e-01	-5.884014980380820187e-02
-1.590000000000000000e+02	-1.384688932619894119e-01	-4.143525977731490895e-02
-1.580000000000000000e+02	-1.428664143066567804e-01	-2.323782927679776678e-02
-1.570000000000000000e+02	-1.448827278725160761e-01	-4.545642295948009934e-03
-1.560000000000000000e+02	-1.444573919903637538e-01	1.433013893075079509e-02
-1.550000000000000000e+02	-1.415708765132145663e-01	3.307071857404655230e-02
-1.540000000000000000e+02	-1.362456171148587469e-01	5.135320533261177739e-02
-1.530000000000000000e+02	-1.285453470133345877e-01	6.885712211950403838e-02
-1.520000000000000000e+02	-1.185772182216912468e-01	8.527078066846582871e-02
-1.510000000000000000e+02	-1.064905303171749529e-01	1.002974789762704072e-01
-1.500000000000000000e+02	-9.247260529454731648e-02	1.136590654057881289e-01
-1.490000000000000000e+02	-7.674777731678991688e-02	1.251016019437542759e-01
-1.480000000000000000e+02	-5.957503538822823269e-02	1.344014257944118607e-01
-1.470000000000000000e+02	-4.124488097162894856e-02	1.413696707346471793e-01
-1.460000000000000000e+02	-2.207133116356388078e-02	1.458576065824288281e-01
-1.450000000000000000e+02	-2.388136368641126210e-03	1.477560221594022005e-01
-1.440000000000000000e+02	1.745519068464801773e-02	1.470017487608153428e-01
-1.430000000000000000e+02	3.710030230378691396e-02	1.435789049396807571e-01
-1.420000000000000000e+02	5.618497914135792831e-02	1.375208830876913924e-01
-1.410000000000000000e+02	7.435235274996743193e-02	1.289106146831938970e-01
-1.400000000000000000e+02	9.125825588386993203e-02	1.178747172180607122e-01
-1.390000000000000000e+02	1.065772559349118659e-01	1.045939111501272556e-01
-1.380000000000000000e+02	1.200081195070734769e-01	8.929137809635900869e-02
-1.370000000000000000e+02	1.312794329576460750e-01	7.223044672873042693e-02
-1.360000000000000000e+02	1.401560398210000280e-01	5.371131599360415981e-02
-1.350000000000000000e+02	1.464434826510292997e-01	3.406718447164344687e-02
-1.340000000000000000e+02	1.499933096110413200e-01	1.365742019571856460e-02
-1.330000000000000000e+02	1.507067021337730461e-01	-7.137836667026482493e-03
-1.320000000000000000e+02	1.485381803848684901e-01	-2.792482467174454974e-02
-1.310000000000000000e+02	1.434955656465300711e-01	-4.830336607968088725e-02
-1.300000000000000000e+02	1.356426501982644917e-01	-6.787397667465509821e-02
-1.290000000000000000e+02	1.250996053117126583e-01	-8.624560930057950658e-02
-1.280000000000000000e+02	1.120397910412458259e-01	-1.030458218486459965e-01
-1.270000000000000000e+02	9.668828001664168947e-02	-1.179236306028204617e-01
-1.260000000000000000e+02	7.932270351595455127e-02	-1.305626066657450957e-01
-1.250000000000000000e+02	6.026349418395368640e-02	-1.406841656174288580e-01
-1.240000000000000000e+02	3.987061900074278381e-02	-1.480546606197933046e-01
-1.230000000000000000e+02	1.853617342279156172e-02	-1.524913222127490808e-01
-1.220000000000000000e+02	-3.318777966195441114e-03	-1.538664143370820359e-01
-1.210000000000000000e+02	-2.525575712768236836e-02	-1.521137053652090454e-01
-1.200000000000000000e+02	-4.682664234325119301e-02	-1.472284250715824305e-01
-1.190000000000000000e+02	-6.758157725232166735e-02	-1.392684846103412755e-01
-1.180000000000000000e+02	-8.707884633184635736e-02	-1.283581793179703057e-01
-1.170000000000000000e+02	-1.048941150151125462e-01	-1.146859834093336139e-01
-1.160000000000000000e+02	-1.206307124997006430e-01	-9.850138997692957366e-02
-1.150000000000000000e+02	-1.339272712233294527e-01	-8.011195993883100941e-02
-1.140000000000000000e+02	-1.444669862401706806e-01	-5.987840511487559775e-02
-1.130000000000000000e+02	-1.519852852224187478e-01	-3.820833299772802977e-02
-1.120000000000000000e+02	-1.562770214612984876e-01	-1.554862399982821948e-02
-1.110000000000000000e+02	-1.572024859510434414e-01	7.623602427124660449e-03
-1.100000000000000000e+02	-1.546923206894406100e-01	3.080930564376163638e-02
-1.090000000000000000e+02	-1.487504006527806122e-01	5.349823253028763298e-02
-1.080000000000000000e+02	-1.394572305870908080e-01	7.517815121978865811e-02
-1.070000000000000000e+02	-1.269722421047394800e-01	9.534916721466396572e-02
-1.060000000000000000e+02	-1.115281571488249690e-01	1.135344486371910461e-01
-1.050000000000000000e+02	-9.342852105543353325e-02	1.292911508713245894e-01
-1.040000000000000000e+02	-7.304646113683112285e-02	1.422210141298412833e-01
-1.030000000000000000e+02	-5.081651630484172733e-02	1.519820269468601659e-01
-1.020000000000000000e+02	-2.722427538858875756e-02	1.582984573621618596e-01
-1.010000000000000000e+02	-2.799259127705243204e-03	1.609677069061533350e-01
-1.000000000000000000e+02	2.189557423155202159e-02	1.598647481900980216e-01
-9.900000000000000000e+01	4.627757829831542075e-02	1.549589498170798885e-01
-9.800000000000000000e+01	6.975799164090827620e-02	1.463077924438734578e-01
-9.700000000000000000e+01	9.175600413106957398e-02	1.340579629399089312e-01
-9.600000000000000000e+01	1.117113354235182709e-01	1.184495496352391541e-01
-9.500000000000000000e+01	1.291024325073904244e-01	9.981299086673918464e-02
-9.400000000000000000e+01	1.434593305001802821e-01	7.855994909998537112e-02
-9.300000000000000000e+01	1.543779313425595601e-01	5.517841365401903592e-02
-9.200000000000000000e+01	1.615302194395751012e-01	3.021936482101642701e-02
-9.100000000000000000e+01	1.646734296049835178e-01	4.287205756010144773e-03
-9.000000000000000000e+01	1.636639454418010176e-01	-2.197576629815208710e-02
-8.900000000000000000e+01	1.584621205493664808e-01	-4.790383716808883224e-02
-8.800000000000000000e+01	1.491310608249205583e-01	-7.282216366982913192e-02
-8.700000000000000000e+01	1.358448634020575918e-01	-9.606697346393301695e-02
-8.600000000000000000e+01	1.188858359155582634e-01	-1.170004245423690581e-01
-8.500000000000000000e+01	9.864155661532551800e-02	-1.350321988515853222e-01
-8.400000000000000000e+01	7.559532414468583816e-02	-1.496341966306450888e-01
-8.300000000000000000e+01	5.031756047953098859e-02	-1.603569284228366365e-01
-8.200000000000000000e+01	2.345353702397858300e-02	-1.668455576150504605e-01
-8.100000000000000000e+01	-4.290705932596290684e-03	-1.688516590215297375e-01
-8.000000000000000000e+01	-3.216787008339690862e-02	-1.662426137937549342e-01
-7.900000000000000000e+01	-5.940782806992053744e-02	-1.590091332935662238e-01
-7.800000000000000000e+01	-8.523826411512598622e-02	-1.472713052743270523e-01
-7.700000000000000000e+01	-1.089048609901415721e-01	-1.312755458796980579e-01
-7.600000000000000000e+01	-1.296957460205030999e-01	-1.114015014931377667e-01
-7.500000000000000000e+01	-1.469654187566152292e-01	-8.814940820846735303e-02
-7.400000000000000000e+01	-1.601487449500870464e-01	-6.212553986302817716e-02
-7.300000000000000000e+01	-1.687826419682061097e-01	-3.403611079625125380e-02
-7.200000000000000000e+01	-1.725294485240686237e-01	-4.667742770360141027e-03
-7.100000000000000000e+01	-1.711836573669479888e-01	2.513203893897248201e-02
-7.000000000000000000e+01	-1.646863107700893281e-01	5.448122172024334048e-02
-6.900000000000000000e+01	-1.531266064824799433e-01	8.248239642810888117e-02
-6.800000000000000000e+01	-1.367562145006660235e-01	1.082550262723556422e-01
-6.700000000000000000e+01	-1.159759867206901635e-01	1.309574885801156330e-01
-6.600000000000000000e+01	-9.133786510190833319e-02	1.498152478258508169e-01
-6.500000000000000000e+01	-6.353225228196987540e-02	1.641518591736540744e-01
-6.400000000000000000e+01	-3.337321000948353239e-02	1.734118534619052410e-01
-6.300000000000000000e+01	-1.774717372073619185e-03	1.771796460134001105e-01
-6.200000000000000000e+01	3.026878789735012315e-02	1.752038996029495754e-01
-6.100000000000000000e+01	6.171426576970424904e-02	1.674117526923001864e-01
-6.000000000000000000e+01	9.149925395902552827e-02	1.539184445029976867e-01
-5.900000000000000000e+01	1.185779296829828078e-01	1.350378655488781721e-01
-5.800000000000000000e+01	1.419556379209979680e-01	1.112767066546104661e-01
-5.700000000000000000e+01	1.607265764386424933e-01	8.333070578336398970e-02
-5.600000000000000000e+01	1.741092661736043101e-01	5.206879351621761937e-02
-5.500000000000000000e+01	1.814837104569773929e-01	1.851246292193403989e-02
-5.400000000000000000e+01	1.824207689172144542e-01	-1.619600028297979791e-02
-5.300000000000000000e+01	1.767064727190087170e-01	-5.082620548858447079e-02
-5.200000000000000000e+01	1.643565087604110797e-01	-8.409798628344902771e-02
-5.100000000000000000e+01	1.456352140388689487e-01	-1.147243720696464048e-01
-5.000000000000000000e+01	1.210675215637248836e-01	-1.414525816662498270e-01
-4.900000000000000000e+01	9.142318452385357619e-02	-1.631327293224029140e-01
-4.800000000000000000e+01	5.770898495197174932e-02	-1.787611768192557127e-01
-4.700000000000000000e+01	2.113820978263673822e-02	-1.875291987134595217e-01
-4.600000000000000000e+01	-1.690621398353807717e-02	-1.888609334656138061e-01
-4.500000000000000000e+01	-5.491317097831508592e-02	-1.824599427766914195e-01
-4.400000000000000000e+01	-9.129778174698301163e-02	-1.683344508751021262e-01
-4.300000000000000000e+01	-1.244638054087867096e-01	-1.468215224856612711e-01
-4.200000000000000000e+01	-1.528723379685885952e-01	-1.185905181568972927e-01
-4.100000000000000000e+01	-1.751133767787630968e-01	-8.464059207000233787e-02
-4.000000000000000000e+01	-1.899833385865661861e-01	-4.628024470526228423e-02
-3.900000000000000000e+01	-1.965429869277784125e-01	-5.081469091293144835e-03
-3.800000000000000000e+01	-1.941829570183152553e-01	3.716642291421287658e-02
-3.700000000000000000e+01	-1.826751314380476998e-01	7.852335853842565272e-02
-3.600000000000000000e+01	-1.622181358003697560e-01	1.169796767752044192e-01
-3.500000000000000000e+01	-1.334618697771551288e-01	1.505510085634697848e-01
-3.400000000000000000e+01	-9.751335092276419703e-02	1.773906822054773513e-01
-3.300000000000000000e+01	-5.588898641613148505e-02	1.958686191078793937e-01
-3.200000000000000000e+01	-1.049794841990853503e-02	2.046932695857133222e-01
-3.100000000000000000e+01	3.643839606528923719e-02	2.030007474937440826e-01
-3.000000000000000000e+01	8.247918513428481591e-02	1.904220943784646070e-01
-2.900000000000000000e+01	1.250672622545980495e-01	1.671689741429380205e-01
-2.800000000000000000e+01	1.616759584003869821e-01	1.340622248001710204e-01
-2.700000000000000000e+01	1.899256688096208345e-01	9.253475489730488002e-02
-2.600000000000000000e+01	2.077739517871830532e-01	4.462757087554811847e-02
-2.500000000000000000e+01	2.136594048756156328e-01	-7.100120857359463501e-03
-2.400000000000000000e+01	2.066297150954172490e-01	-5.965359035590914183e-02
-2.300000000000000000e+01	1.864854451051605189e-01	-1.097698859418507894e-01
-2.200000000000000000e+01	1.538521916497497810e-01	-1.540935343485498876e-01
-2.100000000000000000e+01	1.102500040452854130e-01	-1.893749369702235341e-01
-2.000000000000000000e+01	5.805329972037392983e-02	-2.127433873988992252e-01
-1.900000000000000000e+01	4.451440946203006005e-04	-2.219149408995976236e-01
-1.800000000000000000e+01	-5.871307585296499376e-02	-2.154316198657343917e-01
-1.700000000000000000e+01	-1.151204196770739957e-01	-1.928857458643638001e-01
-1.600000000000000000e+01	-1.642964525809867682e-01	-1.550616519876015509e-01
-1.500000000000000000e+01	-2.019181228112102711e-01	-1.040427077699426078e-01
-1.400000000000000000e+01	-2.242160413669052332e-01	-4.320572317828864223e-02
-1.300000000000000000e+01	-2.283619975739419050e-01	2.291871542365921111e-02
-1.200000000000000000e+01	-2.128438554605396882e-01	8.887620974313473199e-02
-1.100000000000000000e+01	-1.778112654509023394e-01	1.486854709574223776e-01
-1.000000000000000000e+01	-1.252766631515680740e-01	1.963396199278074628e-01
-9.000000000000000000e+00	-5.917724414170307673e-02	2.263749308304865426e-01
-8.000000000000000000e+00	1.470212949480489278e-02	2.345378039212743237e-01
-7.000000000000000000e+00	8.906158955838733293e-02	2.184486993922103437e-01
-6.000000000000000000e+00	1.557480502695188507e-01	1.781924520450820781e-01
-5.000000000000000000e+00	2.065771029567307071e-01	1.167106610100035746e-01
-4.000000000000000000e+00	2.343527382026146244e-01	3.981894568254449457e-02
-3.000000000000000000e+00	2.339242880051406459e-01	-4.399676936412932199e-02
-2.000000000000000000e+00	2.032701095282309356e-01	-1.242696421279497337e-01
-1.000000000000000000e+00	1.443491662655696228e-01	-1.897253648565064843e-01
0.000000000000000000e+00	6.352456634353553788e-02	-2.297834048494719339e-01
1.000000000000000000e+00	-2.849842615639068891e-02	-2.364240445912475508e-01
2.000000000000000000e+00	-1.177053305228929619e-01	-2.061970111236596515e-01
3.000000000000000000e+00	-1.888574773655946060e-01	-1.417826651592724307e-01
4.000000000000000000e+00	-2.282954403945539890e-01	-5.240355802636719601e-02
5.000000000000000000e+00	-2.268181025262782091e-01	4.700159734641878168e-02
6.000000000000000000e+00	-1.821601177867125387e-01	1.377651601840967632e-01
7.000000000000000000e+00	-1.009590155254161681e-01	2.005783536391152200e-01
8.000000000000000000e+00	6.826941508244528277e-04	2.201579666423701398e-01
9.000000000000000000e+00	9.996819168054431326e-02	1.907129966164340107e-01
1.000000000000000000e+01	1.735094402471112629e-01	1.187568232539492064e-01
1.100000000000000000e+01	2.035779649891919785e-01	2.147926458460795024e-02
1.200000000000000000e+01	1.826180405345867730e-01	-7.688641909788283824e-02
1.300000000000000000e+01	1.166023452633755397e-01	-1.502537418970817384e-01
1.400000000000000000e+01	2.516368373944637138e-02	-1.791376665327631124e-01
1.500000000000000000e+01	-6.492328490009696695e-02	-1.583020159151664885e-01
1.600000000000000000e+01	-1.293352614658649369e-01	-9.720703282860909678e-02
1.700000000000000000e+01	-1.523356076921504876e-01	-1.523794876959412049e-02
1.800000000000000000e+01	-1.302656662155521339e-01	6.314733400212764469e-02
1.900000000000000000e+01	-7.326086763331426943e-02	1.150994936298696814e-01
2.000000000000000000e+01	-1.747233515042592071e-03	1.279667978525269867e-01
2.100000000000000000e+01	6.194806107939149209e-02	1.025731461854648141e-01
2.200000000000000000e+01	1.003066531787490806e-01	5.008421930703768621e-02
2.300000000000000000e+01	1.041998711878410061e-01	-1.164045321912264737e-02
2.400000000000000000e+01	7.561565792129891495e-02	-6.253390783670698116e-02
2.500000000000000000e+01	2.720315124603262316e-02	-8.772138451066442688e-02
2.600000000000000000e+01	-2.351488254134270067e-02	-8.269792313950945217e-02
2.700000000000000000e+01	-6.057666124203087837e-02	-5.268305177826417690e-02
2.800000000000000000e+01	-7.374481191883408560e-02	-9.866294829735203567e-03
2.900000000000000000e+01	-6.147462297605274517e-02	3.019667271117825597e-02
3.000000000000000000e+01	-3.126062560266797130e-02	5.456484825112162262e-02
3.100000000000000000e+01	4.459986695530285261e-03	5.776851407237859615e-02
3.200000000000000000e+01	3.351808140670615305e-02	4.199350283893409086e-02
3.300000000000000000e+01	4.759293634278927848e-02	1.498199402865086315e-02
3.400000000000000000e+01	4.438255191632140689e-02	-1.281371344548252154e-02
3.500000000000000000e+01	2.772880412226326474e-02	-3.226840665660232060e-02
3.600000000000000000e+01	5.036842283319888959e-03	-3.871275463603113254e-02
3.700000000000000000e+01	-1.578474513486221448e-02	-3.216223440754838181e-02
3.800000000000000000e+01	-2.852350886431785984e-02	-1.646342181989466497e-02
3.900000000000000000e+01	-3.034742339670527811e-02	2.106236011987534709e-03
4.000000000000000000e+01	-2.233585836702451852e-02	1.728285502786787095e-02
4.100000000000000000e+01	-8.392028950731886608e-03	2.489596927617270319e-02
4.200000000000000000e+01	6.339017760331069548e-03	2.355633764545452674e-02
4.300000000000000000e+01	1.700492633194243541e-02	1.479030364012117252e-02
4.400000000000000000e+01	2.063785281077537559e-02	2.449373238606077086e-03
4.500000000000000000e+01	1.702563708435419348e-02	-8.930576198370001814e-03
4.600000000000000000e+01	8.324637194909898300e-03	-1.582485971897178503e-02
4.700000000000000000e+01	-1.955418031516751448e-03	-1.657045365479753798e-02
4.800000000000000000e+01	-1.016745745516747443e-02	-1.173847801693915158e-02
4.900000000000000000e+01	-1.386648544619667293e-02	-3.786336006597969088e-03
5.000000000000000000e+01	-1.255258964757707818e-02	4.149429574762875800e-03
5.100000000000000000e+01	-7.451430713242369018e-03	9.510075557048433201e-03
5.200000000000000000e+01	-8.119991802411977155e-04	1.095686859447124982e-02
5.300000000000000000e+01	4.948973540397684674e-03	8.634907663753115664e-03
5.400000000000000000e+01	8.121109887388988299e-03	3.938068460229255177e-03
5.500000000000000000e+01	8.135956973233174350e-03	-1.247515523733332783e-03
5.600000000000000000e+01	5.483588158159345173e-03	-5.232812947953582698e-03
5.700000000000000000e+01	1.390983957299490046e-03	-6.936060167691168211e-03
5.800000000000000000e+01	-2.635405111936342526e-03	-6.147809139515487444e-03
5.900000000000000000e+01	-5.348419583702359106e-03	-3.489295455096855063e-03
6.000000000000000000e+01	-6.093146701765166616e-03	-5.199462258394068394e-05
6.100000000000000000e+01	-4.903143674067723945e-03	2.986628250773358962e-03
6.200000000000000000e+01	-2.413500045813493904e-03	4.699230802860542358e-03
6.300000000000000000e+01	3.799042141737372035e-04	4.706598418332532015e-03
6.400000000000000000e+01	2.522820641592044087e-03	3.254746346757913383e-03
6.500000000000000000e+01	3.406951243516804020e-03	1.018381376852302896e-03
6.600000000000000000e+01	2.908252694819016618e-03	-1.165025675954551318e-03
6.700000000000000000e+01	1.378132074167737284e-03	-2.565977789431943962e-03
6.800000000000000000e+01	-5.125402383071765320e-04	-2.832028079813532408e-03
6.900000000000000000e+01	-2.086935299092048703e-03	-2.052082056251234785e-03
7.000000000000000000e+01	-2.883058516804610366e-03	-6.429836609426447646e-04
7.100000000000000000e+01	-2.764889152202264656e-03	8.488755015554561500e-04
7.200000000000000000e+01	-1.902919321012987120e-03	1.927832949430469773e-03
7.300000000000000000e+01	-6.957073241051453354e-04	2.315929207657612884e-03
7.400000000000000000e+01	4.257231031653329690e-04	2.005169538749227744e-03
7.500000000000000000e+01	1.129631363676702333e-03	1.204307671974845940e-03
7.600000000000000000e+01	1.258254949205618719e-03	2.359482062619845005e-04
7.700000000000000000e+01	8.645595736945062759e-04	-5.641763660650288758e-04
7.800000000000000000e+01	1.487688096020145750e-04	-9.665785857788908352e-04
7.900000000000000000e+01	-6.055482541793777646e-04	-8.849087076730201241e-04
8.000000000000000000e+01	-1.134872944176347660e-03	-4.196367049626702488e-04
8.100000000000000000e+01	-1.309934565970729279e-03	2.267797722038763413e-04
8.200000000000000000e+01	-1.092003976900495638e-03	8.224851617947729699e-04
8.300000000000000000e+01	-6.161601037903034284e-04	1.188075531927947461e-03
8.400000000000000000e+01	-5.293805484843567589e-05	1.233538397676769071e-03
8.500000000000000000e+01	4.080193026582969954e-04	9.856427971595266551e-04
8.600000000000000000e+01	6.375539895932312660e-04	5.724724528652147060e-04
8.700000000000000000e+01	6.060644664557249739e-04	1.560111447716815212e-04
8.800000000000000000e+01	3.755711169638881728e-04	-1.271906738323714723e-04
8.900000000000000000e+01	6.546723305183312330e-05	-2.105226782717487314e-04
9.000000000000000000e+01	-2.046892850759057304e-04	-9.521617497742597208e-05
9.100000000000000000e+01	-3.431605592857360108e-04	1.484520664270301440e-04
9.200000000000000000e+01	-3.152152030659381254e-04	4.243732604136783303e-04
9.300000000000000000e+01	-1.396287600781130102e-04	6.318384624147132004e-04
9.400000000000000000e+01	1.119129833758089870e-04	7.194350524915425109e-04
9.500000000000000000e+01	3.610041247773557128e-04	6.715240480751715054e-04
9.600000000000000000e+01	5.438522713024555953e-04	5.239517825466599981e-04
9.700000000000000000e+01	6.223887409659815831e-04	3.317265149155963419e-04
9.800000000000000000e+01	5.915391221464958013e-04	1.567194550633736901e-04
9.900000000000000000e+01	4.910969000000052964e-04	5.061449999994831878e-05
1.000000000000000000e+02	3.717945015803712024e-04	3.324202392534299395e-05
1.010000000000000000e+02	2.836847544810812112e-04	9.374012367509916739e-05
1.020000000000000000e+02	2.589730097644372671e-04	1.965697443966108750e-04
1.030000000000000000e+02	3.077300366193522273e-04	2.976281669692775736e-04
1.040000000000000000e+02	4.109066754778368581e-04	3.566196513260276937e-04
1.050000000000000000e+02	5.286656745485308504e-04	3.523663464718544149e-04
1.060000000000000000e+02	6.319617994530167017e-04	2.955470701461734915e-04
1.070000000000000000e+02	6.954547075856312276e-04	2.034526820513576559e-04
