# # Time 	 h_plus 	 h_cross 
# 
-4.090000000000000000e+02	2.558294486499061715e-02	-1.232879510967268416e-01
-4.080000000000000000e+02	1.580925578361427539e-02	-1.250886553707336590e-01
-4.070000000000000000e+02	5.905903712499705610e-03	-1.261185244503924829e-01
-4.060000000000000000e+02	-4.066642903926761220e-03	-1.263680572538656011e-01
-4.050000000000000000e+02	-1.404714364292078931e-02	-1.258326830784325390e-01
-4.040000000000000000e+02	-2.397349459228146837e-02	-1.245119646940200941e-01
-4.030000000000000000e+02	-3.378433107574585481e-02	-1.224105572339133086e-01
-4.020000000000000000e+02	-4.341940742805580622e-02	-1.195375935180233024e-01
-4.010000000000000000e+02	-5.281862957105712408e-02	-1.159067531130335421e-01
-4.000000000000000000e+02	-6.192269903527496816e-02	-1.115364589376921373e-01
-3.990000000000000000e+02	-7.067355247009417252e-02	-1.064498773247549990e-01
-3.980000000000000000e+02	-7.901515439183698364e-02	-1.006748309025363303e-01
-3.970000000000000000e+02	-8.689289337276408232e-02	-9.424285749451780103e-02
-3.960000000000000000e+02	-9.425464768358955692e-02	-8.719025833542713710e-02
-3.950000000000000000e+02	-1.010510562452918010e-01	-7.955748466116038808e-02
-3.940000000000000000e+02	-1.072348821745636727e-01	-7.138906285042109778e-02
-3.930000000000000000e+02	-1.127639747942420084e-01	-6.273419504575505901e-02
-3.920000000000000000e+02	-1.175998906837217445e-01	-5.364544885373545569e-02
-3.910000000000000000e+02	-1.217081619099217166e-01	-4.417812577388630091e-02
-3.900000000000000000e+02	-1.250587487065677184e-01	-3.439063952428322857e-02
-3.890000000000000000e+02	-1.276263076775856764e-01	-2.434419238910185551e-02
-3.880000000000000000e+02	-1.293905426347782828e-01	-1.410183822630949220e-02
-3.870000000000000000e+02	-1.303368401530734522e-01	-3.728277449405285014e-03
-3.860000000000000000e+02	-1.304551015459427254e-01	6.710731500776072680e-03
-3.850000000000000000e+02	-1.297400530188349554e-01	1.714862782813444259e-02
-3.840000000000000000e+02	-1.281924215906455056e-01	2.751796732203509732e-02
-3.830000000000000000e+02	-1.258190142969762004e-01	3.775261453577907073e-02
-3.820000000000000000e+02	-1.226304881051061280e-01	4.778678450718894938e-02
-3.810000000000000000e+02	-1.186423079911929079e-01	5.755445648518879576e-02
-3.800000000000000000e+02	-1.138752976539769285e-01	6.699224901354167150e-02
-3.790000000000000000e+02	-1.083554687809080846e-01	7.603808404123003906e-02
-3.780000000000000000e+02	-1.021140911075540114e-01	8.463183915578990912e-02
-3.770000000000000000e+02	-9.518711456215123157e-02	9.271572607075279082e-02
-3.760000000000000000e+02	-8.761528398844850574e-02	1.002344081542578119e-01
-3.750000000000000000e+02	-7.944389111681179894e-02	1.071357194650014028e-01
-3.740000000000000000e+02	-7.072247147894809849e-02	1.133709103826603531e-01
-3.730000000000000000e+02	-6.150392663883025302e-02	1.188954261219770381e-01
-3.720000000000000000e+02	-5.184672684926363434e-02	1.236690287693771595e-01
-3.710000000000000000e+02	-4.181246929413538760e-02	1.276558923960401937e-01
-3.700000000000000000e+02	-3.146572427753825674e-02	1.308253226178861806e-01
-3.690000000000000000e+02	-2.087340738610994964e-02	1.331520287963786353e-01
-3.680000000000000000e+02	-1.010418391214594480e-02	1.346160387777865786e-01
-3.670000000000000000e+02	7.715084592349524340e-04	1.351997308209361703e-01
-3.660000000000000000e+02	1.168183563727894642e-02	1.348975970491549936e-01
-3.650000000000000000e+02	2.255460704239040451e-02	1.337074809640514672e-01
-3.640000000000000000e+02	3.331748464571226281e-02	1.316330667722563075e-01
-3.630000000000000000e+02	4.389839418280568062e-02	1.286839094205521339e-01
-3.620000000000000000e+02	5.422617727217710765e-02	1.248753545117416569e-01
-3.610000000000000000e+02	6.423090782838987434e-02	1.202284945205139843e-01
-3.600000000000000000e+02	7.384498136161060655e-02	1.147696701665094077e-01
-3.590000000000000000e+02	8.300145742559418560e-02	1.085315720914087761e-01
-3.580000000000000000e+02	9.163641547919212926e-02	1.015522991205336789e-01
-3.570000000000000000e+02	9.968924385051423920e-02	9.387513712491316054e-02
-3.560000000000000000e+02	1.071028074181587242e-01	8.554817804911254986e-02
-3.550000000000000000e+02	1.138234693535492559e-01	7.662506690391854280e-02
-3.540000000000000000e+02	1.198023210031062408e-01	6.716374320512527585e-02
-3.530000000000000000e+02	1.249954933911408689e-01	5.722594227931727257e-02
-3.520000000000000000e+02	1.293657790535440721e-01	4.687766901718898316e-02
-3.510000000000000000e+02	1.328786065168858221e-01	3.618680503702631501e-02
-3.500000000000000000e+02	1.355063402222506930e-01	2.522441883557703310e-02
-3.490000000000000000e+02	1.372271657567891157e-01	1.406450924838943510e-02
-3.480000000000000000e+02	1.380255578291183782e-01	2.782992734067769001e-03
-3.470000000000000000e+02	1.378924526260303096e-01	-8.543234878004903401e-03
-3.460000000000000000e+02	1.368253193543193247e-01	-1.983627346178544817e-02
-3.450000000000000000e+02	1.348282515967912376e-01	-3.101816897740556148e-02
-3.440000000000000000e+02	1.319119922318472138e-01	-4.201131435649400891e-02
-3.430000000000000000e+02	1.280938201193804193e-01	-5.273928844615727307e-02
-3.420000000000000000e+02	1.233975006487136872e-01	-6.312717277991085341e-02
-3.410000000000000000e+02	1.178560250179595120e-01	-7.310397296725983096e-02
-3.400000000000000000e+02	1.115013173230821469e-01	-8.259673278974398458e-02
-3.390000000000000000e+02	1.043747137703654737e-01	-9.153818517434712809e-02
-3.380000000000000000e+02	9.652327729222293096e-02	-9.986484701297905497e-02
-3.370000000000000000e+02	8.799981238381146542e-02	-1.075167768487849673e-01
-3.360000000000000000e+02	7.886195206425072879e-02	-1.144387271953706264e-01
-3.350000000000000000e+02	6.917201776659029355e-02	-1.205802980210398528e-01
-3.340000000000000000e+02	5.899741832168496625e-02	-1.258960994327578964e-01
-3.330000000000000000e+02	4.840759648632650403e-02	-1.303470636224133561e-01
-3.320000000000000000e+02	3.747526553720909731e-02	-1.338998478265289449e-01
-3.310000000000000000e+02	2.627604274357623823e-02	-1.365264115557283664e-01
-3.300000000000000000e+02	1.488841070477572859e-02	-1.382065822045500381e-01
-3.290000000000000000e+02	3.392394405995088208e-03	-1.389262892516288372e-01
-3.280000000000000000e+02	-8.130889714516753575e-03	-1.386781201946510611e-01
-3.270000000000000000e+02	-1.959972982032628236e-02	-1.374614607304861791e-01
-3.260000000000000000e+02	-3.093237831674872790e-02	-1.352825552410552579e-01
-3.250000000000000000e+02	-4.204732443586314122e-02	-1.321546162996338758e-01
-3.240000000000000000e+02	-5.286514301955499984e-02	-1.280974066957450141e-01
-3.230000000000000000e+02	-6.330779203570296998e-02	-1.231373398766012622e-01
-3.220000000000000000e+02	-7.330029813540885064e-02	-1.173088720506731686e-01
-3.210000000000000000e+02	-8.277100039606283266e-02	-1.106525729432648042e-01
-3.200000000000000000e+02	-9.165129237005419094e-02	-1.032142813224586897e-01
-3.190000000000000000e+02	-9.987666311845164180e-02	-9.504524083620304042e-02
-3.180000000000000000e+02	-1.073864861420567862e-01	-8.620241998936885308e-02
-3.170000000000000000e+02	-1.141247681955885607e-01	-7.674815670606113804e-02
-3.160000000000000000e+02	-1.200410468342056058e-01	-6.674925188631315731e-02
-3.150000000000000000e+02	-1.250901354549320554e-01	-5.627626607328918562e-02
-3.140000000000000000e+02	-1.292338609209907063e-01	-4.540480951193458931e-02
-3.130000000000000000e+02	-1.324403961031535015e-01	-3.421295105594183289e-02
-3.120000000000000000e+02	-1.346845113330739085e-01	-2.278127346185667909e-02
-3.110000000000000000e+02	-1.359478716575934221e-01	-1.119218897744202017e-02
-3.100000000000000000e+02	-1.362189294967454667e-01	4.698920204206050058e-04
-3.090000000000000000e+02	-1.354935505271175067e-01	1.212004947678385625e-02
-3.080000000000000000e+02	-1.337764636574663157e-01	2.367290066886981043e-02
-3.070000000000000000e+02	-1.310768193289184036e-01	3.504333887067141717e-02
-3.060000000000000000e+02	-1.274113265916689275e-01	4.614678651269441684e-02
-3.050000000000000000e+02	-1.228046374048745587e-01	5.690032434238768283e-02
-3.040000000000000000e+02	-1.172889743958304004e-01	6.722323167561779222e-02
-3.030000000000000000e+02	-1.109025118987436304e-01	7.703829813415703776e-02
-3.020000000000000000e+02	-1.036903133369777158e-01	8.627127090192437953e-02
-3.010000000000000000e+02	-9.570454277340195715e-02	9.485216749124202040e-02
-3.000000000000000000e+02	-8.700292907869787429e-02	1.027151666468400504e-01
-2.990000000000000000e+02	-7.764856169905887118e-02	1.097987683865773723e-01
-2.980000000000000000e+02	-6.771027558954559322e-02	1.160473719072862842e-01
-2.970000000000000000e+02	-5.726229621530056629e-02	1.214112060682142891e-01
-2.960000000000000000e+02	-4.638184709728336574e-02	1.258477122309110685e-01
-2.950000000000000000e+02	-3.515024989989166959e-02	1.293211314661492917e-01
-2.940000000000000000e+02	-2.365189493770295318e-02	1.318021305990311198e-01
-2.930000000000000000e+02	-1.197374904852842835e-02	1.332687173400098346e-01
-2.920000000000000000e+02	-2.048166278289773631e-04	1.337066470419000508e-01
-2.910000000000000000e+02	1.156453698183424784e-02	1.331094991839474606e-01
-2.900000000000000000e+02	2.324333020391187304e-02	1.314788293486101045e-01
-2.890000000000000000e+02	3.474063864273432833e-02	1.288240364686844552e-01
-2.880000000000000000e+02	4.596539453973921829e-02	1.251629875470505471e-01
-2.870000000000000000e+02	5.683012322456809651e-02	1.205209430252877495e-01
-2.860000000000000000e+02	6.724889922470028703e-02	1.149309577654155229e-01
-2.850000000000000000e+02	7.713846446644105626e-02	1.084337187615004583e-01
-2.840000000000000000e+02	8.641803572186665394e-02	1.010781587094725653e-01
-2.830000000000000000e+02	9.500859255544895354e-02	9.291286159043497805e-02
-2.820000000000000000e+02	1.028453375262716463e-01	8.400556434734984812e-02
-2.810000000000000000e+02	1.098648773332282780e-01	7.442405996348983033e-02
-2.800000000000000000e+02	1.160088904754821570e-01	6.424160583128635249e-02
-2.790000000000000000e+02	1.212255147234683472e-01	5.353624194972684408e-02
-2.780000000000000000e+02	1.254682364596864108e-01	4.238932891147981219e-02
-2.770000000000000000e+02	1.286971034496668109e-01	3.088866663548623173e-02
-2.760000000000000000e+02	1.308856370182802376e-01	1.912557117688983704e-02
-2.750000000000000000e+02	1.320120990194491029e-01	7.193685830445704400e-03
-2.740000000000000000e+02	1.320631752952346472e-01	-4.811359668882022982e-03
-2.730000000000000000e+02	1.310342430061932906e-01	-1.679249757077381708e-02
-2.720000000000000000e+02	1.289353077597467923e-01	-2.865395373632873346e-02
-2.710000000000000000e+02	1.257747103892570828e-01	-4.029820103165059758e-02
-2.700000000000000000e+02	1.215711185636779990e-01	-5.162831169461178787e-02
-2.690000000000000000e+02	1.163546241915466989e-01	-6.254927097960419347e-02
-2.680000000000000000e+02	1.101638528123630306e-01	-7.296970780318857985e-02
-2.670000000000000000e+02	1.030457949262711809e-01	-8.280200629597160578e-02
-2.660000000000000000e+02	9.506191646598413647e-02	-9.196851046421507248e-02
-2.650000000000000000e+02	8.626777070496087496e-02	-1.003861038451164256e-01
-2.640000000000000000e+02	7.673179868372666246e-02	-1.079823299367395073e-01
-2.630000000000000000e+02	6.652972870501723535e-02	-1.146904904795916086e-01
-2.620000000000000000e+02	5.574381083490408118e-02	-1.204507535931829271e-01
-2.610000000000000000e+02	4.446027466915453141e-02	-1.252115869866129161e-01
-2.600000000000000000e+02	3.277107679861589878e-02	-1.289288515941214575e-01
-2.590000000000000000e+02	2.077139995751930285e-02	-1.315669801368857805e-01
-2.580000000000000000e+02	8.559850132172206263e-03	-1.330988277432318678e-01
-2.570000000000000000e+02	-3.762779451079871756e-03	-1.335068856192314912e-01
-2.560000000000000000e+02	-1.609464489188236827e-02	-1.327822220345239168e-01
-2.550000000000000000e+02	-2.833235788166748800e-02	-1.309232392136217560e-01
-2.540000000000000000e+02	-4.037320226368523723e-02	-1.279410352412630181e-01
-2.530000000000000000e+02	-5.211434007366416016e-02	-1.238551845809603841e-01
-2.520000000000000000e+02	-6.345500399651611556e-02	-1.186944144397817646e-01
-2.510000000000000000e+02	-7.429717611305051983e-02	-1.124965217635261888e-01
-2.500000000000000000e+02	-8.454554176411256672e-02	-1.053080995155849936e-01
-2.490000000000000000e+02	-9.410943450914917296e-02	-9.718518523368874229e-02
-2.480000000000000000e+02	-1.029045920268942815e-01	-8.819191015867720862e-02
-2.470000000000000000e+02	-1.108519290952174191e-01	-7.839972102589792824e-02
-2.460000000000000000e+02	-1.178774196311743183e-01	-6.788559709024052924e-02
-2.450000000000000000e+02	-1.239169241863376791e-01	-5.673531211112770728e-02
-2.440000000000000000e+02	-1.289141086292674432e-01	-4.504000410780052699e-02
-2.430000000000000000e+02	-1.328199257694904767e-01	-3.289633244135697215e-02
-2.420000000000000000e+02	-1.355941097330444212e-01	-2.040608146256584973e-02
-2.410000000000000000e+02	-1.372084643524617287e-01	-7.674284949417795217e-03
-2.400000000000000000e+02	-1.376389499243848846e-01	5.192062500404480765e-03
-2.390000000000000000e+02	-1.368735120772998082e-01	1.808352398751341544e-02
-2.380000000000000000e+02	-1.349103804154005715e-01	3.088949840074249262e-02
-2.370000000000000000e+02	-1.317589543404625030e-01	4.349872072140564122e-02
-2.360000000000000000e+02	-1.274382970704229512e-01	5.580144626709843125e-02
-2.350000000000000000e+02	-1.219758955898875702e-01	6.768907025423057111e-02
-2.340000000000000000e+02	-1.154114177436746658e-01	7.905423089746263510e-02
-2.330000000000000000e+02	-1.077946004274276254e-01	8.979386788858731427e-02
-2.320000000000000000e+02	-9.918583213930136366e-02	9.981055494167404007e-02
-2.310000000000000000e+02	-8.965293054352095614e-02	1.090132192569358976e-01
-2.300000000000000000e+02	-7.927080720150880833e-02	1.173131799766000960e-01
-2.290000000000000000e+02	-6.812456516807045837e-02	1.246306742111047694e-01
-2.280000000000000000e+02	-5.630523882054553481e-02	1.308955508495553699e-01
-2.270000000000000000e+02	-4.391079886826933926e-02	1.360439192031791533e-01
-2.260000000000000000e+02	-3.104574311857334623e-02	1.400209115676686877e-01
-2.250000000000000000e+02	-1.782014495676838631e-02	1.427818630249163556e-01
-2.240000000000000000e+02	-4.349137929742934866e-03	1.442919014657432775e-01
-2.230000000000000000e+02	9.249786470093303986e-03	1.445269487432941091e-01
-2.220000000000000000e+02	2.285546637178888230e-02	1.434738487239486382e-01
-2.210000000000000000e+02	3.634558105640395970e-02	1.411306251094458508e-01
-2.200000000000000000e+02	4.959931176038013395e-02	1.375083292303198867e-01
-2.190000000000000000e+02	6.249557266198741551e-02	1.326284478008338541e-01
-2.180000000000000000e+02	7.491329963137915993e-02	1.265220231158283026e-01
-2.170000000000000000e+02	8.673770079633606744e-02	1.192359943322273547e-01
-2.160000000000000000e+02	9.785734970941339927e-02	1.108257142023843234e-01
-2.150000000000000000e+02	1.081642338450583274e-01	1.013564777781264664e-01
-2.140000000000000000e+02	1.175556935293507604e-01	9.090516880190950555e-02
-2.130000000000000000e+02	1.259388805905433117e-01	7.956008941186178129e-02
-2.120000000000000000e+02	1.332281138076685523e-01	6.741692166502506744e-02
-2.110000000000000000e+02	1.393459840635433156e-01	5.458072171788672100e-02
-2.100000000000000000e+02	1.442255285832036438e-01	4.116248903619832561e-02
-2.090000000000000000e+02	1.478071098028888863e-01	2.728172877953711703e-02
-2.080000000000000000e+02	1.500474620141822035e-01	1.306478952866495409e-02
-2.070000000000000000e+02	1.509144690513605225e-01	-1.359718325742832875e-03
-2.060000000000000000e+02	1.503875236890105382e-01	-1.585937325071409831e-02
-2.050000000000000000e+02	1.484593239429096712e-01	-3.029636400917833788e-02
-2.040000000000000000e+02	1.451380761543633324e-01	-4.453455540142495228e-02
-2.030000000000000000e+02	1.404402598110461864e-01	-5.843717972887192691e-02
-2.020000000000000000e+02	1.343979872218003802e-01	-7.187011193612559412e-02
-2.010000000000000000e+02	1.270588877811939243e-01	-8.470135200121457764e-02
-2.000000000000000000e+02	1.184812707518614477e-01	-9.680244968203231826e-02
-1.990000000000000000e+02	1.087360002383371826e-01	-1.080504837758988340e-01
-1.980000000000000000e+02	9.790766310109262627e-02	-1.183296517836996409e-01
-1.970000000000000000e+02	8.609401788100949637e-02	-1.275338113446313759e-01
-1.960000000000000000e+02	7.339949724055530589e-02	-1.355627840950114904e-01
-1.950000000000000000e+02	5.994064990000202986e-02	-1.423284251999991090e-01
-1.940000000000000000e+02	4.584500846587351297e-02	-1.477546266741456005e-01
-1.930000000000000000e+02	3.124452548066428484e-02	-1.517770885542170656e-01
-1.920000000000000000e+02	1.627960278858040302e-02	-1.543449253236389151e-01
-1.910000000000000000e+02	1.097567380800974985e-03	-1.554213734465195174e-01
-1.900000000000000000e+02	-1.415399133058680911e-02	-1.549838668344045711e-01
-1.890000000000000000e+02	-2.932123898255260125e-02	-1.530264895597166497e-01
-1.880000000000000000e+02	-4.425274429044356861e-02	-1.495576285924354876e-01
-1.870000000000000000e+02	-5.879741404787375975e-02	-1.446004966308628847e-01
-1.860000000000000000e+02	-7.280329564096067740e-02	-1.381897407786323584e-01
-1.850000000000000000e+02	-8.612383521805887232e-02	-1.303817806661868028e-01
-1.840000000000000000e+02	-9.861874482287130705e-02	-1.212502262454005358e-01
-1.830000000000000000e+02	-1.101564693905607989e-01	-1.108777758252875584e-01
-1.820000000000000000e+02	-1.206109574711472648e-01	-9.936078069713916161e-02
-1.810000000000000000e+02	-1.298560883804286137e-01	-8.680250213553018790e-02
-1.800000000000000000e+02	-1.377969591862854837e-01	-7.333429924921244791e-02
-1.790000000000000000e+02	-1.443423728653800697e-01	-5.909036921781334051e-02
-1.780000000000000000e+02	-1.494148411920679931e-01	-4.421303207438977145e-02
-1.770000000000000000e+02	-1.529507485156847979e-01	-2.885255892135812211e-02
-1.760000000000000000e+02	-1.549007925740139568e-01	-1.316843952571236306e-02
-1.750000000000000000e+02	-1.552294818284429279e-01	2.675862719903682012e-03
-1.740000000000000000e+02	-1.539236813793811720e-01	1.851689334772426906e-02
-1.730000000000000000e+02	-1.509848150580516135e-01	3.418076309344657282e-02
-1.720000000000000000e+02	-1.464324206210347867e-01	4.949739694245863797e-02
-1.710000000000000000e+02	-1.403035867787601754e-01	6.429927272502516944e-02
-1.700000000000000000e+02	-1.326519556238253961e-01	7.842403025274750916e-02
-1.690000000000000000e+02	-1.235516081111658337e-01	9.170911304773267381e-02
-1.680000000000000000e+02	-1.130926077487605930e-01	1.040029223336705194e-01
-1.670000000000000000e+02	-1.013888786557330668e-01	1.151735030203828031e-01
-1.660000000000000000e+02	-8.855352800522574286e-02	1.250834118251499538e-01
-1.650000000000000000e+02	-7.471672815845471771e-02	1.336070253764976568e-01
-1.640000000000000000e+02	-6.002704792813221696e-02	1.406379859008292099e-01
-1.630000000000000000e+02	-4.464582771728716620e-02	1.460857847098968043e-01
-1.620000000000000000e+02	-2.874330810996052546e-02	1.498837637474644269e-01
-1.610000000000000000e+02	-1.249523866592072707e-02	1.519776966757975245e-01
-1.600000000000000000e+02	3.914270486153385853e-03	1.523235642175567173e-01
-1.590000000000000000e+02	2.029908511472803059e-02	1.509036803168964103e-01
-1.580000000000000000e+02	3.646836307431957497e-02	1.477203484619812601e-01
-1.570000000000000000e+02	5.222950435356535359e-02	1.427966468302248881e-01
-1.560000000000000000e+02	6.739373969352406568e-02	1.361741870420526135e-01
-1.550000000000000000e+02	8.177677850111689239e-02	1.279211439424793040e-01
-1.540000000000000000e+02	9.520249481107609379e-02	1.181214368274444565e-01
-1.530000000000000000e+02	1.075021808327881884e-01	1.068783067696509465e-01
-1.520000000000000000e+02	1.185141914587732603e-01	9.431263223199441714e-02
-1.510000000000000000e+02	1.280854047441555010e-01	8.056051607228412181e-02
-1.500000000000000000e+02	1.360950868842945305e-01	6.578745738272238908e-02
-1.490000000000000000e+02	1.424308600608409359e-01	5.016541372177672764e-02
-1.480000000000000000e+02	1.469987282820694463e-01	3.387708607121233534e-02
-1.470000000000000000e+02	1.497197919567450630e-01	1.711914619184962821e-02
-1.460000000000000000e+02	1.505342206210509293e-01	9.972711147784940144e-05
-1.450000000000000000e+02	1.494204503964353947e-01	-1.696794405295714778e-02
-1.440000000000000000e+02	1.463722890254851861e-01	-3.386703077180194810e-02
-1.430000000000000000e+02	1.414085246701129173e-01	-5.037646419869835218e-02
-1.420000000000000000e+02	1.345714148133279608e-01	-6.628120158943547058e-02
-1.410000000000000000e+02	1.259302908152015454e-01	-8.136442044984031063e-02
-1.400000000000000000e+02	1.155807433672218359e-01	-9.541982492051996612e-02
-1.390000000000000000e+02	1.036358556670307351e-01	-1.082508976083452756e-01
-1.380000000000000000e+02	9.023878989647167448e-02	-1.196697495532530187e-01
-1.370000000000000000e+02	7.555616894073104162e-02	-1.295120180303517277e-01
-1.360000000000000000e+02	5.976758112844890447e-02	-1.376229343807290340e-01
-1.350000000000000000e+02	4.307412569374945849e-02	-1.438711543005841420e-01
-1.340000000000000000e+02	2.569413479471627584e-02	-1.481503045170524391e-01
-1.330000000000000000e+02	7.859245660588118007e-03	-1.503789050422402185e-01
-1.320000000000000000e+02	-1.018991141331800944e-02	-1.504987989354774625e-01
-1.310000000000000000e+02	-2.820340492516831832e-02	-1.484841894023864461e-01
-1.300000000000000000e+02	-4.592837460356564289e-02	-1.443373427217099492e-01
-1.290000000000000000e+02	-6.311120606377469688e-02	-1.380890131729948789e-01
-1.280000000000000000e+02	-7.949922995457332775e-02	-1.298020301616897576e-01
-1.270000000000000000e+02	-9.484632654939688379e-02	-1.195640993346258896e-01
-1.260000000000000000e+02	-1.089198667531712239e-01	-1.075045267724006326e-01
-1.250000000000000000e+02	-1.215026586947117737e-01	-9.377371684429439136e-02
-1.240000000000000000e+02	-1.323938544341864143e-01	-7.854825562855242971e-02
-1.230000000000000000e+02	-1.414121191649725107e-01	-6.202951678853580592e-02
-1.220000000000000000e+02	-1.483893871064354553e-01	-4.443613539656598999e-02
-1.210000000000000000e+02	-1.531992347528926823e-01	-2.601522592981408630e-02
-1.200000000000000000e+02	-1.557483271220639065e-01	-7.029492017635578793e-03
-1.190000000000000000e+02	-1.559664608135936659e-01	1.224959893093944402e-02
-1.180000000000000000e+02	-1.538135758677076359e-01	3.153933268116488470e-02
-1.170000000000000000e+02	-1.492852116136440810e-01	5.054928665176020020e-02
-1.160000000000000000e+02	-1.424171756820986345e-01	6.899123323587542933e-02
-1.150000000000000000e+02	-1.332805122517959351e-01	8.657490312165716517e-02
-1.140000000000000000e+02	-1.219826347085850443e-01	1.030230744488227768e-01
-1.130000000000000000e+02	-1.086573593650582148e-01	1.180655769517032078e-01
-1.120000000000000000e+02	-9.347591388347642472e-02	1.314507389656977554e-01
-1.110000000000000000e+02	-7.665555098312377968e-02	1.429401208828172121e-01
-1.100000000000000000e+02	-5.842478112640745597e-02	1.523349501117093330e-01
-1.090000000000000000e+02	-3.903712688621595317e-02	1.594416882743509567e-01
-1.080000000000000000e+02	-1.878091832493969035e-02	1.641169687533628185e-01
-1.070000000000000000e+02	2.026951005745401043e-03	1.662491883932966374e-01
-1.060000000000000000e+02	2.307497770496178685e-02	1.657688552261448733e-01
-1.050000000000000000e+02	4.404316607284553681e-02	1.626428414234112052e-01
-1.040000000000000000e+02	6.460007312364858534e-02	1.568778807553690147e-01
-1.030000000000000000e+02	8.436987615242727556e-02	1.484817444379339935e-01
-1.020000000000000000e+02	1.030476313545492517e-01	1.375772773128633719e-01
-1.010000000000000000e+02	1.203183056904994080e-01	1.242996738380524602e-01
-1.000000000000000000e+02	1.358783522094887120e-01	1.088215431960913304e-01
-9.900000000000000000e+01	1.494416339785483994e-01	9.135718455712199537e-02
-9.800000000000000000e+01	1.607489544386751512e-01	7.215569955949609204e-02
-9.700000000000000000e+01	1.695721880094266110e-01	5.149381201250306794e-02
-9.600000000000000000e+01	1.756793462467706457e-01	2.967782703771111238e-02
-9.500000000000000000e+01	1.789404003388842535e-01	7.056120335729940303e-03
-9.400000000000000000e+01	1.792558474492219056e-01	-1.599628799722477984e-02
-9.300000000000000000e+01	1.765607387590348298e-01	-3.909892907450680105e-02
-9.200000000000000000e+01	1.708377252835113769e-01	-6.186079397455919449e-02
-9.100000000000000000e+01	1.620795203314723543e-01	-8.388772148718356969e-02
-9.000000000000000000e+01	1.504244346560487944e-01	-1.047770071361944916e-01
-8.900000000000000000e+01	1.360135792779542108e-01	-1.241411513776693731e-01
-8.800000000000000000e+01	1.190371498876722361e-01	-1.416083712347341594e-01
-8.700000000000000000e+01	9.972877230032020646e-02	-1.568342272523446379e-01
-8.600000000000000000e+01	7.838971180755967272e-02	-1.694897742931349427e-01
-8.500000000000000000e+01	5.536511366860843997e-02	-1.792908341401016348e-01
-8.400000000000000000e+01	3.103858229179760897e-02	-1.860056243207459103e-01
-8.300000000000000000e+01	5.829041329922081925e-03	-1.894468985723094800e-01
-8.200000000000000000e+01	-1.981601961591780009e-02	-1.894781731243047884e-01
-8.100000000000000000e+01	-4.542590411766787156e-02	-1.860325763452869430e-01
-8.000000000000000000e+01	-7.051298964855490237e-02	-1.790980677025073020e-01
-7.900000000000000000e+01	-9.458340836415685127e-02	-1.687404301439401066e-01
-7.800000000000000000e+01	-1.171697745024907200e-01	-1.550834551510893999e-01
-7.700000000000000000e+01	-1.378074075241667307e-01	-1.383177708460545108e-01
-7.600000000000000000e+01	-1.560505292913687836e-01	-1.187041405303409236e-01
-7.500000000000000000e+01	-1.714841181229234679e-01	-9.657091952392286849e-02
-7.400000000000000000e+01	-1.837325292342304184e-01	-7.231704245397359287e-02
-7.300000000000000000e+01	-1.924809811993168085e-01	-4.638139260488574611e-02
-7.200000000000000000e+01	-1.974689541431144946e-01	-1.925662967580768145e-02
-7.100000000000000000e+01	-1.985101305709361386e-01	8.516493624733150608e-03
-7.000000000000000000e+01	-1.955345416750751131e-01	3.637493891818482927e-02
-6.900000000000000000e+01	-1.885219433430573577e-01	6.374532987175472731e-02
-6.800000000000000000e+01	-1.775361392615436296e-01	9.003132146686237958e-02
-6.700000000000000000e+01	-1.627249479943631838e-01	1.146487382236065222e-01
-6.600000000000000000e+01	-1.443038357971135610e-01	1.370344720505912994e-01
-6.500000000000000000e+01	-1.225931383550155490e-01	1.566396733006755471e-01
-6.400000000000000000e+01	-9.802629554011382806e-02	1.729583578879781425e-01
-6.300000000000000000e+01	-7.109447259739763714e-02	1.855539074830999391e-01
-6.200000000000000000e+01	-4.233141535441319048e-02	1.940682141568083885e-01
-6.100000000000000000e+01	-1.238703205581274946e-02	1.982523239696895312e-01
-6.000000000000000000e+01	1.808332784904807464e-02	1.978736374502732265e-01
-5.900000000000000000e+01	4.837074957682075543e-02	1.928224026119289281e-01
-5.800000000000000000e+01	7.773277675356006500e-02	1.831188022647664282e-01
-5.700000000000000000e+01	1.054575378582387479e-01	1.689113672943655664e-01
-5.600000000000000000e+01	1.308398500850794510e-01	1.504472565233032355e-01
-5.500000000000000000e+01	1.531600740093549129e-01	1.280725672492572798e-01
-5.400000000000000000e+01	1.717890767320872092e-01	1.022543413978347637e-01
-5.300000000000000000e+01	1.861606815977799034e-01	7.356126529734435815e-02
-5.200000000000000000e+01	1.957781353876460739e-01	4.268324113462194230e-02
-5.100000000000000000e+01	2.002758670163346799e-01	1.038108153294689182e-02
-5.000000000000000000e+01	1.993893025925534968e-01	-2.252216964209142677e-02
-4.900000000000000000e+01	1.929583294719846576e-01	-5.512342588685823636e-02
-4.800000000000000000e+01	1.810412430794256511e-01	-8.650477392355875039e-02
-4.700000000000000000e+01	1.638145586167862877e-01	-1.157371496425941143e-01
-4.600000000000000000e+01	1.415820861439438250e-01	-1.418775006901930313e-01
-4.500000000000000000e+01	1.148633644426290679e-01	-1.640670352989372638e-01
-4.400000000000000000e+01	8.431695119949769723e-02	-1.814945043454518070e-01
-4.300000000000000000e+01	5.076044182248910797e-02	-1.934445900169646793e-01
-4.200000000000000000e+01	1.514959959207226418e-02	-1.993343989440468367e-01
-4.100000000000000000e+01	-2.142713988625693372e-02	-1.987409428510370502e-01
-4.000000000000000000e+01	-5.778678458768014836e-02	-1.914359138757265599e-01
-3.900000000000000000e+01	-9.268224945439723639e-02	-1.774060519437791472e-01
-3.800000000000000000e+01	-1.248300515987517401e-01	-1.568501353012694277e-01
-3.700000000000000000e+01	-1.529466432351877792e-01	-1.302237701818468874e-01
-3.600000000000000000e+01	-1.758188711129969883e-01	-9.822921733549351553e-02
-3.500000000000000000e+01	-1.923278808099772308e-01	-6.183682756708131639e-02
-3.400000000000000000e+01	-2.015322336715862916e-01	-2.224411494878951456e-02
-3.300000000000000000e+01	-2.026827507076350288e-01	1.912875938370058732e-02
-3.200000000000000000e+01	-1.953204983082414137e-01	6.066564827286159006e-02
-3.100000000000000000e+01	-1.793006347963539693e-01	1.006137729000432940e-01
-3.000000000000000000e+01	-1.548290263368044539e-01	1.371362543552822610e-01
-2.900000000000000000e+01	-1.225241370826446463e-01	1.684132535646961637e-01
-2.800000000000000000e+01	-8.339104258438781447e-02	1.926968330282381736e-01
-2.700000000000000000e+01	-3.886707220518950678e-02	2.083675509688761029e-01
-2.600000000000000000e+01	9.202034859370098949e-03	2.140835403899224165e-01
-2.500000000000000000e+01	5.862071600338706473e-02	2.089160305253074945e-01
-2.400000000000000000e+01	1.069027789644711873e-01	1.923790375988199963e-01
-2.300000000000000000e+01	1.513425607000007944e-01	1.645020870999992502e-01
-2.200000000000000000e+01	1.891953728605035301e-01	1.260571965716194842e-01
-2.100000000000000000e+01	2.177584457685163011e-01	7.838186874696005668e-02
-2.000000000000000000e+01	2.345611070845595447e-01	2.362285168438470889e-02
-1.900000000000000000e+01	2.375901461887540145e-01	-3.546122076392370370e-02
-1.800000000000000000e+01	2.254445771876361637e-01	-9.542509221048835200e-02
-1.700000000000000000e+01	1.975613765092057994e-01	-1.523757230962909937e-01
-1.600000000000000000e+01	1.543812094017233960e-01	-2.020647272064981792e-01
-1.500000000000000000e+01	9.753952572200279281e-02	-2.402077911951504552e-01
-1.400000000000000000e+01	2.988325945970846109e-02	-2.627789659685477730e-01
-1.300000000000000000e+01	-4.438064132255710448e-02	-2.663437147630799973e-01
-1.200000000000000000e+01	-1.199177679209306180e-01	-2.485757318632194068e-01
-1.100000000000000000e+01	-1.903440240573590347e-01	-2.085816215318514466e-01
-1.000000000000000000e+01	-2.487414734466836252e-01	-1.474387310643422988e-01
-9.000000000000000000e+00	-2.881381028284707435e-01	-6.848552319357044393e-02
-8.000000000000000000e+00	-3.023451084750226059e-01	2.252573166185156336e-02
-7.000000000000000000e+00	-2.868231853799360076e-01	1.174177560217686128e-01
-6.000000000000000000e+00	-2.397413819236041688e-01	2.061124632534942214e-01
-5.000000000000000000e+00	-1.627747995884959165e-01	2.774129580125594408e-01
-4.000000000000000000e+00	-6.189960547845108768e-02	3.203120740502183317e-01
-3.000000000000000000e+00	5.234770571116445503e-02	3.257488631495956688e-01
-2.000000000000000000e+00	1.654258786005332049e-01	2.887008730855679661e-01
-1.000000000000000000e+00	2.604395654482948852e-01	2.102240482554139089e-01
0.000000000000000000e+00	3.209506642048963188e-01	9.866680757402665480e-02
1.000000000000000000e+00	3.343071336735801147e-01	-3.057003947473229191e-02
2.000000000000000000e+00	2.949037942407340407e-01	-1.568268317521038790e-01
3.000000000000000000e+00	2.065674112244633431e-01	-2.575517245013692058e-01
4.000000000000000000e+00	8.344494565810731124e-02	-3.128364031011429125e-01
5.000000000000000000e+00	-5.158971997157106582e-02	-3.105562527335765100e-01
6.000000000000000000e+00	-1.715633829970108770e-01	-2.506052894254408026e-01
7.000000000000000000e+00	-2.522001442188440690e-01	-1.459551910791376528e-01
8.000000000000000000e+00	-2.780454614504481170e-01	-1.945000585584831868e-02
9.000000000000000000e+00	-2.458846762121458529e-01	1.016856337621137030e-01
1.000000000000000000e+01	-1.653986139884509876e-01	1.918361405226400029e-01
1.100000000000000000e+01	-5.718144808296922454e-02	2.328742638533229936e-01
1.200000000000000000e+01	5.220008002139624181e-02	2.192158506143396246e-01
1.300000000000000000e+01	1.376695206000031479e-01	1.590511883999972675e-01
1.400000000000000000e+01	1.820980452326146082e-01	7.086158543453907610e-02
1.500000000000000000e+01	1.795355776302135498e-01	-2.224995597092691013e-02
1.600000000000000000e+01	1.355796991014392161e-01	-9.800404408805335477e-02
1.700000000000000000e+01	6.546742508357338008e-02	-1.402075982699834689e-01
1.800000000000000000e+01	-1.054639031514329958e-02	-1.428506613559467620e-01
1.900000000000000000e+01	-7.327692130837791529e-02	-1.107012516191834828e-01
2.000000000000000000e+01	-1.094564346928164900e-01	-5.632261977050941754e-02
2.100000000000000000e+01	-1.139878904310031443e-01	4.139519370562067500e-03
2.200000000000000000e+01	-9.006144881789240886e-02	5.504301907734161087e-02
2.300000000000000000e+01	-4.762040743592108744e-02	8.504639542246471284e-02
2.400000000000000000e+01	1.429806350852613338e-05	8.976715836870347021e-02
2.500000000000000000e+01	4.024396677739845024e-02	7.194852991889374993e-02
2.600000000000000000e+01	6.432846861159090268e-02	3.944911624284023338e-02
2.700000000000000000e+01	6.878107885563507218e-02	2.469984484556221258e-03
2.800000000000000000e+01	5.545508451600617700e-02	-2.911093604303534310e-02
2.900000000000000000e+01	3.042790249715339804e-02	-4.819708825685693060e-02
3.000000000000000000e+01	1.808026519562152320e-03	-5.202390678268598023e-02
3.100000000000000000e+01	-2.275204360296827211e-02	-4.211206973981194285e-02
3.200000000000000000e+01	-3.785513803438156355e-02	-2.306188134750940602e-02
3.300000000000000000e+01	-4.122302990000002026e-02	-9.754701999990540847e-04
3.400000000000000000e+01	-3.381530462432288942e-02	1.815716816406602943e-02
3.500000000000000000e+01	-1.918686079667111452e-02	3.000995022368512302e-02
3.600000000000000000e+01	-2.117854947001802240e-03	3.281247960191706337e-02
3.700000000000000000e+01	1.281186343864539404e-02	2.729921962959941731e-02
3.800000000000000000e+01	2.224341702628150966e-02	1.608055423578391013e-02
3.900000000000000000e+01	2.466383301519836646e-02	2.805600071049991519e-03
4.000000000000000000e+01	2.054747995833499860e-02	-8.878179015803655191e-03
4.100000000000000000e+01	1.195965978228055553e-02	-1.630812864135018289e-02
4.200000000000000000e+01	1.739180969195979008e-03	-1.832101718904875082e-02
4.300000000000000000e+01	-7.332354205461194194e-03	-1.529161022033014017e-02
4.400000000000000000e+01	-1.316620175213603292e-02	-8.709095799321232498e-03
4.500000000000000000e+01	-1.477685268025854051e-02	-7.954502765343308707e-04
4.600000000000000000e+01	-1.243266464144975221e-02	6.229286649644449891e-03
4.700000000000000000e+01	-7.346771719352068568e-03	1.074474402239824870e-02
4.800000000000000000e+01	-1.217634041147412291e-03	1.201842454638133752e-02
4.900000000000000000e+01	4.266244985885658467e-03	1.022287478445749014e-02
5.000000000000000000e+01	7.828995223294285891e-03	6.278780861294823955e-03
5.100000000000000000e+01	8.875257870786574035e-03	1.509675233239081730e-03
5.200000000000000000e+01	7.552768567956500909e-03	-2.762894613759722846e-03
5.300000000000000000e+01	4.570206577383091259e-03	-5.565622322778820269e-03
5.400000000000000000e+01	9.402708599420896455e-04	-6.458921462511446956e-03
5.500000000000000000e+01	-2.334319712391757628e-03	-5.504355575245781403e-03
5.600000000000000000e+01	-4.471604442951226596e-03	-3.254891066141751572e-03
5.700000000000000000e+01	-5.131433804232718963e-03	-5.073385302527741707e-04
5.800000000000000000e+01	-4.383756862641887547e-03	1.972367943986396040e-03
5.900000000000000000e+01	-2.642127952025897543e-03	3.609226139105742651e-03
6.000000000000000000e+01	-4.836058376615357457e-04	4.126822563205670945e-03
6.100000000000000000e+01	1.501265205782942444e-03	3.546585933861980903e-03
6.200000000000000000e+01	2.827530518910111902e-03	2.162033850465074503e-03
6.300000000000000000e+01	3.302079048838751918e-03	4.646175977480531630e-04
6.400000000000000000e+01	2.925244171777453828e-03	-1.108377548835449110e-03
6.500000000000000000e+01	1.917938114982016854e-03	-2.178062506319623955e-03
6.600000000000000000e+01	6.596049972730451188e-04	-2.575401977576927993e-03
6.700000000000000000e+01	-4.991198680524809323e-04	-2.319178707431672135e-03
6.800000000000000000e+01	-1.279537840271789944e-03	-1.583639573813962892e-03
6.900000000000000000e+01	-1.549567816036319205e-03	-6.458546289247774509e-04
7.000000000000000000e+01	-1.313930296043293224e-03	2.252432668714853036e-04
7.100000000000000000e+01	-7.164084981626578016e-04	8.194322619268373537e-04
7.200000000000000000e+01	6.089823157398105901e-05	1.002468439824013213e-03
7.300000000000000000e+01	7.805940136660547389e-04	7.959925851950780829e-04
7.400000000000000000e+01	1.270597973580903876e-03	2.995659207973923907e-04
7.500000000000000000e+01	1.459155828026264699e-03	-3.205176871954623532e-04
7.600000000000000000e+01	1.337232788228844005e-03	-8.993332757602295283e-04
7.700000000000000000e+01	1.002422897354029400e-03	-1.316616915120454295e-03
7.800000000000000000e+01	5.657894825105994280e-04	-1.500975793254648695e-03
7.900000000000000000e+01	1.511835841960785490e-04	-1.443445525013250770e-03
8.000000000000000000e+01	-1.360030978254819192e-04	-1.212504993963551105e-03
8.100000000000000000e+01	-2.427914368953733542e-04	-9.008864560144991046e-04
8.200000000000000000e+01	-1.679293733866639112e-04	-6.060463551756938190e-04
8.300000000000000000e+01	3.999301465913621784e-05	-4.100196900866871948e-04
8.400000000000000000e+01	3.076957109222165231e-04	-3.462009618892023617e-04
8.500000000000000000e+01	5.640276338896117389e-04	-4.199095527959057785e-04
8.600000000000000000e+01	7.529415608829010233e-04	-5.995460809322362365e-04
8.700000000000000000e+01	8.254159697099008354e-04	-8.212043002091232603e-04
8.800000000000000000e+01	7.932747344731977098e-04	-1.036734196939756479e-03
8.900000000000000000e+01	6.761687313483691212e-04	-1.188919711633751580e-03
9.000000000000000000e+01	5.244485488581476828e-04	-1.263022225471245336e-03
9.100000000000000000e+01	3.774666843646828918e-04	-1.256447309868800920e-03
9.200000000000000000e+01	2.681195088271106394e-04	-1.184969608721024017e-03
9.300000000000000000e+01	2.201283990326220936e-04	-1.081848824252077236e-03
9.400000000000000000e+01	2.375888152058406601e-04	-9.821825671612971573e-04
9.500000000000000000e+01	3.048476651219776939e-04	-9.216621421421999872e-04
9.600000000000000000e+01	3.871027138719629074e-04	-8.923413322000237286e-04
9.700000000000000000e+01	4.660062888362321502e-04	-9.156723690932234028e-04
9.800000000000000000e+01	5.211847267358375810e-04	-9.780047204503033477e-04
9.900000000000000000e+01	5.364757399355354938e-04	-1.056853403494127826e-03
1.000000000000000000e+02	5.105061216362871777e-04	-1.131372072755731191e-03
1.010000000000000000e+02	4.567600052130494043e-04	-1.189996427486127249e-03
1.020000000000000000e+02	3.853809070797410718e-04	-1.209995575276109686e-03
1.030000000000000000e+02	3.155084417833897530e-04	-1.202651098015386283e-03
1.040000000000000000e+02	2.590284391360141332e-04	-1.172644202262404338e-03
1.050000000000000000e+02	2.239855963392334238e-04	-1.126979703051759346e-03
1.060000000000000000e+02	2.110093736356664180e-04	-1.076193350780432290e-03
1.070000000000000000e+02	2.150333706901679865e-04	-1.040793858178610566e-03
