# # Time 	 h_plus 	 h_cross 
# 
-4.090000000000000000e+02	-1.072890678424943678e-01	-1.319257975832750229e-01
-4.080000000000000000e+02	-1.179312977384409655e-01	-1.226346043915829132e-01
-4.070000000000000000e+02	-1.277834795236238719e-01	-1.124784929034144954e-01
-4.060000000000000000e+02	-1.367745843392728089e-01	-1.015239048630546398e-01
-4.050000000000000000e+02	-1.448378200571816543e-01	-8.984235012024992251e-02
-4.040000000000000000e+02	-1.519133260246924300e-01	-7.751180684913697161e-02
-4.030000000000000000e+02	-1.579477697446149409e-01	-6.461530005726266734e-02
-4.020000000000000000e+02	-1.628948119052839871e-01	-5.124036402955337022e-02
-4.010000000000000000e+02	-1.667154577938001758e-01	-3.747848476925851047e-02
-4.000000000000000000e+02	-1.693783102414319619e-01	-2.342449422942803963e-02
-3.990000000000000000e+02	-1.708601010699252742e-01	-9.175067667993464654e-03
-3.980000000000000000e+02	-1.711455575408619423e-01	5.170750531382978417e-03
-3.970000000000000000e+02	-1.702277029936127561e-01	1.951261215841567503e-02
-3.960000000000000000e+02	-1.681079790593844603e-01	3.374955971499926655e-02
-3.950000000000000000e+02	-1.647963097430595880e-01	4.778073329738734970e-02
-3.940000000000000000e+02	-1.603111060684649647e-01	6.150608495882384924e-02
-3.930000000000000000e+02	-1.546793029202568892e-01	7.482690427204678751e-02
-3.920000000000000000e+02	-1.479359637897214030e-01	8.764634460120855619e-02
-3.910000000000000000e+02	-1.401221646042729585e-01	9.987074342629655155e-02
-3.900000000000000000e+02	-1.312908914154072293e-01	1.114113647776018706e-01
-3.890000000000000000e+02	-1.215009413185333398e-01	1.221829657497578853e-01
-3.880000000000000000e+02	-1.108185387072454092e-01	1.321050614317474392e-01
-3.870000000000000000e+02	-9.931617976386339364e-02	1.411032228295994173e-01
-3.860000000000000000e+02	-8.707281706757614981e-02	1.491089373490696590e-01
-3.850000000000000000e+02	-7.417319668272868982e-02	1.560603361552955481e-01
-3.840000000000000000e+02	-6.070729787872592570e-02	1.619026959564985324e-01
-3.830000000000000000e+02	-4.676871492288739440e-02	1.665891746042667543e-01
-3.820000000000000000e+02	-3.245680730197591374e-02	1.700802188846247953e-01
-3.810000000000000000e+02	-1.787390529940037498e-02	1.723449269707074960e-01
-3.800000000000000000e+02	-3.124813922193532632e-03	1.733611547040235235e-01
-3.790000000000000000e+02	1.168368184739950084e-02	1.731147520456368383e-01
-3.780000000000000000e+02	2.644327130371680254e-02	1.716003967088746140e-01
-3.770000000000000000e+02	4.104576975825280361e-02	1.688259135204296935e-01
-3.760000000000000000e+02	5.538350213229902702e-02	1.648058694169290961e-01
-3.750000000000000000e+02	6.935004343167451568e-02	1.595640271095873919e-01
-3.740000000000000000e+02	8.284355618884423067e-02	1.531318631149208298e-01
-3.730000000000000000e+02	9.575946267702632742e-02	1.455522395374909961e-01
-3.720000000000000000e+02	1.079994232642566138e-01	1.368759645626852761e-01
-3.710000000000000000e+02	1.194696053052960311e-01	1.271622633810354230e-01
-3.700000000000000000e+02	1.300825170387131247e-01	1.164795380515960821e-01
-3.690000000000000000e+02	1.397551881588662281e-01	1.049021554415088958e-01
-3.680000000000000000e+02	1.484101088442775496e-01	9.251116186635902072e-02
-3.670000000000000000e+02	1.559777822539679115e-01	7.939507652439825591e-02
-3.660000000000000000e+02	1.623965778838928897e-01	6.564785528040623097e-02
-3.650000000000000000e+02	1.676122424390089627e-01	5.137061937900900405e-02
-3.640000000000000000e+02	1.715797950288413531e-01	3.666832909820704617e-02
-3.630000000000000000e+02	1.742634131742960002e-01	2.164988105702916193e-02
-3.620000000000000000e+02	1.756367880276405724e-01	6.427306643737091228e-03
-3.610000000000000000e+02	1.756860595903942668e-01	-8.885196579229950181e-03
-3.600000000000000000e+02	1.744044967694296511e-01	-2.417157663630341638e-02
-3.590000000000000000e+02	1.717928723784944989e-01	-3.931661495779299048e-02
-3.580000000000000000e+02	1.678645089638799437e-01	-5.420430975172314814e-02
-3.570000000000000000e+02	1.626429113176467434e-01	-6.871970712098628142e-02
-3.560000000000000000e+02	1.561616918295747891e-01	-8.274984231533204226e-02
-3.550000000000000000e+02	1.484651151623393173e-01	-9.618356035223002420e-02
-3.540000000000000000e+02	1.396070238015558462e-01	-1.089143943657295277e-01
-3.530000000000000000e+02	1.296491564794436946e-01	-1.208423848578743520e-01
-3.520000000000000000e+02	1.186628776187174800e-01	-1.318716272592753147e-01
-3.510000000000000000e+02	1.067274739001009137e-01	-1.419116951877236188e-01
-3.500000000000000000e+02	9.393098650785865200e-02	-1.508798266308587488e-01
-3.490000000000000000e+02	8.036914087580987465e-02	-1.587016976602507179e-01
-3.480000000000000000e+02	6.614375375506494070e-02	-1.653107096639480078e-01
-3.470000000000000000e+02	5.136257195003045978e-02	-1.706492131193253492e-01
-3.460000000000000000e+02	3.614094671884176407e-02	-1.746685420118410659e-01
-3.450000000000000000e+02	2.059395832625591366e-02	-1.773314199803008584e-01
-3.440000000000000000e+02	4.841688384502130897e-03	-1.786101083029448255e-01
-3.430000000000000000e+02	-1.099290745010470145e-02	-1.784873876377587598e-01
-3.420000000000000000e+02	-2.678486494646054386e-02	-1.769543528625672768e-01
-3.410000000000000000e+02	-4.240798651197168895e-02	-1.740146934418899949e-01
-3.400000000000000000e+02	-5.773776117536989771e-02	-1.696886156420478742e-01
-3.390000000000000000e+02	-7.265089132464203070e-02	-1.640035582897444166e-01
-3.380000000000000000e+02	-8.702650405854153726e-02	-1.569979101382594500e-01
-3.370000000000000000e+02	-1.007474671153511386e-01	-1.487205721527126157e-01
-3.360000000000000000e+02	-1.137009681725551502e-01	-1.392307328637442942e-01
-3.350000000000000000e+02	-1.257780483678785088e-01	-1.285988052379401780e-01
-3.340000000000000000e+02	-1.368769618100740271e-01	-1.169043284973761282e-01
-3.330000000000000000e+02	-1.469030531603774670e-01	-1.042359767819596300e-01
-3.320000000000000000e+02	-1.557678020171358035e-01	-9.068990381342389995e-02
-3.310000000000000000e+02	-1.633943335022943200e-01	-7.637228594941411486e-02
-3.300000000000000000e+02	-1.697156465412199555e-01	-6.139390724655768156e-02
-3.290000000000000000e+02	-1.746723947202647453e-01	-4.587506019369583937e-02
-3.280000000000000000e+02	-1.782169317366084360e-01	-2.993972834289254301e-02
-3.270000000000000000e+02	-1.803128756105036035e-01	-1.371611341868919295e-02
-3.260000000000000000e+02	-1.809354660280635130e-01	2.664304606376220221e-03
-3.250000000000000000e+02	-1.800722419842472333e-01	1.906874052501760647e-02
-3.240000000000000000e+02	-1.777228443252103496e-01	3.536204162868999273e-02
-3.230000000000000000e+02	-1.738974104311004631e-01	5.140820359965787151e-02
-3.220000000000000000e+02	-1.686197489289447404e-01	6.707285146883426585e-02
-3.210000000000000000e+02	-1.619259939234954926e-01	8.222377448019245472e-02
-3.200000000000000000e+02	-1.538648821553866008e-01	9.673225518195534278e-02
-3.190000000000000000e+02	-1.444983228277499643e-01	1.104753583515507842e-01
-3.180000000000000000e+02	-1.338953123595829631e-01	1.233330107974279916e-01
-3.170000000000000000e+02	-1.221379724169644049e-01	1.351925744536284779e-01
-3.160000000000000000e+02	-1.093188584451921658e-01	1.459489120483913882e-01
-3.150000000000000000e+02	-9.554028324148912399e-02	1.555053726105534440e-01
-3.140000000000000000e+02	-8.091365022265178952e-02	1.637746649435973534e-01
-3.130000000000000000e+02	-6.555948970168977430e-02	1.706794260504469196e-01
-3.120000000000000000e+02	-4.960302790374802873e-02	1.761544858060058172e-01
-3.110000000000000000e+02	-3.317675673725802715e-02	1.801456317604056556e-01
-3.100000000000000000e+02	-1.641831978724997768e-02	1.826118092176849950e-01
-3.090000000000000000e+02	5.310348379950048745e-04	1.835231151684227624e-01
-3.080000000000000000e+02	1.752697952271834933e-02	1.828620264487989255e-01
-3.070000000000000000e+02	3.442151384062076824e-02	1.806260502719704841e-01
-3.060000000000000000e+02	5.107023997045184033e-02	1.768259241731333087e-01
-3.050000000000000000e+02	6.732811563099444507e-02	1.714859033648598874e-01
-3.040000000000000000e+02	8.305209314122975750e-02	1.646437846889890200e-01
-3.030000000000000000e+02	9.810255152073467377e-02	1.563507228845446018e-01
-3.020000000000000000e+02	1.123445064440170560e-01	1.466708859965909773e-01
-3.010000000000000000e+02	1.256483143694821225e-01	1.356814196309986675e-01
-3.000000000000000000e+02	1.378932304933327135e-01	1.234711661866549071e-01
-2.990000000000000000e+02	1.489658705777073822e-01	1.101404612376993691e-01
-2.980000000000000000e+02	1.587621359643499597e-01	9.580036029321210844e-02
-2.970000000000000000e+02	1.671883276509817384e-01	8.057166099066645493e-02
-2.960000000000000000e+02	1.741620260907168205e-01	6.458399589758732906e-02
-2.950000000000000000e+02	1.796129131169590942e-01	4.797486372384943826e-02
-2.940000000000000000e+02	1.834835564162951294e-01	3.088848689128139216e-02
-2.930000000000000000e+02	1.857300857551437701e-01	1.347445015051024209e-02
-2.920000000000000000e+02	1.863226664607596783e-01	-4.113641563797823877e-03
-2.910000000000000000e+02	1.852482114134341440e-01	-2.171815902916430369e-02
-2.900000000000000000e+02	1.825087991151462807e-01	-3.918145840150433212e-02
-2.890000000000000000e+02	1.781172631749017576e-01	-5.634535131285026144e-02
-2.880000000000000000e+02	1.721031738983472559e-01	-7.305415135959829331e-02
-2.870000000000000000e+02	1.645112252122079843e-01	-8.915363286845441604e-02
-2.860000000000000000e+02	1.554013993378717817e-01	-1.044929381423018860e-01
-2.850000000000000000e+02	1.448478061635613823e-01	-1.189276949316174781e-01
-2.840000000000000000e+02	1.329384056200194342e-01	-1.323206072874048844e-01
-2.830000000000000000e+02	1.197743438167493402e-01	-1.445427942048384817e-01
-2.820000000000000000e+02	1.054691590331077594e-01	-1.554750669875932245e-01
-2.810000000000000000e+02	9.014786313195076450e-02	-1.650091326288576354e-01
-2.800000000000000000e+02	7.394459608281986340e-02	-1.730492704021067141e-01
-2.790000000000000000e+02	5.700537232279507399e-02	-1.795113968313402919e-01
-2.780000000000000000e+02	3.948341848302709678e-02	-1.843261267607103349e-01
-2.770000000000000000e+02	2.153939905136574226e-02	-1.874468895878397545e-01
-2.760000000000000000e+02	3.335901452852072738e-03	-1.888268675197499469e-01
-2.750000000000000000e+02	-1.495818409972711482e-02	-1.884417840095053698e-01
-2.740000000000000000e+02	-3.317107393894183631e-02	-1.862845761257072574e-01
-2.730000000000000000e+02	-5.113064712635534415e-02	-1.823649243220323568e-01
-2.720000000000000000e+02	-6.866610097766126519e-02	-1.767091377094704430e-01
-2.710000000000000000e+02	-8.560872539200264919e-02	-1.693602830518207980e-01
-2.700000000000000000e+02	-1.017939501406022185e-01	-1.603779400161262914e-01
-2.690000000000000000e+02	-1.170629748720685842e-01	-1.498378251985631737e-01
-2.680000000000000000e+02	-1.312628723465300851e-01	-1.378326775390244507e-01
-2.670000000000000000e+02	-1.442538619772189279e-01	-1.244683448523464381e-01
-2.660000000000000000e+02	-1.559038596847908686e-01	-1.098641049369155770e-01
-2.650000000000000000e+02	-1.660918734838737199e-01	-9.415220090675675835e-02
-2.640000000000000000e+02	-1.747104565958658984e-01	-7.747739633825599659e-02
-2.630000000000000000e+02	-1.816663350407662081e-01	-5.999512438923480795e-02
-2.620000000000000000e+02	-1.868814938863791464e-01	-4.187011774117348900e-02
-2.610000000000000000e+02	-1.902939917205403730e-01	-2.327608102678479368e-02
-2.600000000000000000e+02	-1.918594234008775823e-01	-4.390838261161810266e-03
-2.590000000000000000e+02	-1.915500166738483279e-01	1.460313070429267689e-02
-2.580000000000000000e+02	-1.893523991439213239e-01	3.351902332797507961e-02
-2.570000000000000000e+02	-1.852812311182147342e-01	5.216989431124881282e-02
-2.560000000000000000e+02	-1.793648225554514419e-01	7.036983260353761593e-02
-2.550000000000000000e+02	-1.716499394699001202e-01	8.793565230592323423e-02
-2.540000000000000000e+02	-1.622015686561001091e-01	1.046887314832316146e-01
-2.530000000000000000e+02	-1.511024937880394992e-01	1.204568357799370576e-01
-2.520000000000000000e+02	-1.384524991471211552e-01	1.350760930034278495e-01
-2.510000000000000000e+02	-1.243682275521587055e-01	1.483919986040738992e-01
-2.500000000000000000e+02	-1.089817570150103526e-01	1.602617912813981693e-01
-2.490000000000000000e+02	-9.243914671636646596e-02	1.705552773079608286e-01
-2.480000000000000000e+02	-7.489974314623112917e-02	1.791571105939619712e-01
-2.470000000000000000e+02	-5.653598633014532415e-02	1.859694159508274436e-01
-2.460000000000000000e+02	-3.752933589427192435e-02	1.909106517349894172e-01
-2.450000000000000000e+02	-1.806933252722273120e-02	1.939175906327139098e-01
-2.440000000000000000e+02	1.648025917949640139e-03	1.949460729772927170e-01
-2.430000000000000000e+02	2.142099059094982466e-02	1.939718157612943528e-01
-2.420000000000000000e+02	4.104585340428614643e-02	1.909911355534657795e-01
-2.410000000000000000e+02	6.031976306504482910e-02	1.860245207203835849e-01
-2.400000000000000000e+02	7.904024749302679398e-02	1.791070940917943166e-01
-2.390000000000000000e+02	9.700780264800394626e-02	1.702960531035008773e-01
-2.380000000000000000e+02	1.140292089045908119e-01	1.596701453310172547e-01
-2.370000000000000000e+02	1.299192090756933204e-01	1.473280582725760846e-01
-2.360000000000000000e+02	1.445023724869719806e-01	1.333878784658492356e-01
-2.350000000000000000e+02	1.576158124754092893e-01	1.179854251458810344e-01
-2.340000000000000000e+02	1.691104963681261120e-01	1.012734102406769587e-01
-2.330000000000000000e+02	1.788529989548997556e-01	8.342013686464401501e-02
-2.320000000000000000e+02	1.867290797497985766e-01	6.460885112262403085e-02
-2.310000000000000000e+02	1.926415414276450855e-01	4.503317209199658722e-02
-2.300000000000000000e+02	1.965107721256064421e-01	2.489606960637340272e-02
-2.290000000000000000e+02	1.982802485668912762e-01	4.410168499124944401e-03
-2.280000000000000000e+02	1.979155329819076714e-01	-1.620578450489927949e-02
-2.270000000000000000e+02	1.954053526958894615e-01	-3.672726127631695953e-02
-2.260000000000000000e+02	1.907613088979765725e-01	-5.693251182612880934e-02
-2.250000000000000000e+02	1.840178345166864071e-01	-7.659876826075510958e-02
-2.240000000000000000e+02	1.752333932421163143e-01	-9.550681006034718312e-02
-2.230000000000000000e+02	1.644896014929313754e-01	-1.134434507916612933e-01
-2.220000000000000000e+02	1.518903190636069211e-01	-1.302035932335008084e-01
-2.210000000000000000e+02	1.375613656429376386e-01	-1.455926250562804003e-01
-2.200000000000000000e+02	1.216481127481571362e-01	-1.594299973993203445e-01
-2.190000000000000000e+02	1.043152581727031930e-01	-1.715489842469149762e-01
-2.180000000000000000e+02	8.574618721941973387e-02	-1.818012898093498420e-01
-2.170000000000000000e+02	6.614037501353975390e-02	-1.900577279264604180e-01
-2.160000000000000000e+02	4.570990533459837191e-02	-1.962101384320267816e-01
-2.150000000000000000e+02	2.467877896602018936e-02	-2.001704961748760059e-01
-2.140000000000000000e+02	3.281277166457833606e-03	-2.018773140071628003e-01
-2.130000000000000000e+02	-1.824171831711142444e-02	-2.012944438737748198e-01
-2.120000000000000000e+02	-3.964544485026368081e-02	-1.984104748798391771e-01
-2.110000000000000000e+02	-6.068372046690959781e-02	-1.932400449019213151e-01
-2.100000000000000000e+02	-8.111169103264369296e-02	-1.858240566091327040e-01
-2.090000000000000000e+02	-1.006886117552366899e-01	-1.762296081151114024e-01
-2.080000000000000000e+02	-1.191803010106899929e-01	-1.645491731191356943e-01
-2.070000000000000000e+02	-1.363617482168761053e-01	-1.509026213363803826e-01
-2.060000000000000000e+02	-1.520208834749010862e-01	-1.354337668558717178e-01
-2.050000000000000000e+02	-1.659613580170836711e-01	-1.183092202919785035e-01
-2.040000000000000000e+02	-1.780054053426282645e-01	-9.971754918673554624e-02
-2.030000000000000000e+02	-1.879944754164832865e-01	-7.986602190562271109e-02
-2.020000000000000000e+02	-1.957926206543532943e-01	-5.897958462589818207e-02
-2.010000000000000000e+02	-2.012885085621921588e-01	-3.729835044899397489e-02
-2.000000000000000000e+02	-2.043969794419896735e-01	-1.507485033096629332e-02
-1.990000000000000000e+02	-2.050604536761128915e-01	7.429368061617720037e-03
-1.980000000000000000e+02	-2.032510771882758138e-01	2.994538857022799663e-02
-1.970000000000000000e+02	-1.989697515631639602e-01	5.220068334574964886e-02
-1.960000000000000000e+02	-1.922450971606338432e-01	7.392234698327780629e-02
-1.950000000000000000e+02	-1.831379152281469580e-01	9.484022465864415385e-02
-1.940000000000000000e+02	-1.717390075341524991e-01	1.146908560583092124e-01
-1.930000000000000000e+02	-1.581693445518901620e-01	1.332216714362548793e-01
-1.920000000000000000e+02	-1.425775322772727394e-01	1.501927933429931805e-01
-1.910000000000000000e+02	-1.251374927167879236e-01	1.653787586745990301e-01
-1.900000000000000000e+02	-1.060498273744273495e-01	1.785741418551080595e-01
-1.890000000000000000e+02	-8.553852692594875184e-02	1.895956764316532039e-01
-1.880000000000000000e+02	-6.384926220758002646e-02	1.982847621350241618e-01
-1.870000000000000000e+02	-4.124434809723116074e-02	2.045108239687712381e-01
-1.860000000000000000e+02	-1.800171501781798813e-02	2.081723568510023825e-01
-1.850000000000000000e+02	5.588412133503356007e-03	2.091990360483574896e-01
-1.840000000000000000e+02	2.922725131569061871e-02	2.075533710425315481e-01
-1.830000000000000000e+02	5.261245529583396391e-02	2.032310764806132264e-01
-1.820000000000000000e+02	7.544001244366385639e-02	1.962630931069432871e-01
-1.810000000000000000e+02	9.740888595992036603e-02	1.867149731065948781e-01
-1.800000000000000000e+02	1.182256852244784745e-01	1.746860713836068946e-01
-1.790000000000000000e+02	1.376074853679065679e-01	1.603095077174077621e-01
-1.780000000000000000e+02	1.552850685483266047e-01	1.437500994142867639e-01
-1.770000000000000000e+02	1.710094848515610055e-01	1.252058056708835743e-01
-1.760000000000000000e+02	1.845536023722877950e-01	1.049028057061065777e-01
-1.750000000000000000e+02	1.957159309297517857e-01	8.309338601416414727e-02
-1.740000000000000000e+02	2.043235344779039675e-01	6.005382076329802282e-02
-1.730000000000000000e+02	2.102346646963390575e-01	3.608135205435621801e-02
-1.720000000000000000e+02	2.133421471193637231e-01	1.148994973885892647e-02
-1.710000000000000000e+02	2.135762440513015170e-01	-1.339336936813433077e-02
-1.700000000000000000e+02	2.109044474961201399e-01	-3.823360110718188737e-02
-1.690000000000000000e+02	2.053333238691738838e-01	-6.269068527537936808e-02
-1.680000000000000000e+02	1.969096313814941157e-01	-8.642397131163595536e-02
-1.670000000000000000e+02	1.857208944943863904e-01	-1.090987859299506896e-01
-1.660000000000000000e+02	1.718925925668331189e-01	-1.303893388169752032e-01
-1.650000000000000000e+02	1.555895982092035112e-01	-1.499843535780136239e-01
-1.640000000000000000e+02	1.370140981550654335e-01	-1.675914877442937212e-01
-1.630000000000000000e+02	1.164034459422530060e-01	-1.829418417264701002e-01
-1.620000000000000000e+02	9.402798645978947822e-02	-1.957954334739754054e-01
-1.610000000000000000e+02	7.018598646828433374e-02	-2.059417599133958332e-01
-1.600000000000000000e+02	4.520255796040695273e-02	-2.132064236524008893e-01
-1.590000000000000000e+02	1.942350413609618062e-02	-2.174539952854904756e-01
-1.580000000000000000e+02	-6.787896444534589555e-03	-2.185902164025987637e-01
-1.570000000000000000e+02	-3.305622772826383865e-02	-2.165646565711831506e-01
-1.560000000000000000e+02	-5.899824808026518652e-02	-2.113723755608513388e-01
-1.550000000000000000e+02	-8.423094379989438940e-02	-2.030539961808966454e-01
-1.540000000000000000e+02	-1.083752800121074028e-01	-1.916969320621382811e-01
-1.530000000000000000e+02	-1.310615649961118512e-01	-1.774350441387862465e-01
-1.520000000000000000e+02	-1.519353674564739576e-01	-1.604478169818505939e-01
-1.510000000000000000e+02	-1.706619408653833048e-01	-1.409583195396710564e-01
-1.500000000000000000e+02	-1.869358601918271190e-01	-1.192306208634285325e-01
-1.490000000000000000e+02	-2.004837867591681977e-01	-9.556837825286795818e-02
-1.480000000000000000e+02	-2.110681543354288037e-01	-7.030881889633383564e-02
-1.470000000000000000e+02	-2.184924608870983387e-01	-4.381925439076681666e-02
-1.460000000000000000e+02	-2.226051619689911332e-01	-1.649228137279131270e-02
-1.450000000000000000e+02	-2.233017755229491363e-01	1.125939475354039397e-02
-1.440000000000000000e+02	-2.205297034645722076e-01	3.900870320289174381e-02
-1.430000000000000000e+02	-2.142931949117937995e-01	6.632169381431042565e-02
-1.420000000000000000e+02	-2.046479725490647494e-01	9.276489301435297818e-02
-1.410000000000000000e+02	-1.917044848069744678e-01	1.179096319989086927e-01
-1.400000000000000000e+02	-1.756284506353515129e-01	1.413387323989450106e-01
-1.390000000000000000e+02	-1.566386919075147821e-01	1.626565111784964157e-01
-1.380000000000000000e+02	-1.350039198654843231e-01	1.814933367835351585e-01
-1.370000000000000000e+02	-1.110408733399622233e-01	1.975130583806744555e-01
-1.360000000000000000e+02	-8.510930192734951494e-02	2.104193901605532491e-01
-1.350000000000000000e+02	-5.760805984718714301e-02	2.199609087544763808e-01
-1.340000000000000000e+02	-2.897209832744303964e-02	2.259361566337025617e-01
-1.330000000000000000e+02	3.381846153205654419e-04	2.281999872142442543e-01
-1.320000000000000000e+02	2.984250619733748097e-02	2.266664775701789925e-01
-1.310000000000000000e+02	5.904879801315573995e-02	2.213116518979718894e-01
-1.300000000000000000e+02	8.745921294472286389e-02	2.121758267065332326e-01
-1.290000000000000000e+02	1.145805189222056236e-01	1.993643200646198210e-01
-1.280000000000000000e+02	1.399336503206837778e-01	1.830494421903990365e-01
-1.270000000000000000e+02	1.630592434587911643e-01	1.634636567915409844e-01
-1.260000000000000000e+02	1.835265370737800550e-01	1.409002872977278553e-01
-1.250000000000000000e+02	2.009406601114143709e-01	1.157131759279885069e-01
-1.240000000000000000e+02	2.149552930540011009e-01	8.830570267757520408e-02
-1.230000000000000000e+02	2.252756760918168955e-01	5.912933439124671425e-02
-1.220000000000000000e+02	2.316658357980582172e-01	2.867735847317111342e-02
-1.210000000000000000e+02	2.339551063035305856e-01	-2.523478552853597543e-03
-1.200000000000000000e+02	2.320431443872388033e-01	-3.392153318666725481e-02
-1.190000000000000000e+02	2.259047005860613244e-01	-6.494660920849917862e-02
-1.180000000000000000e+02	2.155904216094552128e-01	-9.502820449951632220e-02
-1.170000000000000000e+02	2.012276084337633053e-01	-1.236013367684088843e-01
-1.160000000000000000e+02	1.830231469547883849e-01	-1.501150792287575808e-01
-1.150000000000000000e+02	1.612589991347752050e-01	-1.740442739296794439e-01
-1.140000000000000000e+02	1.362913772804571211e-01	-1.948992082558800298e-01
-1.130000000000000000e+02	1.085402190233522024e-01	-2.122366388745985100e-01
-1.120000000000000000e+02	7.849399639616831681e-02	-2.256756578670443547e-01
-1.110000000000000000e+02	4.669338193211591825e-02	-2.348985004722315695e-01
-1.100000000000000000e+02	1.372475922352045866e-02	-2.396612647117463135e-01
-1.090000000000000000e+02	-1.978911671410218953e-02	-2.398006705023953411e-01
-1.080000000000000000e+02	-5.319955041041894706e-02	-2.352399786266980153e-01
-1.070000000000000000e+02	-8.584461206881115192e-02	-2.259922787412788070e-01
-1.060000000000000000e+02	-1.170611326280240894e-01	-2.121641809221608554e-01
-1.050000000000000000e+02	-1.462028714347601843e-01	-1.939591348649752078e-01
-1.040000000000000000e+02	-1.726451320529005240e-01	-1.716725964107151947e-01
-1.030000000000000000e+02	-1.958031109845844997e-01	-1.456910013376142010e-01
-1.020000000000000000e+02	-2.151469322046246080e-01	-1.164858059787932110e-01
-1.010000000000000000e+02	-2.302118606296610637e-01	-8.460592330763859470e-02
-1.000000000000000000e+02	-2.406094738355622209e-01	-5.066894655998092217e-02
-9.900000000000000000e+01	-2.460400661422433299e-01	-1.535070984093457602e-02
-9.800000000000000000e+01	-2.463008106238201156e-01	2.062254918148593782e-02
-9.700000000000000000e+01	-2.412948608821805507e-01	5.649372403190337094e-02
-9.600000000000000000e+01	-2.310410013305888577e-01	9.149013872016838189e-02
-9.500000000000000000e+01	-2.156617899936546234e-01	1.248351721396356723e-01
-9.400000000000000000e+01	-1.953999283442637847e-01	1.557669002403443970e-01
-9.300000000000000000e+01	-1.706136421222891608e-01	1.835565866968959237e-01
-9.200000000000000000e+01	-1.417713226333712218e-01	2.075267725689285692e-01
-9.100000000000000000e+01	-1.094474962554841668e-01	2.270672763989734777e-01
-9.000000000000000000e+01	-7.430962366936764985e-02	2.416494928264232844e-01
-8.900000000000000000e+01	-3.710634716153756590e-02	2.508455375956620825e-01
-8.800000000000000000e+01	1.342730852223939517e-03	2.543383702183115713e-01
-8.700000000000000000e+01	4.016021423978567012e-02	2.519354872362259412e-01
-8.600000000000000000e+01	7.844562421325920742e-02	2.435771205749004964e-01
-8.500000000000000000e+01	1.152797678408340187e-01	2.293415936434716196e-01
-8.400000000000000000e+01	1.497500724194134880e-01	2.094498014482644999e-01
-8.300000000000000000e+01	1.809727282532876680e-01	1.842658885890281761e-01
-8.200000000000000000e+01	2.081149419833243086e-01	1.542942065831664211e-01
-8.100000000000000000e+01	2.304143214018617158e-01	1.201730801960560480e-01
-8.000000000000000000e+01	2.472102348569005237e-01	8.266804385768862506e-02
-7.900000000000000000e+01	2.579616310889310538e-01	4.265226015293575867e-02
-7.800000000000000000e+01	2.622629329842370294e-01	1.091429811691832117e-03
-7.700000000000000000e+01	2.598609864605347375e-01	-4.097822033912407874e-02
-7.600000000000000000e+01	2.506670905766663626e-01	-8.247639674321211034e-02
-7.500000000000000000e+01	2.347681999926080065e-01	-1.222961238478242896e-01
-7.400000000000000000e+01	2.124326141841442750e-01	-1.593388537825283779e-01
-7.300000000000000000e+01	1.841103238249885699e-01	-1.925437315371222868e-01
-7.200000000000000000e+01	1.504292568214735948e-01	-2.209171596204895782e-01
-7.100000000000000000e+01	1.121862446325490176e-01	-2.435630697996555294e-01
-7.000000000000000000e+01	7.033064790858938042e-02	-2.597132445818293722e-01
-6.900000000000000000e+01	2.595421619361473753e-02	-2.687524710491274171e-01
-6.800000000000000000e+01	-1.974334342509585782e-02	-2.702421458467214599e-01
-6.700000000000000000e+01	-6.547808258035581197e-02	-2.639473649234386210e-01
-6.600000000000000000e+01	-1.099156917328908412e-01	-2.498517467111663060e-01
-6.500000000000000000e+01	-1.517135155401421187e-01	-2.281721157997634863e-01
-6.400000000000000000e+01	-1.895489891048586228e-01	-1.993494276414030653e-01
-6.300000000000000000e+01	-2.221660513156619998e-01	-1.640668088841675532e-01
-6.200000000000000000e+01	-2.484221625350588325e-01	-1.232308922961806441e-01
-6.100000000000000000e+01	-2.673259601462003032e-01	-7.795588136668876733e-02
-6.000000000000000000e+01	-2.780735080929215286e-01	-2.954345505063216831e-02
-5.900000000000000000e+01	-2.800880087134227647e-01	2.054345080514103500e-02
-5.800000000000000000e+01	-2.730518357497298543e-01	7.073594829532936501e-02
-5.700000000000000000e+01	-2.569275255516226819e-01	1.193912944780420732e-01
-5.600000000000000000e+01	-2.319784000162104509e-01	1.648408042564566411e-01
-5.500000000000000000e+01	-1.987824793582676774e-01	2.054443460835182200e-01
-5.400000000000000000e+01	-1.582165025383457935e-01	2.396637710294306223e-01
-5.300000000000000000e+01	-1.114545173678335166e-01	2.660935072925875167e-01
-5.200000000000000000e+01	-5.995963923114847050e-02	2.835586798490139504e-01
-5.100000000000000000e+01	-5.425402221921189934e-03	2.911374634085032165e-01
-5.000000000000000000e+01	5.025987781566987334e-02	2.882220705783910542e-01
-4.900000000000000000e+01	1.050677265476561845e-01	2.745632548882948054e-01
-4.800000000000000000e+01	1.569002145786728142e-01	2.502993899779605291e-01
-4.700000000000000000e+01	2.036642647120274208e-01	2.159885911618764087e-01
-4.600000000000000000e+01	2.433541241617553363e-01	1.726102161082346820e-01
-4.500000000000000000e+01	2.741345394798197499e-01	1.215540685818187194e-01
-4.400000000000000000e+01	2.944283401536226807e-01	6.459716763442599485e-02
-4.300000000000000000e+01	3.030036676501449699e-01	3.860673361772719216e-03
-4.200000000000000000e+01	2.990508173821523341e-01	-5.825518022865442541e-02
-4.100000000000000000e+01	2.822341347307610882e-01	-1.191546397761174964e-01
-4.000000000000000000e+01	2.527671410690727205e-01	-1.761309693425966993e-01
-3.900000000000000000e+01	2.114486865201586907e-01	-2.264803366250947303e-01
-3.800000000000000000e+01	1.596481100963868527e-01	-2.676543634699403706e-01
-3.700000000000000000e+01	9.931255519082489436e-02	-2.973559543085140811e-01
-3.600000000000000000e+01	3.291760890666953210e-02	-3.136717241939718792e-01
-3.500000000000000000e+01	-3.658301334658439763e-02	-3.152113610767476870e-01
-3.400000000000000000e+01	-1.058846197583598187e-01	-3.012328362987381492e-01
-3.300000000000000000e+01	-1.715041594699921179e-01	-2.717146323178788458e-01
-3.200000000000000000e+01	-2.298689460807525065e-01	-2.274340651641288680e-01
-3.100000000000000000e+01	-2.775215728445508123e-01	-1.700084150154390628e-01
-3.000000000000000000e+01	-3.113279990583577295e-01	-1.019004459561811682e-01
-2.900000000000000000e+01	-3.286952826144063367e-01	-2.638120883493311197e-02
-2.800000000000000000e+01	-3.277744651798438213e-01	5.262842461795284171e-02
-2.700000000000000000e+01	-3.076351917032762451e-01	1.306909726475929123e-01
-2.600000000000000000e+01	-2.684325582400828303e-01	2.030452355707263734e-01
-2.500000000000000000e+01	-2.115317071828011486e-01	2.648829097675531319e-01
-2.400000000000000000e+01	-1.395411509257086236e-01	3.116552316870607187e-01
-2.300000000000000000e+01	-5.627496685792493514e-02	3.393943292843462078e-01
-2.200000000000000000e+01	3.331316091849804983e-02	3.450559887858342667e-01
-2.100000000000000000e+01	1.233438614481947720e-01	3.268667491238431699e-01
-2.000000000000000000e+01	2.073298138422007275e-01	2.846350122532350646e-01
-1.900000000000000000e+01	2.786646870536659826e-01	2.199374442187891632e-01
-1.800000000000000000e+01	3.310067712392490424e-01	1.362403488327919299e-01
-1.700000000000000000e+01	3.588281697454610564e-01	3.893907519657050648e-02
-1.600000000000000000e+01	3.581196286240924676e-01	-6.487504731823201531e-02
-1.500000000000000000e+01	3.269001467792661542e-01	-1.667924820716249756e-01
-1.400000000000000000e+01	2.656684193610427402e-01	-2.575696580869191177e-01
-1.300000000000000000e+01	1.778670975468851778e-01	-3.279033441785621505e-01
-1.200000000000000000e+01	6.990670236124767178e-02	-3.694385551031640902e-01
-1.100000000000000000e+01	-4.893087808802593780e-02	-3.757026161477566850e-01
-1.000000000000000000e+01	-1.670044228848062973e-01	-3.431916624820274819e-01
-9.000000000000000000e+00	-2.712816208985627808e-01	-2.722806966111302462e-01
-8.000000000000000000e+00	-3.485947444548592733e-01	-1.679040384404690556e-01
-7.000000000000000000e+00	-3.873065941065956252e-01	-3.980055199640719632e-02
-6.000000000000000000e+00	-3.791809756536330678e-01	9.785559368777542455e-02
-5.000000000000000000e+00	-3.212008148406083063e-01	2.275892640350342944e-01
-4.000000000000000000e+00	-2.171627107056538497e-01	3.306064687991867035e-01
-3.000000000000000000e+00	-7.827315975080387234e-02	3.894114822868894321e-01
-2.000000000000000000e+00	7.702055399265873847e-02	3.909927464788958140e-01
-1.000000000000000000e+00	2.247608365659011231e-01	3.301244407308396855e-01
0.000000000000000000e+00	3.388475887746191795e-01	2.119914103651813486e-01
1.000000000000000000e+00	3.957515232757569668e-01	5.331291840205867882e-02
2.000000000000000000e+00	3.800149284967480057e-01	-1.187045966220738741e-01
3.000000000000000000e+00	2.893287634442100464e-01	-2.702793998698589939e-01
4.000000000000000000e+00	1.377515889455566134e-01	-3.676868619424609741e-01
5.000000000000000000e+00	-4.464151027044127584e-02	-3.856011754736937691e-01
6.000000000000000000e+00	-2.165983984560114761e-01	-3.152022479246462394e-01
7.000000000000000000e+00	-3.349778407274698333e-01	-1.696075571530973325e-01
8.000000000000000000e+00	-3.669420046023135762e-01	1.632487763906423361e-02
9.000000000000000000e+00	-3.013793690275410886e-01	1.933850257471405043e-01
1.000000000000000000e+01	-1.550276993658892821e-01	3.115090652200776522e-01
1.100000000000000000e+01	2.985557398840810520e-02	3.356429588971147626e-01
1.200000000000000000e+01	1.969304925249210636e-01	2.587822185733443803e-01
1.300000000000000000e+01	2.938765087142176657e-01	1.066321727358193194e-01
1.400000000000000000e+01	2.912357795551659412e-01	-6.934690111145430658e-02
1.500000000000000000e+01	1.938324365016413919e-01	-2.097341517841069536e-01
1.600000000000000000e+01	3.943381283956929467e-02	-2.684986093196140566e-01
1.700000000000000000e+01	-1.148670433144050457e-01	-2.298006339554629351e-01
1.800000000000000000e+01	-2.138808146061841053e-01	-1.139182367092532872e-01
1.900000000000000000e+01	-2.259039404102559101e-01	3.091963426475558691e-02
2.000000000000000000e+01	-1.540958418769143023e-01	1.489049620965772480e-01
2.100000000000000000e+01	-3.287698190401029674e-02	1.985674340980602137e-01
2.200000000000000000e+01	8.711683355012338204e-02	1.675729175229820345e-01
2.300000000000000000e+01	1.597788798586503300e-01	7.609230916104546549e-02
2.400000000000000000e+01	1.621272102906582413e-01	-3.365994594923619326e-02
2.500000000000000000e+01	1.013284877891430374e-01	-1.168878179139137830e-01
2.600000000000000000e+01	8.463083345523158413e-03	-1.439559396652685674e-01
2.700000000000000000e+01	-7.575375616321873562e-02	-1.105824654443861854e-01
2.800000000000000000e+01	-1.185477326502039769e-01	-3.764086060113477905e-02
2.900000000000000000e+01	-1.080915085916774460e-01	4.049371101122917205e-02
3.000000000000000000e+01	-5.543556984491430917e-02	9.183076000295985197e-02
3.100000000000000000e+01	1.277097566591109401e-02	9.895688679173147984e-02
3.200000000000000000e+01	6.660562475551808082e-02	6.468527014408186060e-02
3.300000000000000000e+01	8.599798832513436131e-02	8.659896424856358688e-03
3.400000000000000000e+01	6.775077167248694243e-02	-4.336081643431314442e-02
3.500000000000000000e+01	2.431188939426928708e-02	-7.065451758353963330e-02
3.600000000000000000e+01	-2.304478843935725552e-02	-6.524975037455517379e-02
3.700000000000000000e+01	-5.420997004826354215e-02	-3.392279154512129608e-02
3.800000000000000000e+01	-5.868840188838796851e-02	6.790492266024087710e-03
3.900000000000000000e+01	-3.834035661318839494e-02	3.891326569017086040e-02
4.000000000000000000e+01	-4.955744650047344720e-03	5.033029705096586648e-02
4.100000000000000000e+01	2.578319082350095243e-02	3.919194754817518361e-02
4.200000000000000000e+01	4.155234402219203094e-02	1.332719041873106983e-02
4.300000000000000000e+01	3.796115089019614502e-02	-1.456757897605148559e-02
4.400000000000000000e+01	1.913546388835082879e-02	-3.267458456677396067e-02
4.500000000000000000e+01	-4.986711834481721145e-03	-3.481811684453630512e-02
4.600000000000000000e+01	-2.366085965215771608e-02	-2.239550992001621346e-02
4.700000000000000000e+01	-2.996971258817288791e-02	-2.588386094736050413e-03
4.800000000000000000e+01	-2.302221926747091696e-02	1.539965743756028377e-02
4.900000000000000000e+01	-7.547786236135393262e-03	2.432968455300039273e-02
5.000000000000000000e+01	8.800577248444633321e-03	2.177450097835293905e-02
5.100000000000000000e+01	1.912340489765200838e-02	1.041983704092461389e-02
5.200000000000000000e+01	1.997640001356225381e-02	-3.813172007394147883e-03
5.300000000000000000e+01	1.228961437753546548e-02	-1.459274932052015070e-02
5.400000000000000000e+01	4.749563242978556161e-04	-1.790854060375430060e-02
5.500000000000000000e+01	-9.988756918144379646e-03	-1.344994620488880119e-02
5.600000000000000000e+01	-1.495118932886880560e-02	-4.149244364399904197e-03
5.700000000000000000e+01	-1.314029134561904219e-02	5.445392745394987341e-03
5.800000000000000000e+01	-6.255998138292170711e-03	1.130257674958941652e-02
5.900000000000000000e+01	2.113788535184480191e-03	1.150743142794311870e-02
6.000000000000000000e+01	8.284419652204857293e-03	6.788044865003724920e-03
6.100000000000000000e+01	9.962047785302297065e-03	-2.319137736456259560e-04
6.200000000000000000e+01	7.081049605814487835e-03	-6.266560223410370944e-03
6.300000000000000000e+01	1.499610239222172415e-03	-8.943438231433989763e-03
6.400000000000000000e+01	-4.088541928073331083e-03	-7.651724647391439441e-03
6.500000000000000000e+01	-7.351753909092150450e-03	-3.459822825625027964e-03
6.600000000000000000e+01	-7.292517970124711563e-03	1.447642636044590113e-03
6.700000000000000000e+01	-4.411647354849385430e-03	4.959099063269589019e-03
6.800000000000000000e+01	-2.836526530803677943e-04	5.806190115046920910e-03
6.900000000000000000e+01	3.186587396285258354e-03	4.011754949282596294e-03
7.000000000000000000e+01	4.651427707923449541e-03	6.968250517892090809e-04
7.100000000000000000e+01	3.761275394104647476e-03	-2.539384969236863944e-03
7.200000000000000000e+01	1.245731348376183942e-03	-4.360959748313810412e-03
7.300000000000000000e+01	-1.624656421579045691e-03	-4.193170429283415643e-03
7.400000000000000000e+01	-3.614258584924644278e-03	-2.422803148495252835e-03
7.500000000000000000e+01	-4.025083493902719550e-03	1.723583016456456689e-05
7.600000000000000000e+01	-2.897684371213233093e-03	2.021384721628365338e-03
7.700000000000000000e+01	-9.183167952064434127e-04	2.823151447796920944e-03
7.800000000000000000e+01	9.893070127147019378e-04	2.271948523167314788e-03
7.900000000000000000e+01	2.018520314309032570e-03	7.377520326834302285e-04
8.000000000000000000e+01	1.875449305114400495e-03	-9.498267497158134880e-04
8.100000000000000000e+01	7.913347840843335760e-04	-2.067677410089469297e-03
8.200000000000000000e+01	-6.369475788169637722e-04	-2.237501150366470390e-03
8.300000000000000000e+01	-1.755148594212246893e-03	-1.513313139003375938e-03
8.400000000000000000e+01	-2.171249010884041594e-03	-3.429510885368836385e-04
8.500000000000000000e+01	-1.788086796980215476e-03	7.613845775012943306e-04
8.600000000000000000e+01	-8.519894424060890214e-04	1.335039417663326988e-03
8.700000000000000000e+01	1.538784827211218704e-04	1.218766433186458525e-03
8.800000000000000000e+01	8.145460633781928615e-04	5.660590739998807089e-04
8.900000000000000000e+01	9.035505128612422244e-04	-2.788579874539329965e-04
9.000000000000000000e+01	4.778174460749734639e-04	-9.261623646356398386e-04
9.100000000000000000e+01	-2.076819131403448112e-04	-1.138161721409671314e-03
9.200000000000000000e+01	-8.136659436845962694e-04	-8.605256876584961231e-04
9.300000000000000000e+01	-1.092048104190463526e-03	-3.005816753178327020e-04
9.400000000000000000e+01	-9.831853956060482725e-04	2.807033771898363164e-04
9.500000000000000000e+01	-5.674952804129257357e-04	6.552025909120215907e-04
9.600000000000000000e+01	-4.690818671874684036e-05	6.926342697606810471e-04
9.700000000000000000e+01	3.500372908958536661e-04	4.335377146068169780e-04
9.800000000000000000e+01	4.837099921745788506e-04	2.898856625398340105e-05
9.900000000000000000e+01	3.389984218998366499e-04	-3.235584426848608225e-04
1.000000000000000000e+02	2.900128707534498410e-05	-4.777928157672505665e-04
1.010000000000000000e+02	-2.869897873600913232e-04	-3.949057734097827514e-04
1.020000000000000000e+02	-4.710372251708941881e-04	-1.361079425208740407e-04
1.030000000000000000e+02	-4.571438622683122771e-04	1.742703940306865480e-04
1.040000000000000000e+02	-2.676952985710370119e-04	4.035677508980710110e-04
1.050000000000000000e+02	-2.139247516573445313e-06	4.749651420525232716e-04
1.060000000000000000e+02	2.269674722944989309e-04	3.861900114089029707e-04
1.070000000000000000e+02	3.368573514681879721e-04	2.035501078647218077e-04
