# # Time 	 h_plus 	 h_cross 
# 
-4.090000000000000000e+02	-1.271499999993831453e-01	3.886600000208158961e-02
-4.080000000000000000e+02	-1.239056249897426826e-01	4.838825566063695294e-02
-4.070000000000000000e+02	-1.199499999990627092e-01	5.765000000197337271e-02
-4.060000000000000000e+02	-1.152906133849691817e-01	6.660072931408514418e-02
-4.050000000000000000e+02	-1.099699999987850119e-01	7.518400000181657550e-02
-4.040000000000000000e+02	-1.040106261094261575e-01	8.335236931354154943e-02
-4.030000000000000000e+02	-9.743899999850839933e-02	9.105700000162089691e-02
-4.020000000000000000e+02	-9.029480993937240296e-02	9.825196016563510215e-02
-4.010000000000000000e+02	-8.261581786718907860e-02	1.048910383875241853e-01
-4.000000000000000000e+02	-7.444431248165495063e-02	1.109399994451837068e-01
-3.990000000000000000e+02	-6.582851800928979369e-02	1.163609156568700675e-01
-3.980000000000000000e+02	-5.681221893413408025e-02	1.211154383259024359e-01
-3.970000000000000000e+02	-4.744899999792032835e-02	1.251800000008195246e-01
-3.960000000000000000e+02	-3.779162499273546610e-02	1.285200000139364029e-01
-3.950000000000000000e+02	-2.789599999781245537e-02	1.311300000004786970e-01
-3.940000000000000000e+02	-1.781606823404876389e-02	1.329706244132857207e-01
-3.930000000000000000e+02	-7.612999997753324040e-03	1.340400000001461811e-01
-3.920000000000000000e+02	2.655640580205205405e-03	1.343256250395155060e-01
-3.910000000000000000e+02	1.293000000225138710e-02	1.338299999997850376e-01
-3.900000000000000000e+02	2.314905676337434756e-02	1.325456255598076172e-01
-3.890000000000000000e+02	3.325300000220664243e-02	1.304799999994591397e-01
-3.880000000000000000e+02	4.318319323404972571e-02	1.276406255676345858e-01
-3.870000000000000000e+02	5.287900000211500501e-02	1.240499999991472452e-01
-3.860000000000000000e+02	6.228314566879002145e-02	1.197163964824431298e-01
-3.850000000000000000e+02	7.133900000195565749e-02	1.146599999988187901e-01
-3.840000000000000000e+02	7.999181825258622203e-02	1.089256255768457915e-01
-3.830000000000000000e+02	8.818900000175818044e-02	1.025299999985218868e-01
-3.820000000000000000e+02	9.588041804089267317e-02	9.550641812584249879e-02
-3.810000000000000000e+02	1.030200000014998979e-01	8.790299999825397503e-02
-3.800000000000000000e+02	1.095606249682524042e-01	7.976038080135018637e-02
-3.790000000000000000e+02	1.154600000012310362e-01	7.112399999802934691e-02
-3.780000000000000000e+02	1.206750005929125708e-01	6.204381248611219590e-02
-3.770000000000000000e+02	1.251900000009227021e-01	5.257199999785239913e-02
-3.760000000000000000e+02	1.289549994361953444e-01	4.276518748432608930e-02
-3.750000000000000000e+02	1.319600000005892448e-01	3.267999999772847747e-02
-3.740000000000000000e+02	1.341799137414008969e-01	2.237550076346316377e-02
-3.730000000000000000e+02	1.355900000002277506e-01	1.191399999765300338e-02
-3.720000000000000000e+02	1.361896873378108386e-01	1.357744462503340018e-03
-3.710000000000000000e+02	1.359700010409952420e-01	-9.229884664559763821e-03
-3.700000000000000000e+02	1.349206126994832444e-01	-1.978464815113469347e-02
-3.690000000000000000e+02	1.330599999994869220e-01	-3.024200000232665081e-02
-3.680000000000000000e+02	1.303756238163061021e-01	-4.053863085004547062e-02
-3.670000000000000000e+02	1.268999999991358429e-01	-5.061100000222815143e-02
-3.660000000000000000e+02	1.226457997489219798e-01	-6.039509049181850109e-02
-3.650000000000000000e+02	1.176199999987961597e-01	-6.983200000207832880e-02
-3.640000000000000000e+02	1.118756238200134534e-01	-7.886138084848279273e-02
-3.630000000000000000e+02	1.054299999984568414e-01	-8.742800000187113396e-02
-3.620000000000000000e+02	9.832054521379525458e-02	-9.547598313839654460e-02
-3.610000000000000000e+02	9.058999999818853621e-02	-1.029600000016172578e-01
-3.600000000000000000e+02	8.228443157648077100e-02	-1.098206244138255072e-01
-3.590000000000000000e+02	7.345099999795147439e-02	-1.160200000013315580e-01
-3.580000000000000000e+02	6.414446678554984460e-02	-1.215255144636985252e-01
-3.570000000000000000e+02	5.441799999775378399e-02	-1.262800000009951240e-01
-3.560000000000000000e+02	4.433123221355534521e-02	-1.302706249992646725e-01
-3.550000000000000000e+02	3.394518778192108510e-02	-1.334583352626843855e-01
-3.540000000000000000e+02	2.332405634336251130e-02	-1.358185902237186993e-01
-3.530000000000000000e+02	1.253199999754438416e-02	-1.373300000002358745e-01
-3.520000000000000000e+02	1.637708579365258332e-03	-1.379806247899439953e-01
-3.510000000000000000e+02	-9.291600002482873835e-03	-1.377699999998389102e-01
-3.500000000000000000e+02	-2.018592454838804423e-02	-1.366803152567003798e-01
-3.490000000000000000e+02	-3.097700000244604443e-02	-1.347199999994628805e-01
-3.480000000000000000e+02	-4.159468748753945844e-02	-1.319100006133099856e-01
-3.470000000000000000e+02	-5.197100000233492029e-02	-1.282699999990677409e-01
-3.460000000000000000e+02	-6.203879471477517088e-02	-1.238006243444978172e-01
-3.450000000000000000e+02	-7.173400000217990125e-02	-1.185399999987320901e-01
-3.440000000000000000e+02	-8.099357969569631610e-02	-1.125351449639470369e-01
-3.430000000000000000e+02	-8.976100000194707496e-02	-1.057899999983674677e-01
-3.420000000000000000e+02	-9.797543593663708694e-02	-9.837159667860123635e-02
-3.410000000000000000e+02	-1.055800000016920981e-01	-9.030699999808063094e-02
-3.400000000000000000e+02	-1.125356243711809895e-01	-8.164794350376906873e-02
-3.390000000000000000e+02	-1.187800000013568141e-01	-7.244399999782433208e-02
-3.380000000000000000e+02	-1.242861208813815649e-01	-6.274924701244086189e-02
-3.370000000000000000e+02	-1.289900000010067993e-01	-5.262299999762420910e-02
-3.360000000000000000e+02	-1.328856255973497880e-01	-4.212879438662538167e-02
-3.350000000000000000e+02	-1.359289526551312188e-01	-3.133175858331194163e-02
-3.340000000000000000e+02	-1.380956237821959198e-01	-2.030460685150706213e-02
-3.330000000000000000e+02	-1.393700000002119355e-01	-9.118399997401629292e-03
-3.320000000000000000e+02	-1.397456257878600949e-01	2.151550850047414740e-03
-3.310000000000000000e+02	-1.392099999997537807e-01	1.343000000260975019e-02
-3.300000000000000000e+02	-1.377556262004379639e-01	2.464361893286034361e-02
-3.290000000000000000e+02	-1.353899999993423697e-01	3.571800000254735791e-02
-3.280000000000000000e+02	-1.321305431459045832e-01	4.658048477608032339e-02
-3.270000000000000000e+02	-1.279899999989345671e-01	5.716100000242146234e-02
-3.260000000000000000e+02	-1.229956243629924673e-01	6.739030642979214336e-02
-3.250000000000000000e+02	-1.171729682099896669e-01	7.719736723092933406e-02
-3.240000000000000000e+02	-1.105706255072169825e-01	8.652974710732554142e-02
-3.230000000000000000e+02	-1.032199999981869842e-01	9.531000000197512034e-02
-3.220000000000000000e+02	-9.517200614290415028e-02	1.034856249598776895e-01
-3.210000000000000000e+02	-8.646777558857324242e-02	1.109884283726461085e-01
-3.200000000000000000e+02	-7.716793132895184704e-02	1.177756256134180335e-01
-3.190000000000000000e+02	-6.732599999763740073e-02	1.237900000013067991e-01
-3.180000000000000000e+02	-5.700474382088497466e-02	1.289806249965111395e-01
-3.170000000000000000e+02	-4.627199999744298353e-02	1.333200000009081843e-01
-3.160000000000000000e+02	-3.519747175021369773e-02	1.367708617769441970e-01
-3.150000000000000000e+02	-2.385299999730830858e-02	1.393100000004796613e-01
-3.140000000000000000e+02	-1.231610644377214951e-02	1.409006237535528339e-01
-3.130000000000000000e+02	-6.643760095491342121e-04	1.415400000187620744e-01
-3.120000000000000000e+02	1.102302506684678732e-02	1.412206246775733198e-01
-3.110000000000000000e+02	2.266700000273205381e-02	1.399399999995777910e-01
-3.100000000000000000e+02	3.418612500491115952e-02	1.377012487116090200e-01
-3.090000000000000000e+02	4.550200000264328221e-02	1.345099999991491990e-01
-3.080000000000000000e+02	5.653624380405956190e-02	1.304006262202669353e-01
-3.070000000000000000e+02	6.721100000247162698e-02	1.253899999987119485e-01
-3.060000000000000000e+02	7.745198303101218096e-02	1.194950106815320240e-01
-3.050000000000000000e+02	8.718800000223751734e-02	1.127599999983193851e-01
-3.040000000000000000e+02	9.634849379649765289e-02	1.052356249449245551e-01
-3.030000000000000000e+02	1.048700000019363310e-01	9.695599999795247170e-02
-3.020000000000000000e+02	1.126850006877627153e-01	8.797904992529274881e-02
-3.010000000000000000e+02	1.197400000015678145e-01	7.836199999763990287e-02
-3.000000000000000000e+02	1.259912512326902545e-01	6.816986241952430192e-02
-2.990000000000000000e+02	1.313700000011702174e-01	5.747099999740018506e-02
-2.980000000000000000e+02	1.358506256221571618e-01	4.633930619292846859e-02
-2.970000000000000000e+02	1.393900000007055606e-01	3.484899999722204655e-02
-2.960000000000000000e+02	1.419662606192560739e-01	2.308129723008289433e-02
-2.950000000000000000e+02	1.435400000002486631e-01	1.111699999712662153e-02
-2.940000000000000000e+02	1.441106247698437648e-01	-9.592303934459232373e-04
-2.930000000000000000e+02	1.436599999997607569e-01	-1.306400000289340523e-02
-2.920000000000000000e+02	1.421956249799638250e-01	-2.511060612726702737e-02
-2.910000000000000000e+02	1.397099999992858776e-01	-3.701400000283039393e-02
-2.900000000000000000e+02	1.362302064256716017e-01	-4.868887749769668094e-02
-2.890000000000000000e+02	1.317599999988105786e-01	-6.005200000268220983e-02
-2.880000000000000000e+02	1.263351189118489259e-01	-7.101787968076020419e-02
-2.870000000000000000e+02	1.199999999983579618e-01	-8.150800000245658761e-02
-2.860000000000000000e+02	1.127706256816889269e-01	-9.144295651822542670e-02
-2.850000000000000000e+02	1.047099999979837909e-01	-1.007500000021463588e-01
-2.840000000000000000e+02	9.587799284037587522e-02	-1.093504902361680658e-01
-2.830000000000000000e+02	8.632199999761333564e-02	-1.171900000018086668e-01
-2.820000000000000000e+02	7.611300640575334453e-02	-1.242056249682696734e-01
-2.810000000000000000e+02	6.531999999732865381e-02	-1.303400000013744398e-01
-2.800000000000000000e+02	5.402038141076696831e-02	-1.355306249801657426e-01
-2.790000000000000000e+02	4.229199999711771157e-02	-1.397500000009124221e-01
-2.780000000000000000e+02	3.022068040392544147e-02	-1.429604647725323252e-01
-2.770000000000000000e+02	1.789299999698889740e-02	-1.451300000003988289e-01
-2.760000000000000000e+02	5.396893366366940087e-03	-1.462412498924391957e-01
-2.750000000000000000e+02	-7.175000003054232169e-03	-1.462699999998836875e-01
-2.740000000000000000e+02	-1.973079828524175461e-02	-1.452168528988654062e-01
-2.730000000000000000e+02	-3.217606028183012806e-02	-1.430899864447020553e-01
-2.720000000000000000e+02	-4.441773065372752599e-02	-1.398856249669288843e-01
-2.710000000000000000e+02	-5.636400000286304057e-02	-1.356299999988488936e-01
-2.700000000000000000e+02	-6.792393129235796412e-02	-1.303505922669548622e-01
-2.690000000000000000e+02	-7.900917756597443387e-02	-1.240798869331832255e-01
-2.680000000000000000e+02	-8.953148701880352112e-02	-1.168562512105228712e-01
-2.670000000000000000e+02	-9.941100000232520884e-02	-1.087299999979014498e-01
-2.660000000000000000e+02	-1.085712545040417865e-01	-9.975543747657124316e-02
-2.650000000000000000e+02	-1.169300000019382335e-01	-8.999999999752104907e-02
-2.640000000000000000e+02	-1.244304851713018689e-01	-7.953377570518434247e-02
-2.630000000000000000e+02	-1.309986143101651845e-01	-6.842827616918140121e-02
-2.620000000000000000e+02	-1.365956876397410036e-01	-5.676821273273387897e-02
-2.610000000000000000e+02	-1.411600000009977929e-01	-4.463699999696976034e-02
-2.600000000000000000e+02	-1.446506263010671756e-01	-3.212725660801928063e-02
-2.590000000000000000e+02	-1.470400000004205565e-01	-1.933099999682258083e-02
-2.580000000000000000e+02	-1.483006211605658597e-01	-6.347163299562518304e-03
-2.570000000000000000e+02	-1.484199970976547989e-01	6.726464041529454062e-03
-2.560000000000000000e+02	-1.473856256542940002e-01	1.978806910337072011e-02
-2.550000000000000000e+02	-1.452099999993110846e-01	3.273700000317275594e-02
-2.540000000000000000e+02	-1.418862486231188547e-01	4.547175000893092373e-02
-2.530000000000000000e+02	-1.374399999987695742e-01	5.789100000302138671e-02
-2.520000000000000000e+02	-1.319058314737812931e-01	6.989655245900448788e-02
-2.510000000000000000e+02	-1.253099999982443535e-01	8.139000000277847591e-02
-2.500000000000000000e+02	-1.177155544436303963e-01	9.228007119553520432e-02
-2.490000000000000000e+02	-1.091599999977366092e-01	1.024700000024351410e-01
-2.480000000000000000e+02	-9.970568461456444376e-02	1.118911018269291568e-01
-2.470000000000000000e+02	-8.943199999735447492e-02	1.204500000019956135e-01
-2.460000000000000000e+02	-7.841052027806261204e-02	1.280706262458583267e-01
-2.450000000000000000e+02	-6.672599999701690765e-02	1.347000000015134702e-01
-2.440000000000000000e+02	-5.446736824837972168e-02	1.402606263407407128e-01
-2.430000000000000000e+02	-4.172999999677472899e-02	1.447200000009696841e-01
-2.420000000000000000e+02	-2.861419425341320266e-02	1.480306256618202088e-01
-2.410000000000000000e+02	-1.522299999663312940e-02	1.501500000003781754e-01
-2.400000000000000000e+02	-1.662870291522064621e-03	1.510647821907865340e-01
-2.390000000000000000e+02	1.195700000339959372e-02	1.507599999997761842e-01
-2.380000000000000000e+02	2.552702187759024050e-02	1.492156401195691706e-01
-2.370000000000000000e+02	3.893600000332913397e-02	1.464599999991446910e-01
-2.360000000000000000e+02	5.207381927956366424e-02	1.424856243152234914e-01
-2.350000000000000000e+02	6.483200000314456868e-02	1.373299999985629904e-01
-2.340000000000000000e+02	7.710116319374298033e-02	1.310256789976098069e-01
-2.330000000000000000e+02	8.878000000284934357e-02	1.236199999980058528e-01
-2.320000000000000000e+02	9.976586138940808646e-02	1.151562539832194920e-01
-2.310000000000000000e+02	1.099600000024605895e-01	1.057099999974917687e-01
-2.300000000000000000e+02	1.192758004160571900e-01	9.534583409282511302e-02
-2.290000000000000000e+02	1.276300000019892633e-01	8.414899999708229383e-02
-2.280000000000000000e+02	1.349512499544646693e-01	7.220599997779572621e-02
-2.270000000000000000e+02	1.411500000014204170e-01	5.961299999674731648e-02
-2.260000000000000000e+02	1.461962485962419178e-01	4.647236114844020827e-02
-2.250000000000000000e+02	1.500200322010764031e-01	3.289000705602779240e-02
-2.240000000000000000e+02	1.525887019891856988e-01	1.897891613373295372e-02
-2.230000000000000000e+02	1.538700000001476109e-01	4.854199996408920664e-03
-2.220000000000000000e+02	1.538462498851797811e-01	-9.364842408588768680e-03
-2.210000000000000000e+02	1.525099999995138955e-01	-2.355800000358744192e-02
-2.200000000000000000e+02	1.498662492657568956e-01	-3.760320137194537310e-02
-2.190000000000000000e+02	1.459299999988094287e-01	-5.137900000345502205e-02
-2.180000000000000000e+02	1.407156250059108937e-01	-6.476438192686344297e-02
-2.170000000000000000e+02	1.342685430191607188e-01	-7.764115750102908164e-02
-2.160000000000000000e+02	1.266406243133227638e-01	-8.989556943763912789e-02
-2.150000000000000000e+02	1.178799999976237467e-01	-1.014100000028382714e-01
-2.140000000000000000e+02	1.080556253043845755e-01	-1.120906248851290254e-01
-2.130000000000000000e+02	9.725199999712305643e-02	-1.218400000023499297e-01
-2.120000000000000000e+02	8.555168487351338946e-02	-1.305449642186768122e-01
-2.110000000000000000e+02	7.305499999671007105e-02	-1.381400000017907470e-01
-2.100000000000000000e+02	5.986593388298054597e-02	-1.445508313503606757e-01
-2.090000000000000000e+02	4.609899999641509788e-02	-1.497100000011400422e-01
-2.080000000000000000e+02	3.186979832819467756e-02	-1.535562492584417460e-01
-2.070000000000000000e+02	1.730399999623569857e-02	-1.560500000004591548e-01
-2.060000000000000000e+02	2.528877353473305434e-03	-1.571656255949727410e-01
-2.050000000000000000e+02	-1.232400000381213452e-02	-1.568799999997326500e-01
-2.040000000000000000e+02	-2.712232799507187028e-02	-1.551807507122203167e-01
-2.030000000000000000e+02	-4.173104659934268740e-02	-1.520801698071217178e-01
-2.020000000000000000e+02	-5.601886787890789088e-02	-1.475856264129347950e-01
-2.010000000000000000e+02	-6.985194464236284262e-02	-1.417398876624069992e-01
-2.000000000000000000e+02	-8.310253864341676788e-02	-1.345805981361054837e-01
-1.990000000000000000e+02	-9.564500000313379269e-02	-1.261699999976680364e-01
-1.980000000000000000e+02	-1.073618504265406171e-01	-1.165662846474591618e-01
-1.970000000000000000e+02	-1.181307448075785554e-01	-1.058506673771049261e-01
-1.960000000000000000e+02	-1.278451469428199261e-01	-9.412432878908272293e-02
-1.950000000000000000e+02	-1.364200000020806824e-01	-8.147999999661878490e-02
-1.940000000000000000e+02	-1.437612492060670599e-01	-6.803007700863587803e-02
-1.930000000000000000e+02	-1.497800000014032629e-01	-5.389299999625831589e-02
-1.920000000000000000e+02	-1.544262514133510622e-01	-3.919786042956176914e-02
-1.910000000000000000e+02	-1.576400000006431823e-01	-2.407699999603325064e-02
-1.900000000000000000e+02	-1.593712489614221295e-01	-8.669837715679787685e-03
-1.890000000000000000e+02	-1.595999999998646002e-01	6.879500004048050288e-03
-1.880000000000000000e+02	-1.583218781807264608e-01	2.242452692349818782e-02
-1.870000000000000000e+02	-1.555199610210421246e-01	3.781799052563682845e-02
-1.860000000000000000e+02	-1.512162484878682989e-01	5.291088969946390608e-02
-1.850000000000000000e+02	-1.454399999983101988e-01	6.755600000374897829e-02
-1.840000000000000000e+02	-1.382462506905262900e-01	8.160906247915394873e-02
-1.830000000000000000e+02	-1.296699999975893525e-01	9.493000000337259436e-02
-1.820000000000000000e+02	-1.198112574068738168e-01	1.073806249398181478e-01
-1.810000000000000000e+02	-1.087299999969391501e-01	1.188400000028637382e-01
-1.800000000000000000e+02	-9.653825745258472202e-02	1.291806249646748617e-01
-1.790000000000000000e+02	-8.334522807294486579e-02	1.382998625541000115e-01
-1.780000000000000000e+02	-6.926963247795638046e-02	1.460968748937864492e-01
-1.770000000000000000e+02	-5.444399999602532458e-02	1.524700000014916901e-01
-1.760000000000000000e+02	-3.901087414328585634e-02	1.573662466813166572e-01
-1.750000000000000000e+02	-2.311699999577623149e-02	1.607000000006732210e-01
-1.740000000000000000e+02	-6.917876274854048262e-03	1.624518749867902290e-01
-1.730000000000000000e+02	9.427000004306860040e-03	1.625699999998189982e-01
-1.720000000000000000e+02	2.575420529363300556e-02	1.610456916464076127e-01
-1.710000000000000000e+02	4.189900000421280246e-02	1.578899999989267500e-01
-1.700000000000000000e+02	5.769496006578285485e-02	1.531069140362999181e-01
-1.690000000000000000e+02	7.297900000395515785e-02	1.467399999981133518e-01
-1.680000000000000000e+02	8.759167991263790143e-02	1.388368756337856058e-01
-1.670000000000000000e+02	1.013700000035357984e-01	1.294599999973401194e-01
-1.660000000000000000e+02	1.141806174792417417e-01	1.187068671377050771e-01
-1.650000000000000000e+02	1.258700000029230048e-01	1.066599999966685447e-01
-1.640000000000000000e+02	1.363049138932430904e-01	9.344891253935315445e-02
-1.630000000000000000e+02	1.453700000021994898e-01	7.919299999608991891e-02
-1.620000000000000000e+02	1.529612499902678890e-01	6.403210952865741323e-02
-1.610000000000000000e+02	1.589800000013770753e-01	4.811799999568945607e-02
-1.600000000000000000e+02	1.633518756847539555e-01	3.161130475337473045e-02
-1.590000000000000000e+02	1.660100000004541831e-01	1.468299999545854759e-02
-1.580000000000000000e+02	1.669112500760828732e-01	-2.490491397479090065e-03
-1.570000000000000000e+02	1.660299935455442633e-01	-1.972905431806644058e-02
-1.560000000000000000e+02	1.633662507474372971e-01	-3.684620300266810977e-02
-1.550000000000000000e+02	1.589199999985829725e-01	-5.365800000442613737e-02
-1.540000000000000000e+02	1.527306249817105555e-01	-6.997799222310158163e-02
-1.530000000000000000e+02	1.448499999976844144e-01	-8.562400000407392742e-02
-1.520000000000000000e+02	1.353418569287205553e-01	-1.004181669865523568e-01
-1.510000000000000000e+02	1.242899999968322539e-01	-1.141900000035187129e-01
-1.500000000000000000e+02	1.118162658162685924e-01	-1.267812498366467366e-01
-1.490000000000000000e+02	9.802799999614324189e-02	-1.380300000028301388e-01
-1.480000000000000000e+02	8.307731246900734723e-02	-1.478112507422083277e-01
-1.470000000000000000e+02	6.711499999559265850e-02	-1.559900000019745214e-01
-1.460000000000000000e+02	5.031000796518775992e-02	-1.624568748988398648e-01
-1.450000000000000000e+02	3.284499999523340236e-02	-1.671300000009962594e-01
-1.440000000000000000e+02	1.490875801561069094e-02	-1.699368765077262644e-01
-1.430000000000000000e+02	-3.297558375340944436e-03	-1.708199988731656516e-01
-1.420000000000000000e+02	-2.156857856079133495e-02	-1.697462507694224576e-01
-1.410000000000000000e+02	-3.969600000484552194e-02	-1.667199999989162351e-01
-1.400000000000000000e+02	-5.746742139848876746e-02	-1.617462507405648675e-01
-1.390000000000000000e+02	-7.467400000454886555e-02	-1.548599999978899355e-01
-1.380000000000000000e+02	-9.110724187778435068e-02	-1.461368765009214421e-01
-1.370000000000000000e+02	-1.065700000040390866e-01	-1.356299999969297621e-01
-1.360000000000000000e+02	-1.208612579206785331e-01	-1.234706415847105776e-01
-1.350000000000000000e+02	-1.338100000033089210e-01	-1.097699999961214701e-01
-1.340000000000000000e+02	-1.452374250326151639e-01	-9.468310053742760857e-02
-1.330000000000000000e+02	-1.549900000023959334e-01	-7.836799999542319595e-02
-1.320000000000000000e+02	-1.629312491409861674e-01	-6.100818744784265724e-02
-1.310000000000000000e+02	-1.689600000013522785e-01	-4.280199999495960111e-02
-1.300000000000000000e+02	-1.729562387399318224e-01	-2.396142744775665509e-02
-1.290000000000000000e+02	-1.748700000002604005e-01	-4.709099994732823466e-03
-1.280000000000000000e+02	-1.746312491284304214e-01	1.472254587145148744e-02
-1.270000000000000000e+02	-1.722399999990412989e-01	3.409600000524795615e-02
-1.260000000000000000e+02	-1.676875015343534392e-01	5.317037495844893769e-02
-1.250000000000000000e+02	-1.609999999979085661e-01	7.170300000496297732e-02
-1.240000000000000000e+02	-1.522525006925861679e-01	8.945531244241788915e-02
-1.230000000000000000e+02	-1.415099999968122135e-01	1.061900000044115888e-01
-1.220000000000000000e+02	-1.289012328563026166e-01	1.216912500967266136e-01
-1.210000000000000000e+02	-1.145499999958464049e-01	1.357400000036293464e-01
-1.200000000000000000e+02	-9.863404117895090140e-02	1.481317803980315151e-01
-1.190000000000000000e+02	-8.132799999508623368e-02	1.586900000026195134e-01
-1.180000000000000000e+02	-6.284174994071047016e-02	1.672512499369094296e-01
-1.170000000000000000e+02	-4.340299999455591445e-02	1.736900000014635903e-01
-1.160000000000000000e+02	-2.325486629565859734e-02	1.778818731925360386e-01
-1.150000000000000000e+02	-2.653299994298867655e-03	1.797400000001946607e-01
-1.140000000000000000e+02	1.813257116068462890e-02	1.792218757826063436e-01
-1.130000000000000000e+02	3.882700000565537934e-02	1.762899999988593591e-01
-1.120000000000000000e+02	5.914905381053686684e-02	1.709518740098098233e-01
-1.110000000000000000e+02	7.881958892294634034e-02	1.632512197644543361e-01
-1.100000000000000000e+02	9.755841133886698768e-02	1.532618756264697568e-01
-1.090000000000000000e+02	1.151000000046457777e-01	1.410899999963372009e-01
-1.080000000000000000e+02	1.311820425582750915e-01	1.268620195938502948e-01
-1.070000000000000000e+02	1.455500000037020514e-01	1.107499999953052289e-01
-1.060000000000000000e+02	1.579968215669185494e-01	9.296470970040696113e-02
-1.050000000000000000e+02	1.683100000025494203e-01	7.372099999449210905e-02
-1.040000000000000000e+02	1.763118758185125146e-01	5.327430344221966568e-02
-1.030000000000000000e+02	1.818600000011691697e-01	3.189699999397551528e-02
-1.020000000000000000e+02	1.848275016161662065e-01	9.884230656003464149e-03
-1.010000000000000000e+02	1.851399999997223600e-01	-1.245600000621412129e-02
-1.000000000000000000e+02	1.827412490688259672e-01	-3.480168752057762743e-02
-9.900000000000000000e+01	1.776499999981987210e-01	-5.682700000604672119e-02
-9.800000000000000000e+01	1.698668758621781072e-01	-7.820032153144057530e-02
-9.700000000000000000e+01	1.594899999967477611e-01	-9.859200000550366605e-02
-9.600000000000000000e+01	1.466218562239968715e-01	-1.176812411048396151e-01
-9.500000000000000000e+01	1.314199999954586140e-01	-1.351600000046166428e-01
-9.400000000000000000e+01	1.140768656134689557e-01	-1.507318841565498113e-01
-9.300000000000000000e+01	9.481899999438316018e-02	-1.641300000034191797e-01
-9.200000000000000000e+01	7.391607184090918936e-02	-1.751018739537401891e-01
-9.100000000000000000e+01	5.166599999361748408e-02	-1.834500000019578247e-01
-9.000000000000000000e+01	2.839494798330194011e-02	-1.889868925948988698e-01
-8.900000000000000000e+01	4.454399993237832638e-03	-1.915800000003032577e-01
-8.800000000000000000e+01	-1.978441655955232720e-02	-1.911475139430268977e-01
-8.700000000000000000e+01	-4.393600000672158445e-02	-1.876299999985737987e-01
-8.600000000000000000e+01	-6.760669695357540698e-02	-1.810268759085492951e-01
-8.500000000000000000e+01	-9.040200000624039334e-02	-1.714099999968765053e-01
-8.400000000000000000e+01	-1.119318845682747005e-01	-1.588618652021414335e-01
-8.300000000000000000e+01	-1.318100000053061271e-01	-1.435399999953388961e-01
-8.200000000000000000e+01	-1.496724805764284572e-01	-1.256612496715997784e-01
-8.100000000000000000e+01	-1.651800000040099525e-01	-1.054699999940109795e-01
-8.000000000000000000e+01	-1.780269130405488787e-01	-8.325791375506910730e-02
-7.900000000000000000e+01	-1.879400000023603579e-01	-5.937999999307067706e-02
-7.800000000000000000e+01	-1.946875157940524959e-01	-3.421265924127400715e-02
-7.700000000000000000e+01	-1.980899940767397727e-01	-8.172343579542419578e-03
-7.600000000000000000e+01	-1.980075018696930977e-01	1.829749998109308703e-02
-7.500000000000000000e+01	-1.943799999984854310e-01	4.473200000742625498e-02
-7.400000000000000000e+01	-1.871976323677977672e-01	7.065394915727518654e-02
-7.300000000000000000e+01	-1.765099999964643840e-01	9.558000000687341680e-02
-7.200000000000000000e+01	-1.624330462549030407e-01	1.190319782437288393e-01
-7.100000000000000000e+01	-1.451608239641090370e-01	1.405307976940356751e-01
-7.000000000000000000e+01	-1.249468645544909579e-01	1.596418852339064054e-01
-6.900000000000000000e+01	-1.021003948018587293e-01	1.759506803821337950e-01
-6.800000000000000000e+01	-7.701542685367000762e-02	1.890681258457431735e-01
-6.700000000000000000e+01	-5.011099999213615430e-02	1.986700000022055823e-01
-6.600000000000000000e+01	-2.187668144619034707e-02	2.044985898373918587e-01
-6.500000000000000000e+01	7.161200008323534080e-03	2.063199999999050238e-01
-6.400000000000000000e+01	3.644014125238602408e-02	2.040277896092352050e-01
-6.300000000000000000e+01	6.537400000814751200e-02	1.975499999975700027e-01
-6.200000000000000000e+01	9.335936306839853760e-02	1.869124551192352102e-01
-6.100000000000000000e+01	1.197900000072627119e-01	1.722399999952236582e-01
-6.000000000000000000e+01	1.440824783107527429e-01	1.537224995030843089e-01
-5.900000000000000000e+01	1.656500000057265498e-01	1.316599999931970522e-01
-5.800000000000000000e+01	1.839531139367928947e-01	1.064268633860914054e-01
-5.700000000000000000e+01	1.985100000035968093e-01	7.849099999166449237e-02
-5.600000000000000000e+01	2.088993746173526123e-01	4.838673857864015521e-02
-5.500000000000000000e+01	2.147500000010106325e-01	1.672899999076597755e-02
-5.400000000000000000e+01	2.158187702856078083e-01	-1.581087632335267251e-02
-5.300000000000000000e+01	2.119299999981638927e-01	-4.850900000933976858e-02
-5.200000000000000000e+01	2.030193745286712759e-01	-8.060961356059823113e-02
-5.100000000000000000e+01	1.891499999953070998e-01	-1.113300000085764296e-01
-5.000000000000000000e+01	1.704889550847887847e-01	-1.399026456777978378e-01
-4.900000000000000000e+01	1.473499999927395387e-01	-1.655400000069006117e-01
-4.800000000000000000e+01	1.201475123507620701e-01	-1.875331480726574740e-01
-4.700000000000000000e+01	8.943699999071970386e-02	-2.052000000044509054e-01
-4.600000000000000000e+01	5.587819946549503480e-02	-2.179393757788512798e-01
-4.500000000000000000e+01	2.024299998949240231e-02	-2.252500000012687964e-01
-4.400000000000000000e+01	-1.660327917694348621e-02	-2.267450053363733176e-01
-4.300000000000000000e+01	-5.371600001067377422e-02	-2.221699999977954920e-01
-4.200000000000000000e+01	-9.009207057068310820e-02	-2.114293244197524013e-01
-4.100000000000000000e+01	-1.246900000096658606e-01	-1.945899999942377334e-01
-4.000000000000000000e+01	-1.564737371220888962e-01	-1.718843742963979404e-01
-3.900000000000000000e+01	-1.844000000074183243e-01	-1.437299999911064441e-01
-3.800000000000000000e+01	-2.074999867084460214e-01	-1.107381242445947961e-01
-3.700000000000000000e+01	-2.248700000041360114e-01	-7.369799998874783376e-02
-3.600000000000000000e+01	-2.357506257212520218e-01	-3.356154899937813241e-02
-3.500000000000000000e+01	-2.395100000000179585e-01	8.552300012411983426e-03
-3.400000000000000000e+01	-2.357086520199545288e-01	5.139105069920178043e-02
-3.300000000000000000e+01	-2.241199999955253153e-01	9.359000001201983610e-02
-3.200000000000000000e+01	-2.047662634898515521e-01	1.337181514690095607e-01
-3.100000000000000000e+01	-1.779299999911154451e-01	1.703000000100017286e-01
-3.000000000000000000e+01	-1.441749999589774789e-01	2.018900271810405156e-01
-2.900000000000000000e+01	-1.043499999876087436e-01	2.271100000062922786e-01
-2.800000000000000000e+01	-5.960581191318040095e-02	2.446812478642549638e-01
-2.700000000000000000e+01	-1.135099998553559635e-02	2.535500000012117505e-01
-2.600000000000000000e+01	3.874304784356853715e-02	2.528731253001965107e-01
-2.500000000000000000e+01	8.879200001445071433e-02	2.421399999953539051e-01
-2.400000000000000000e+01	1.367487504681991206e-01	2.212087173756120406e-01
-2.300000000000000000e+01	1.804700000119818792e-01	1.903199999895323347e-01
-2.200000000000000000e+01	2.177862488054353729e-01	1.502012809423491912e-01
-2.100000000000000000e+01	2.466300000070209553e-01	1.020499999848582251e-01
-2.000000000000000000e+01	2.650993979321508154e-01	4.757370084951587780e-02
-1.900000000000000000e+01	2.716009962858119686e-01	-1.106804061734846696e-02
-1.800000000000000000e+01	2.649706233415536905e-01	-7.126314090992519334e-02
-1.700000000000000000e+01	2.445999999919593326e-01	-1.300300000167801395e-01
-1.600000000000000000e+01	2.105411602339289645e-01	-1.841417361052521962e-01
-1.500000000000000000e+01	1.636199999844355490e-01	-2.302300000120962586e-01
-1.400000000000000000e+01	1.055422751889712185e-01	-2.650107810323246715e-01
-1.300000000000000000e+01	3.885799997937761791e-02	-2.854600000036570662e-01
-1.200000000000000000e+01	-3.295272702706255469e-02	-2.890900076566176868e-01
-1.100000000000000000e+01	-1.056200000211361817e-01	-2.741999999927721698e-01
-1.000000000000000000e+01	-1.742223352194338659e-01	-2.401648119354598265e-01
-9.000000000000000000e+00	-2.334300000155793142e-01	-1.876899999819102716e-01
-8.000000000000000000e+00	-2.778506004636124294e-01	-1.190506414642101274e-01
-7.000000000000000000e+00	-3.025300000039545245e-01	-3.817599997475699947e-02
-6.000000000000000000e+00	-3.034412542159840021e-01	4.928035640199430328e-02
-5.000000000000000000e+00	-2.781600125336675666e-01	1.361600061657546878e-01
-4.000000000000000000e+00	-2.264539383978385334e-01	2.141939651064556915e-01
-3.000000000000000000e+00	-1.508599999744701936e-01	2.746600000144941989e-01
-2.000000000000000000e+00	-5.704570799472565013e-02	3.093756323776848394e-01
-1.000000000000000000e+00	4.618899864739826194e-02	3.118899906527510812e-01
0.000000000000000000e+00	1.473418965376521172e-01	2.788080863985196722e-01
1.000000000000000000e+00	2.333300000220459580e-01	2.110899999751814637e-01
2.000000000000000000e+00	2.912006655169100955e-01	1.149237689642354787e-01
3.000000000000000000e+00	3.104599999992735948e-01	1.850599965265258646e-03
4.000000000000000000e+00	2.854950178131174798e-01	-1.121841804649182789e-01
5.000000000000000000e+00	2.176799999740905711e-01	-2.090300000245845780e-01
6.000000000000000000e+00	1.163742474035903418e-01	-2.716427860522184212e-01
7.000000000000000000e+00	-1.747400035772773931e-03	-2.878899999973025259e-01
8.000000000000000000e+00	-1.153609094021754017e-01	-2.539543181391570870e-01
9.000000000000000000e+00	-2.028900000204387488e-01	-1.761999999715346266e-01
1.000000000000000000e+01	-2.475912593937591999e-01	-7.046430787839506882e-02
1.100000000000000000e+01	-2.417699999907520492e-01	4.116000003196600837e-02
1.200000000000000000e+01	-1.888968981609797648e-01	1.354393951727995982e-01
1.300000000000000000e+01	-1.028599999711793112e-01	1.935900000108035091e-01
1.400000000000000000e+01	-4.503378098983865097e-03	2.058162881429445035e-01
1.500000000000000000e+01	8.375600002298419500e-02	1.734399999845235296e-01
1.600000000000000000e+01	1.436019382767454999e-01	1.079772712587304950e-01
1.700000000000000000e+01	1.649300000003273425e-01	2.742399997549462010e-02
1.800000000000000000e+01	1.474395214191768499e-01	-4.856945726119079459e-02
1.900000000000000000e+01	9.983299998249325902e-02	-1.035300000122366670e-01
2.000000000000000000e+01	3.674263502519882485e-02	-1.278012611816741195e-01
2.100000000000000000e+01	-2.544400001711574072e-02	-1.200499999932982259e-01
2.200000000000000000e+01	-7.278016932370039160e-02	-8.652327755562802536e-02
2.300000000000000000e+01	-9.664900000329215701e-02	-3.847899998460076881e-02
2.400000000000000000e+01	-9.496171764781155544e-02	1.106577150586663012e-02
2.500000000000000000e+01	-7.179799999052551007e-02	5.053800000952472782e-02
2.600000000000000000e+01	-3.564129261672112359e-02	7.232522826595220999e-02
2.700000000000000000e+01	3.227300493620118959e-03	7.402601106357327432e-02
2.800000000000000000e+01	3.542024552486481431e-02	5.825703608387528681e-02
2.900000000000000000e+01	5.447542520900437030e-02	3.127966994521269584e-02
3.000000000000000000e+01	5.790845315690915096e-02	1.063808590597088884e-03
3.100000000000000000e+01	4.727718499608645625e-02	-2.480809708349404272e-02
3.200000000000000000e+01	2.724743252396729515e-02	-4.090966807518340437e-02
3.300000000000000000e+01	4.006152325983847358e-03	-4.497000424587378059e-02
3.400000000000000000e+01	-1.647161620134020982e-02	-3.792422451587503657e-02
3.500000000000000000e+01	-2.979213958845845778e-02	-2.317210856358459595e-02
3.600000000000000000e+01	-3.393059034713691302e-02	-5.414961045921454393e-03
3.700000000000000000e+01	-2.937236157090238053e-02	1.066213125494815811e-02
3.800000000000000000e+01	-1.859793086294586617e-02	2.153399029397349076e-02
3.900000000000000000e+01	-5.151458747568963582e-03	2.549079589254164488e-02
4.000000000000000000e+01	7.384995533269687190e-03	2.272886989895745585e-02
4.100000000000000000e+01	1.622400000194408262e-02	1.497799999712118996e-02
4.200000000000000000e+01	1.989170002213380001e-02	4.861194569843287246e-03
4.300000000000000000e+01	1.837028404732991144e-02	-4.866910322873529461e-03
4.400000000000000000e+01	1.286287441875436609e-02	-1.200037458742002870e-02
4.500000000000000000e+01	5.293199997580924285e-03	-1.529600000037934990e-02
4.600000000000000000e+01	-2.246066988935386394e-03	-1.459778148168498942e-02
4.700000000000000000e+01	-7.996600001359188345e-03	-1.069699999844789078e-02
4.800000000000000000e+01	-1.089108047010665069e-02	-5.012642510590792182e-03
4.900000000000000000e+01	-1.069957993561135995e-02	8.421656485352964003e-04
5.000000000000000000e+01	-7.950769297311600578e-03	5.467698560867912880e-03
5.100000000000000000e+01	-3.686002088800431273e-03	7.965753487385979562e-03
5.200000000000000000e+01	8.488129500622311474e-04	8.086783753258561594e-03
5.300000000000000000e+01	4.550269820298227796e-03	6.180766502831255664e-03
5.400000000000000000e+01	6.668572356128475882e-03	3.002680135416242214e-03
5.500000000000000000e+01	6.942505287741702717e-03	-4.825920684440737087e-04
5.600000000000000000e+01	5.631112317479277860e-03	-3.398039727464088368e-03
5.700000000000000000e+01	3.284892350840912072e-03	-5.150798216804555914e-03
5.800000000000000000e+01	6.250203048678451643e-04	-5.499787655936613090e-03
5.900000000000000000e+01	-1.663041148074449272e-03	-4.619470080731507937e-03
6.000000000000000000e+01	-3.109840234328607733e-03	-2.897841307001993664e-03
6.100000000000000000e+01	-3.501440725839355828e-03	-8.708996194023282131e-04
6.200000000000000000e+01	-2.919872096977350635e-03	9.282281070765606348e-04
6.300000000000000000e+01	-1.663526530515651615e-03	2.120068803404340143e-03
6.400000000000000000e+01	-1.250550315541400529e-04	2.511130121956056671e-03
6.500000000000000000e+01	1.278342444334288350e-03	2.147699282143547550e-03
6.600000000000000000e+01	2.246058078103143740e-03	1.239243180012563565e-03
6.700000000000000000e+01	2.630689716959014584e-03	8.077463404656677853e-05
6.800000000000000000e+01	2.413415000511281907e-03	-1.020745201282414116e-03
6.900000000000000000e+01	1.750051705763475086e-03	-1.811335612225709220e-03
7.000000000000000000e+01	8.649871865377180020e-04	-2.153789080226352608e-03
7.100000000000000000e+01	4.757397563414417987e-07	-2.036999999903398202e-03
7.200000000000000000e+01	-6.451438090182868646e-04	-1.566739165782977125e-03
7.300000000000000000e+01	-9.564664420788124679e-04	-9.042184865867670084e-04
7.400000000000000000e+01	-9.147026715613058986e-04	-2.374452690715277820e-04
7.500000000000000000e+01	-5.880759871694553071e-04	2.755959420127935145e-04
7.600000000000000000e+01	-1.000334355877566153e-04	5.387086273815491029e-04
7.700000000000000000e+01	4.054224699645918284e-04	5.267923168749860966e-04
7.800000000000000000e+01	8.060532095681460828e-04	2.905595484645314623e-04
7.900000000000000000e+01	1.007750858760864468e-03	-8.125786067204009144e-05
8.000000000000000000e+01	1.010786360243754161e-03	-4.753029375139061720e-04
8.100000000000000000e+01	8.393158755047720699e-04	-8.006769513250364904e-04
8.200000000000000000e+01	5.524933356229086261e-04	-9.865504237914751035e-04
8.300000000000000000e+01	2.383079744566031033e-04	-1.015378330889971613e-03
8.400000000000000000e+01	-2.883325184705046374e-05	-9.053128484868360436e-04
8.500000000000000000e+01	-1.967613789179943889e-04	-7.043989431900501107e-04
8.600000000000000000e+01	-2.458923838519292424e-04	-4.764649543805403193e-04
8.700000000000000000e+01	-1.885175984774547391e-04	-2.806755677448280169e-04
8.800000000000000000e+01	-5.375909169989511865e-05	-1.513358864129072680e-04
8.900000000000000000e+01	1.059961571076489182e-04	-1.145195593810484591e-04
9.000000000000000000e+01	2.494976671476914205e-04	-1.642306941170676611e-04
9.100000000000000000e+01	3.408007069715209198e-04	-2.743017876663601568e-04
9.200000000000000000e+01	3.631467809177137498e-04	-4.102568613728381931e-04
9.300000000000000000e+01	3.191244649024750808e-04	-5.373109025695547297e-04
9.400000000000000000e+01	2.245298641594783821e-04	-6.244001569818980737e-04
9.500000000000000000e+01	1.079710718800114781e-04	-6.604972189163776626e-04
9.600000000000000000e+01	-3.492276778863112855e-06	-6.464304886181135561e-04
9.700000000000000000e+01	-8.750975256126886819e-05	-5.886766214269380107e-04
9.800000000000000000e+01	-1.320920111034749867e-04	-5.141174745983387350e-04
9.900000000000000000e+01	-1.367439498268215666e-04	-4.429773174179194744e-04
1.000000000000000000e+02	-1.089922933387100552e-04	-3.896910719444198834e-04
1.010000000000000000e+02	-6.268858668707364475e-05	-3.603321856879893362e-04
1.020000000000000000e+02	-1.676172811192914853e-05	-3.676765730992593954e-04
1.030000000000000000e+02	1.609100000716413243e-05	-3.935000000114548366e-04
1.040000000000000000e+02	2.703651998718941860e-05	-4.356021710129999794e-04
1.050000000000000000e+02	1.445179748337826515e-05	-4.786635240987148336e-04
1.060000000000000000e+02	-1.751970666255621602e-05	-5.117300651821060859e-04
1.070000000000000000e+02	-6.122159794868465492e-05	-5.324994004475235281e-04
