# # Time 	 h_plus 	 h_cross 
# 
-4.090000000000000000e+02	7.656780081677022620e-02	9.462771353119930895e-03
-4.080000000000000000e+02	7.667213956578777800e-02	2.894291255580385205e-03
-4.070000000000000000e+02	7.621308605160714844e-02	-3.680939965828078798e-03
-4.060000000000000000e+02	7.519116657625246614e-02	-1.021778223844864789e-02
-4.050000000000000000e+02	7.361136833984734118e-02	-1.666693506318970772e-02
-4.040000000000000000e+02	7.148330089962325051e-02	-2.297934911559243801e-02
-4.030000000000000000e+02	6.881981810544589295e-02	-2.911042700188939264e-02
-4.020000000000000000e+02	6.564090311763977337e-02	-3.500974374516761106e-02
-4.010000000000000000e+02	6.196995711366235643e-02	-4.063345936675910597e-02
-4.000000000000000000e+02	5.782147656985044820e-02	-4.593228197672323543e-02
-3.990000000000000000e+02	5.325910597329862328e-02	-5.088709096935942200e-02
-3.980000000000000000e+02	4.830900718673290795e-02	-5.546306328762278665e-02
-3.970000000000000000e+02	4.300060447727372531e-02	-5.962227480669944624e-02
-3.960000000000000000e+02	3.736858515453011370e-02	-6.332959370926929954e-02
-3.950000000000000000e+02	3.145108748832290552e-02	-6.655418562619024037e-02
-3.940000000000000000e+02	2.529148217621986217e-02	-6.926866392239022785e-02
-3.930000000000000000e+02	1.893972654690362009e-02	-7.144976579470020683e-02
-3.920000000000000000e+02	1.243925739788932956e-02	-7.308236431134838840e-02
-3.910000000000000000e+02	5.839201209243267271e-03	-7.415440851445176396e-02
-3.900000000000000000e+02	-8.091309614595899218e-04	-7.466237105936798790e-02
-3.890000000000000000e+02	-7.452681681926480624e-03	-7.460041419458718348e-02
-3.880000000000000000e+02	-1.404536953237232010e-02	-7.396765961521986621e-02
-3.870000000000000000e+02	-2.053483732259363953e-02	-7.276396196591766730e-02
-3.860000000000000000e+02	-2.687414432588244514e-02	-7.099734931025346307e-02
-3.850000000000000000e+02	-3.301718604664374834e-02	-6.868621745772325593e-02
-3.840000000000000000e+02	-3.891491120810108839e-02	-6.585054894286164473e-02
-3.830000000000000000e+02	-4.452817469033552855e-02	-6.250923102946062682e-02
-3.820000000000000000e+02	-4.981437527738895310e-02	-5.868610154469606349e-02
-3.810000000000000000e+02	-5.473281408565356526e-02	-5.440763190837340224e-02
-3.800000000000000000e+02	-5.921430896474143279e-02	-4.967561926930282035e-02
-3.790000000000000000e+02	-6.325724849496223989e-02	-4.455929387364431643e-02
-3.780000000000000000e+02	-6.683449328079275886e-02	-3.909425907216516893e-02
-3.770000000000000000e+02	-6.992024107606094330e-02	-3.331790915206466613e-02
-3.760000000000000000e+02	-7.249042108679677743e-02	-2.726926621711125640e-02
-3.750000000000000000e+02	-7.448861056830330396e-02	-2.097695915100587435e-02
-3.740000000000000000e+02	-7.591847373898923113e-02	-1.450026592713695231e-02
-3.730000000000000000e+02	-7.677804232376661542e-02	-7.885200005671796561e-03
-3.720000000000000000e+02	-7.705891212407856017e-02	-1.178692487350912945e-03
-3.710000000000000000e+02	-7.675607038608486810e-02	5.567559263226555706e-03
-3.700000000000000000e+02	-7.586854581631206906e-02	1.230597829350306080e-02
-3.690000000000000000e+02	-7.439714966493782278e-02	1.899515220903490870e-02
-3.680000000000000000e+02	-7.235432877847518263e-02	2.557814891910439523e-02
-3.670000000000000000e+02	-6.976188914726384749e-02	3.201454812867035593e-02
-3.660000000000000000e+02	-6.661266182130523572e-02	3.825234485054321981e-02
-3.650000000000000000e+02	-6.292818524230682498e-02	4.423629105497885183e-02
-3.640000000000000000e+02	-5.873200491237767773e-02	4.992074804936934979e-02
-3.630000000000000000e+02	-5.405516192760455307e-02	5.525981992826343309e-02
-3.620000000000000000e+02	-4.893504080140933382e-02	6.021115852700446164e-02
-3.610000000000000000e+02	-4.344158742474264756e-02	6.478200559581001605e-02
-3.600000000000000000e+02	-3.757511640805268754e-02	6.889689360629080994e-02
-3.590000000000000000e+02	-3.137608972599533613e-02	7.251695740957445069e-02
-3.580000000000000000e+02	-2.489967347653338978e-02	7.560925505644280897e-02
-3.570000000000000000e+02	-1.818803763365979195e-02	7.815369008659499295e-02
-3.560000000000000000e+02	-1.129503900937530586e-02	8.015335387740503414e-02
-3.550000000000000000e+02	-4.273211240778978202e-03	8.157708882459717425e-02
-3.540000000000000000e+02	2.828455155971824550e-03	8.240455658993853238e-02
-3.530000000000000000e+02	9.963472890193066089e-03	8.262712644515335381e-02
-3.520000000000000000e+02	1.706753681983261620e-02	8.224232119438043553e-02
-3.510000000000000000e+02	2.409059670256748914e-02	8.124549907974777663e-02
-3.500000000000000000e+02	3.098512754336747721e-02	7.964595299693794095e-02
-3.490000000000000000e+02	3.769992884094731933e-02	7.745491312320856858e-02
-3.480000000000000000e+02	4.418110716703912283e-02	7.468758537601544178e-02
-3.470000000000000000e+02	5.037788111487803699e-02	7.136243634688779758e-02
-3.460000000000000000e+02	5.624195268284937904e-02	6.749086139683591057e-02
-3.450000000000000000e+02	6.170854557052977279e-02	6.308460607693751332e-02
-3.440000000000000000e+02	6.675544403664651627e-02	5.819864713349893331e-02
-3.430000000000000000e+02	7.134425569374823473e-02	5.286609292648497549e-02
-3.420000000000000000e+02	7.543768467280767553e-02	4.712260695238164321e-02
-3.410000000000000000e+02	7.900005352431886674e-02	4.100589144473699987e-02
-3.400000000000000000e+02	8.196462782166324956e-02	3.454321293615316563e-02
-3.390000000000000000e+02	8.433969801082012718e-02	2.780036128685890728e-02
-3.380000000000000000e+02	8.610377528377552436e-02	2.082666369999743375e-02
-3.370000000000000000e+02	8.723841915822681814e-02	1.367100300056274878e-02
-3.360000000000000000e+02	8.771857711697723936e-02	6.385343343416328282e-03
-3.350000000000000000e+02	8.753560987038566665e-02	-9.759942954795750459e-04
-3.340000000000000000e+02	8.669801968069594522e-02	-8.354397550851508022e-03
-3.330000000000000000e+02	8.520737672981032462e-02	-1.569490552563342772e-02
-3.320000000000000000e+02	8.306811121545265575e-02	-2.294196961726733749e-02
-3.310000000000000000e+02	8.029188087525718220e-02	-3.004129773107588539e-02
-3.300000000000000000e+02	7.689623290067224004e-02	-3.693295074420596680e-02
-3.290000000000000000e+02	7.290542963677387744e-02	-4.355918790947247571e-02
-3.280000000000000000e+02	6.836556461263766649e-02	-4.988931971048595621e-02
-3.270000000000000000e+02	6.330012220574032789e-02	-5.586686320628488078e-02
-3.260000000000000000e+02	5.772929492957163539e-02	-6.142828562284335242e-02
-3.250000000000000000e+02	5.169122709161229345e-02	-6.652708020532760447e-02
-3.240000000000000000e+02	4.523667801929241034e-02	-7.111707500906210011e-02
-3.230000000000000000e+02	3.842448131456145666e-02	-7.517143010108945367e-02
-3.220000000000000000e+02	3.133069143033639925e-02	-7.871374498437236356e-02
-3.210000000000000000e+02	2.397547975334372514e-02	-8.165356665649295409e-02
-3.200000000000000000e+02	1.641773358410507713e-02	-8.396445674178518170e-02
-3.190000000000000000e+02	8.723936775120247344e-03	-8.562759749619905381e-02
-3.180000000000000000e+02	9.555822675052245280e-04	-8.663403857724560897e-02
-3.170000000000000000e+02	-6.824132613799161785e-03	-8.699988292827777470e-02
-3.160000000000000000e+02	-1.455845083357438542e-02	-8.672203432523760414e-02
-3.150000000000000000e+02	-2.218584096743412074e-02	-8.578779907961329998e-02
-3.140000000000000000e+02	-2.964587984826856301e-02	-8.420638720344510164e-02
-3.130000000000000000e+02	-3.687946468868395083e-02	-8.199223353546078452e-02
-3.120000000000000000e+02	-4.382511575243468877e-02	-7.914796063635444467e-02
-3.110000000000000000e+02	-5.043021308657052310e-02	-7.571554826978436903e-02
-3.100000000000000000e+02	-5.665115659611549143e-02	-7.172456593630933963e-02
-3.090000000000000000e+02	-6.243993227251328632e-02	-6.720771134788994239e-02
-3.080000000000000000e+02	-6.774340500385916952e-02	-6.219240859252925940e-02
-3.070000000000000000e+02	-7.249197585250506670e-02	-5.669679800649663620e-02
-3.060000000000000000e+02	-7.668092886328832514e-02	-5.079752544299716982e-02
-3.050000000000000000e+02	-8.028108149944822303e-02	-4.454215338203956071e-02
-3.040000000000000000e+02	-8.326590633092023630e-02	-3.797850680500598070e-02
-3.030000000000000000e+02	-8.561082713645271070e-02	-3.115537498242245892e-02
-3.020000000000000000e+02	-8.728425097911643449e-02	-2.412157866355914629e-02
-3.010000000000000000e+02	-8.824776870964884390e-02	-1.692999254230394962e-02
-3.000000000000000000e+02	-8.853161965904444985e-02	-9.649155356746237991e-03
-2.990000000000000000e+02	-8.813260070758684173e-02	-2.335395465683703931e-03
-2.980000000000000000e+02	-8.703646400650361104e-02	4.954470570580554040e-03
-2.970000000000000000e+02	-8.525498122974091431e-02	1.215815025333448311e-02
-2.960000000000000000e+02	-8.281159879671713686e-02	1.922394483222823400e-02
-2.950000000000000000e+02	-7.972664809351763526e-02	2.608765147436804821e-02
-2.940000000000000000e+02	-7.602494347152760623e-02	3.269278331096531209e-02
-2.930000000000000000e+02	-7.172865123284416500e-02	3.899723510531141746e-02
-2.920000000000000000e+02	-6.687421297840856482e-02	4.493762767132705727e-02
-2.910000000000000000e+02	-6.150217921416099159e-02	5.046178079450962944e-02
-2.900000000000000000e+02	-5.565122156530931397e-02	5.553062518223056410e-02
-2.890000000000000000e+02	-4.940655941873769302e-02	6.013730597316327420e-02
-2.880000000000000000e+02	-4.277578326536037034e-02	6.420711216852881265e-02
-2.870000000000000000e+02	-3.581455027044774808e-02	6.769206501899065198e-02
-2.860000000000000000e+02	-2.858345629035775534e-02	7.055915082739383504e-02
-2.850000000000000000e+02	-2.115895991251027716e-02	7.280946463021710502e-02
-2.840000000000000000e+02	-1.361111176541883114e-02	7.447968712497358978e-02
-2.830000000000000000e+02	-5.982060147679754691e-03	7.548412877921771569e-02
-2.820000000000000000e+02	1.660108908318640554e-03	7.581141625541942819e-02
-2.810000000000000000e+02	9.246080269619131112e-03	7.546035111940162243e-02
-2.800000000000000000e+02	1.670409273261432015e-02	7.444008826029946402e-02
-2.790000000000000000e+02	2.397456064218933536e-02	7.276660463459937167e-02
-2.780000000000000000e+02	3.099906740188463489e-02	7.048374089095987838e-02
-2.770000000000000000e+02	3.771485856570931661e-02	6.758847469034520716e-02
-2.760000000000000000e+02	4.406157485928554468e-02	6.410393772480349472e-02
-2.750000000000000000e+02	4.997854878016869812e-02	6.005382009444122648e-02
-2.740000000000000000e+02	5.541288355526791110e-02	5.548274861255817619e-02
-2.730000000000000000e+02	6.032108722445395782e-02	5.043759821285054290e-02
-2.720000000000000000e+02	6.465622255404814001e-02	4.495352236469534607e-02
-2.710000000000000000e+02	6.835125150390532200e-02	3.906453036949237428e-02
-2.700000000000000000e+02	7.140228772547738134e-02	3.285128425995937490e-02
-2.690000000000000000e+02	7.378638333750925371e-02	2.637123892987499468e-02
-2.680000000000000000e+02	7.548409495596156149e-02	1.967821873415834949e-02
-2.670000000000000000e+02	7.646603878831434442e-02	1.282857232735065689e-02
-2.660000000000000000e+02	7.666108120759929090e-02	5.881500740242438970e-03
-2.650000000000000000e+02	7.613336615313383293e-02	-1.082730317132717286e-03
-2.640000000000000000e+02	7.488745658488016321e-02	-8.007724019639152202e-03
-2.630000000000000000e+02	7.293076607790367760e-02	-1.482297466009813852e-02
-2.620000000000000000e+02	7.027508989912679971e-02	-2.146170102350481237e-02
-2.610000000000000000e+02	6.691352526241271803e-02	-2.786442710146972562e-02
-2.600000000000000000e+02	6.289145016204124305e-02	-3.395929291194873384e-02
-2.590000000000000000e+02	5.825953477802398722e-02	-3.968125928346438042e-02
-2.580000000000000000e+02	5.305753090326853494e-02	-4.497911750081438204e-02
-2.570000000000000000e+02	4.732554592979119207e-02	-4.980400542959975696e-02
-2.560000000000000000e+02	4.112472293439899812e-02	-5.409503802728313215e-02
-2.550000000000000000e+02	3.451879724488154944e-02	-5.782012917979678646e-02
-2.540000000000000000e+02	2.756971491598200416e-02	-6.093118934946457205e-02
-2.530000000000000000e+02	2.034293896096951715e-02	-6.338879223154900155e-02
-2.520000000000000000e+02	1.291700997230265865e-02	-6.516956691839999316e-02
-2.510000000000000000e+02	5.367284740500134245e-03	-6.626662484461007252e-02
-2.500000000000000000e+02	-2.232921877986776722e-03	-6.667379101373277495e-02
-2.490000000000000000e+02	-9.798509146870783282e-03	-6.632735724180578718e-02
-2.480000000000000000e+02	-1.725617462451841527e-02	-6.526739837151766810e-02
-2.470000000000000000e+02	-2.452983769633413844e-02	-6.351670302008616265e-02
-2.460000000000000000e+02	-3.154578245912551676e-02	-6.111071803854369044e-02
-2.450000000000000000e+02	-3.824268999649839407e-02	-5.809244504308032353e-02
-2.440000000000000000e+02	-4.453618872033490023e-02	-5.442108345119223839e-02
-2.430000000000000000e+02	-5.032009813719286184e-02	-5.009400109822192276e-02
-2.420000000000000000e+02	-5.558596273277705696e-02	-4.522540969884887574e-02
-2.410000000000000000e+02	-6.028165601156371123e-02	-3.986578003383720731e-02
-2.400000000000000000e+02	-6.435451121517754558e-02	-3.407616616613030891e-02
-2.390000000000000000e+02	-6.776573684584409618e-02	-2.790288948369527497e-02
-2.380000000000000000e+02	-7.036166851436369274e-02	-2.136556641783727770e-02
-2.370000000000000000e+02	-7.217925061964865219e-02	-1.457106391307535359e-02
-2.360000000000000000e+02	-7.324628609993043271e-02	-7.600467008421032608e-03
-2.350000000000000000e+02	-7.355281518243945993e-02	-5.161764108544828400e-04
-2.340000000000000000e+02	-7.308945596660487709e-02	6.616984553273056943e-03
-2.330000000000000000e+02	-7.184750569675200926e-02	1.373548958520933241e-02
-2.320000000000000000e+02	-6.977129356773577318e-02	2.075256406235832102e-02
-2.310000000000000000e+02	-6.687038440205926582e-02	2.758598830214479755e-02
-2.300000000000000000e+02	-6.323177259500763203e-02	3.416977706358242939e-02
-2.290000000000000000e+02	-5.888462711224332763e-02	4.043714413124527979e-02
-2.280000000000000000e+02	-5.385523857871622744e-02	4.633153872338129087e-02
-2.270000000000000000e+02	-4.819411468740904952e-02	5.178180270557575932e-02
-2.260000000000000000e+02	-4.194690367818706273e-02	5.672406702135788376e-02
-2.250000000000000000e+02	-3.516554532011039597e-02	6.109494263640810607e-02
-2.240000000000000000e+02	-2.792510629295861038e-02	6.483821044038946824e-02
-2.230000000000000000e+02	-2.032258147894076480e-02	6.796465185646452523e-02
-2.220000000000000000e+02	-1.240806108213166233e-02	7.039693568593367867e-02
-2.210000000000000000e+02	-4.257710579575430671e-03	7.208546624294119576e-02
-2.200000000000000000e+02	4.033457647109067561e-03	7.301483397265702557e-02
-2.190000000000000000e+02	1.238846343729170345e-02	7.323805721571584326e-02
-2.180000000000000000e+02	2.071668138978713727e-02	7.268107929474121320e-02
-2.170000000000000000e+02	2.892320205186495186e-02	7.134678609818032036e-02
-2.160000000000000000e+02	3.693769909205703306e-02	6.924642679995303418e-02
-2.150000000000000000e+02	4.467499568822923955e-02	6.641576999162177031e-02
-2.140000000000000000e+02	5.203469942982691387e-02	6.287492202318072099e-02
-2.130000000000000000e+02	5.895627763327606491e-02	5.864342917241417014e-02
-2.120000000000000000e+02	6.535162652905593395e-02	5.377030233122592068e-02
-2.110000000000000000e+02	7.114359524798570533e-02	4.828914611050492273e-02
-2.100000000000000000e+02	7.627074065347473619e-02	4.225184306897145081e-02
-2.090000000000000000e+02	8.067631495489327453e-02	3.572863895931263634e-02
-2.080000000000000000e+02	8.429084622833231399e-02	2.877168131973321247e-02
-2.070000000000000000e+02	8.707517239723414071e-02	2.145376453189137486e-02
-2.060000000000000000e+02	8.899343081601041039e-02	1.385307092200293438e-02
-2.050000000000000000e+02	8.997719593673605964e-02	6.041135967679500327e-03
-2.040000000000000000e+02	9.004688810794907183e-02	-1.893025255282279043e-03
-2.030000000000000000e+02	8.919649455470565758e-02	-9.869418321585422815e-03
-2.020000000000000000e+02	8.742111466038055001e-02	-1.780865847890256495e-02
-2.010000000000000000e+02	8.471869566813189367e-02	-2.562262037536238227e-02
-2.000000000000000000e+02	8.107416419499223481e-02	-3.322629822361360119e-02
-1.990000000000000000e+02	7.653354531601141986e-02	-4.052389628088416684e-02
-1.980000000000000000e+02	7.114700997562442564e-02	-4.743226180453412322e-02
-1.970000000000000000e+02	6.495931979150587621e-02	-5.388466371231233343e-02
-1.960000000000000000e+02	5.802488126154688869e-02	-5.980304982586393675e-02
-1.950000000000000000e+02	5.040781220535339030e-02	-6.511658141180193260e-02
-1.940000000000000000e+02	4.218894094853089388e-02	-6.975580629885995421e-02
-1.930000000000000000e+02	3.344945006799548287e-02	-7.367716397628880365e-02
-1.920000000000000000e+02	2.427704677883404591e-02	-7.680757058577977747e-02
-1.910000000000000000e+02	1.478168815358904022e-02	-7.915563027134976670e-02
-1.900000000000000000e+02	5.043577163885283425e-03	-8.063356765014569050e-02
-1.890000000000000000e+02	-4.820030436918930176e-03	-8.120721162688412931e-02
-1.880000000000000000e+02	-1.469935194629939067e-02	-8.091079391596418813e-02
-1.870000000000000000e+02	-2.449002360242959545e-02	-7.974905825856844210e-02
-1.860000000000000000e+02	-3.406774151904436859e-02	-7.768510242826968948e-02
-1.850000000000000000e+02	-4.332920917311083170e-02	-7.474870110186140892e-02
-1.840000000000000000e+02	-5.218030197179640561e-02	-7.100236522134845130e-02
-1.830000000000000000e+02	-6.049789285177058912e-02	-6.647598308813049139e-02
-1.820000000000000000e+02	-6.820227907842861537e-02	-6.121257874970495449e-02
-1.810000000000000000e+02	-7.518896580715099531e-02	-5.524808768861316777e-02
-1.800000000000000000e+02	-8.138481138850792163e-02	-4.866291994461476034e-02
-1.790000000000000000e+02	-8.672193003598717420e-02	-4.156293341959950427e-02
-1.780000000000000000e+02	-9.115009094442948212e-02	-3.400947147305422719e-02
-1.770000000000000000e+02	-9.456341256289477193e-02	-2.607246700137995712e-02
-1.760000000000000000e+02	-9.692437031867816299e-02	-1.785900717916958855e-02
-1.750000000000000000e+02	-9.825276147309761066e-02	-9.471384324201276295e-03
-1.740000000000000000e+02	-9.852940409346071238e-02	-1.004084753974622025e-03
-1.730000000000000000e+02	-9.768652032621515102e-02	7.446906474767436834e-03
-1.720000000000000000e+02	-9.574002092172839706e-02	1.577093202643588959e-02
-1.710000000000000000e+02	-9.276270408861576888e-02	2.387644530903015178e-02
-1.700000000000000000e+02	-8.878356094826678202e-02	3.167052688137710070e-02
-1.690000000000000000e+02	-8.377564157610439821e-02	3.903358597217424647e-02
-1.680000000000000000e+02	-7.784678035789747985e-02	4.589020314255835148e-02
-1.670000000000000000e+02	-7.108210104290189901e-02	5.216706638673103413e-02
-1.660000000000000000e+02	-6.354915346511753882e-02	5.778842961291977276e-02
-1.650000000000000000e+02	-5.531132862358858343e-02	6.265366625516118060e-02
-1.640000000000000000e+02	-4.648437459430095064e-02	6.672730206082677640e-02
-1.630000000000000000e+02	-3.717058399338855207e-02	6.995349642846916682e-02
-1.620000000000000000e+02	-2.749790437747388905e-02	7.230889755911737438e-02
-1.610000000000000000e+02	-1.755400943456671137e-02	7.373781916184699026e-02
-1.600000000000000000e+02	-7.479782824885823633e-03	7.420821084780733490e-02
-1.590000000000000000e+02	2.612023026737828307e-03	7.375925663142793298e-02
-1.580000000000000000e+02	1.258947098897746780e-02	7.236793127296187178e-02
-1.570000000000000000e+02	2.233534041574852802e-02	7.007117532062967502e-02
-1.560000000000000000e+02	3.173390100663689428e-02	6.687580188611169651e-02
-1.550000000000000000e+02	4.066216134119746139e-02	6.283990427631498676e-02
-1.540000000000000000e+02	4.900780959316682062e-02	5.800366426178468759e-02
-1.530000000000000000e+02	5.666668412023984774e-02	5.243124378622744663e-02
-1.520000000000000000e+02	6.354187579727219037e-02	4.619826326721223481e-02
-1.510000000000000000e+02	6.954259678812356460e-02	3.937043480600661144e-02
-1.500000000000000000e+02	7.457457324945832022e-02	3.205494205078000813e-02
-1.490000000000000000e+02	7.860305020386457175e-02	2.434531406746349297e-02
-1.480000000000000000e+02	8.156614453339031123e-02	1.635268197473761786e-02
-1.470000000000000000e+02	8.335682218410889188e-02	8.167641247962868778e-03
-1.460000000000000000e+02	8.402245443794487123e-02	-7.565265720753969149e-05
-1.450000000000000000e+02	8.355260186642324283e-02	-8.273468240073952873e-03
-1.440000000000000000e+02	8.190311467472183304e-02	-1.630325832893533486e-02
-1.430000000000000000e+02	7.909301907470429882e-02	-2.404736070468240991e-02
-1.420000000000000000e+02	7.520427650643489448e-02	-3.140363335556523028e-02
-1.410000000000000000e+02	7.022661852570362406e-02	-3.824033174072105634e-02
-1.400000000000000000e+02	6.425147171493082732e-02	-4.445823968790382774e-02
-1.390000000000000000e+02	5.739083134105354977e-02	-4.998077520673226831e-02
-1.380000000000000000e+02	4.972586343838705097e-02	-5.472173238372262521e-02
-1.370000000000000000e+02	4.132187915706316689e-02	-5.854934437426527472e-02
-1.360000000000000000e+02	3.234097181782918939e-02	-6.143967971963807534e-02
-1.350000000000000000e+02	2.290702190946940220e-02	-6.333467525809098608e-02
-1.340000000000000000e+02	1.316439286528523628e-02	-6.421862007152358276e-02
-1.330000000000000000e+02	3.255090752922180745e-03	-6.401780251660096899e-02
-1.320000000000000000e+02	-6.669810712449344287e-03	-6.269410228824555398e-02
-1.310000000000000000e+02	-1.644099831800978698e-02	-6.036166371684482251e-02
-1.300000000000000000e+02	-2.591075336390006797e-02	-5.699124329858099025e-02
-1.290000000000000000e+02	-3.488975528224970424e-02	-5.259141109031943012e-02
-1.280000000000000000e+02	-4.325731670480253283e-02	-4.729152834360324936e-02
-1.270000000000000000e+02	-5.087388566135676166e-02	-4.115261247741911627e-02
-1.260000000000000000e+02	-5.759249980710460376e-02	-3.428125122111653350e-02
-1.250000000000000000e+02	-6.330586896340023584e-02	-2.675663343606013780e-02
-1.240000000000000000e+02	-6.788837244275520988e-02	-1.872555796930801264e-02
-1.230000000000000000e+02	-7.126913000757344185e-02	-1.031836620605270857e-02
-1.220000000000000000e+02	-7.337042837737371703e-02	-1.674934834550209639e-03
-1.210000000000000000e+02	-7.411303795422995166e-02	7.052550328053554252e-03
-1.200000000000000000e+02	-7.345471410116233280e-02	1.569725013236221434e-02
-1.190000000000000000e+02	-7.145953390613202227e-02	2.411174971953257071e-02
-1.180000000000000000e+02	-6.816149273557621513e-02	3.215897302405873459e-02
-1.170000000000000000e+02	-6.359100490768831992e-02	3.970096820407816723e-02
-1.160000000000000000e+02	-5.776414706731097803e-02	4.657128868022372692e-02
-1.150000000000000000e+02	-5.074390648587016883e-02	5.260835671556794019e-02
-1.140000000000000000e+02	-4.267836533546506134e-02	5.771079806302861076e-02
-1.130000000000000000e+02	-3.371003204373361484e-02	6.178317317574297945e-02
-1.120000000000000000e+02	-2.397261967300363950e-02	6.473277876506675077e-02
-1.110000000000000000e+02	-1.362416734861127132e-02	6.648970636526670142e-02
-1.100000000000000000e+02	-2.851521630463472318e-03	6.702780297961352662e-02
-1.090000000000000000e+02	8.181874352278160206e-03	6.625776578226377778e-02
-1.080000000000000000e+02	1.926323015682759529e-02	6.416900167443974345e-02
-1.070000000000000000e+02	3.022971168036598863e-02	6.088460214991787273e-02
-1.060000000000000000e+02	4.083364732095388222e-02	5.630433944787335138e-02
-1.050000000000000000e+02	5.092993894334913590e-02	5.059193631327957297e-02
-1.040000000000000000e+02	6.030333312117768657e-02	4.379164833740966517e-02
-1.030000000000000000e+02	6.876443702848257511e-02	3.600818780598460250e-02
-1.020000000000000000e+02	7.617577064172217916e-02	2.737394421887580365e-02
-1.010000000000000000e+02	8.239508686333769927e-02	1.804225665346812987e-02
-1.000000000000000000e+02	8.715387828970889983e-02	8.148860829755277466e-03
-9.900000000000000000e+01	9.047351456663028924e-02	-2.096914672981611480e-03
-9.800000000000000000e+01	9.230334114918840871e-02	-1.252725688715498539e-02
-9.700000000000000000e+01	9.259295566582521897e-02	-2.297193996451534631e-02
-9.600000000000000000e+01	9.129168169407433919e-02	-3.325512018879792780e-02
-9.500000000000000000e+01	8.835847716542859220e-02	-4.318765635776498218e-02
-9.400000000000000000e+01	8.370865409699153326e-02	-5.252427005810366561e-02
-9.300000000000000000e+01	7.734955078399673167e-02	-6.101885993409439379e-02
-9.200000000000000000e+01	6.945215751531406967e-02	-6.852244604452002730e-02
-9.100000000000000000e+01	6.017099456826137394e-02	-7.490633056339224272e-02
-9.000000000000000000e+01	4.964654294540033624e-02	-8.004536705351729398e-02
-8.900000000000000000e+01	3.800563094749483117e-02	-8.375853747178865771e-02
-8.800000000000000000e+01	2.542177162635459592e-02	-8.590540661182180515e-02
-8.700000000000000000e+01	1.212674048320375522e-02	-8.646095320306801391e-02
-8.600000000000000000e+01	-1.653112427359608406e-03	-8.533198406479595988e-02
-8.500000000000000000e+01	-1.566982681959901147e-02	-8.246753023574013297e-02
-8.400000000000000000e+01	-2.965094406201353172e-02	-7.789432784520423925e-02
-8.300000000000000000e+01	-4.332694912000686210e-02	-7.166099041431057970e-02
-8.200000000000000000e+01	-5.642533635983475182e-02	-6.385106611396114407e-02
-8.100000000000000000e+01	-6.866314541557214102e-02	-5.456441482535889093e-02
-8.000000000000000000e+01	-7.978977051687315136e-02	-4.396833320173004767e-02
-7.900000000000000000e+01	-8.953666689303833859e-02	-3.224119995335004291e-02
-7.800000000000000000e+01	-9.769147083248563845e-02	-1.959222750658688381e-02
-7.700000000000000000e+01	-1.040337807192347613e-01	-6.281332824051098773e-03
-7.600000000000000000e+01	-1.084098765043665369e-01	7.426262119091111419e-03
-7.500000000000000000e+01	-1.106590745895572048e-01	2.124055493597850827e-02
-7.400000000000000000e+01	-1.107319188856270009e-01	3.485740643044708820e-02
-7.300000000000000000e+01	-1.085801817959237692e-01	4.798690962696740975e-02
-7.200000000000000000e+01	-1.041630599330806567e-01	6.030045773466983366e-02
-7.100000000000000000e+01	-9.746269262626157392e-02	7.143761815047461328e-02
-7.000000000000000000e+01	-8.886717949304875908e-02	8.132602907150768279e-02
-6.900000000000000000e+01	-7.819617797834658990e-02	8.943181069931599447e-02
-6.800000000000000000e+01	-6.576205471329547858e-02	9.556008205089994156e-02
-6.700000000000000000e+01	-5.191186291129380737e-02	9.962080528682150382e-02
-6.600000000000000000e+01	-3.695165660863786172e-02	1.015130700114762613e-01
-6.500000000000000000e+01	-2.117004387468150034e-02	1.010569564590362152e-01
-6.400000000000000000e+01	-4.948861046749063533e-03	9.825338098732649961e-02
-6.300000000000000000e+01	1.133336685429835872e-02	9.310138549602178792e-02
-6.200000000000000000e+01	2.728347622523565746e-02	8.569021801326823229e-02
-6.100000000000000000e+01	4.250081947965378415e-02	7.615360556542348502e-02
-6.000000000000000000e+01	5.658466070329901815e-02	6.467016738096049988e-02
-5.900000000000000000e+01	6.919975832263855486e-02	5.153972221130521947e-02
-5.800000000000000000e+01	7.995418616054844607e-02	3.701376430471653434e-02
-5.700000000000000000e+01	8.858522446622431323e-02	2.147871093465054948e-02
-5.600000000000000000e+01	9.483379129662165841e-02	5.327238180647209630e-03
-5.500000000000000000e+01	9.852880981429851248e-02	-1.105379042269428666e-02
-5.400000000000000000e+01	9.945783349074718838e-02	-2.718325707277314748e-02
-5.300000000000000000e+01	9.769867047856339859e-02	-4.264897344003143465e-02
-5.200000000000000000e+01	9.317416975394306189e-02	-5.698129630887610597e-02
-5.100000000000000000e+01	8.598702015941964150e-02	-6.973730348852510974e-02
-5.000000000000000000e+01	7.640091256240100215e-02	-8.058793760312522869e-02
-4.900000000000000000e+01	6.448067666924105212e-02	-8.896193939811175566e-02
-4.800000000000000000e+01	5.075992527755388700e-02	-9.476065712531002438e-02
-4.700000000000000000e+01	3.559988208189002190e-02	-9.775076460742647411e-02
-4.600000000000000000e+01	1.937014887118251871e-02	-9.747845045059573554e-02
-4.500000000000000000e+01	2.686446682339381931e-03	-9.413061571461849020e-02
-4.400000000000000000e+01	-1.390670272162301824e-02	-8.755712530538647953e-02
-4.300000000000000000e+01	-2.980714966582815803e-02	-7.795478436711432424e-02
-4.200000000000000000e+01	-4.439804581919001153e-02	-6.553388092430902090e-02
-4.100000000000000000e+01	-5.706934646453869914e-02	-5.064634372373849613e-02
-4.000000000000000000e+01	-6.727896673491759461e-02	-3.378852121779883644e-02
-3.900000000000000000e+01	-7.452676461493283611e-02	-1.554259777888468246e-02
-3.800000000000000000e+01	-7.836150810193204252e-02	3.406111830261839175e-03
-3.700000000000000000e+01	-7.850019507952317455e-02	2.226253614169703202e-02
-3.600000000000000000e+01	-7.470124840796031618e-02	4.013612186979423346e-02
-3.500000000000000000e+01	-6.702674000967477619e-02	5.612929074368214200e-02
-3.400000000000000000e+01	-5.584604233973593929e-02	6.954729455803684846e-02
-3.300000000000000000e+01	-4.143659387000463157e-02	7.960295872777060910e-02
-3.200000000000000000e+01	-2.418580175572879534e-02	8.523854400890516769e-02
-3.100000000000000000e+01	-4.992411961685525035e-03	8.583911878844609211e-02
-3.000000000000000000e+01	1.510410352708790177e-02	8.126152659457314131e-02
-2.900000000000000000e+01	3.497239999394028548e-02	7.123718203966139528e-02
-2.800000000000000000e+01	5.338576289698945820e-02	5.595946297735818198e-02
-2.700000000000000000e+01	6.906041648861623028e-02	3.591481447909825736e-02
-2.600000000000000000e+01	8.068161317366245866e-02	1.192271623552323100e-02
-2.500000000000000000e+01	8.706356019999958451e-02	-1.478300450000244633e-02
-2.400000000000000000e+01	8.740310448893802431e-02	-4.262659065026308536e-02
-2.300000000000000000e+01	8.095868075833567712e-02	-6.970139273540922054e-02
-2.200000000000000000e+01	6.772550180124728425e-02	-9.404080214376578373e-02
-2.100000000000000000e+01	4.806325647009813268e-02	-1.136936976216973566e-01
-2.000000000000000000e+01	2.266356480664236811e-02	-1.262353510176585369e-01
-1.900000000000000000e+01	-6.863409818703157354e-03	-1.299060005394176986e-01
-1.800000000000000000e+01	-3.841119536115932681e-02	-1.234111763298606779e-01
-1.700000000000000000e+01	-6.941755886521254471e-02	-1.060407151366009326e-01
-1.600000000000000000e+01	-9.693288022678200888e-02	-7.788765641698121300e-02
-1.500000000000000000e+01	-1.178822139136194297e-01	-4.006203727977718232e-02
-1.400000000000000000e+01	-1.291644763546286323e-01	5.246851481826184278e-03
-1.300000000000000000e+01	-1.283026555488364917e-01	5.466803146793779156e-02
-1.200000000000000000e+01	-1.135237256436741338e-01	1.038162581377512911e-01
-1.100000000000000000e+01	-8.434277331578683701e-02	1.473424549602092570e-01
-1.000000000000000000e+01	-4.194830016891521601e-02	1.794780001479098497e-01
-9.000000000000000000e+00	1.045930270953336801e-02	1.951190909164577658e-01
-8.000000000000000000e+00	6.768245554245816420e-02	1.891043832503648825e-01
-7.000000000000000000e+00	1.224478870032574968e-01	1.593065046006246765e-01
-6.000000000000000000e+00	1.663744770924616978e-01	1.064019231420708089e-01
-5.000000000000000000e+00	1.911773561662090115e-01	3.490683514138013394e-02
-4.000000000000000000e+00	1.901252401108454726e-01	-4.674317373141961829e-02
-3.000000000000000000e+00	1.600746315852940860e-01	-1.267859716251382163e-01
-2.000000000000000000e+00	1.026829158305053447e-01	-1.918616378062548700e-01
-1.000000000000000000e+00	2.522990650804182028e-02	-2.294728295707084142e-01
0.000000000000000000e+00	-5.975498201013729888e-02	-2.308285227154414920e-01
1.000000000000000000e+00	-1.364350314431373168e-01	-1.936426245170927152e-01
2.000000000000000000e+00	-1.891904525363869161e-01	-1.238897911922356293e-01
3.000000000000000000e+00	-2.068665738649532182e-01	-3.500133706318762222e-02
4.000000000000000000e+00	-1.858318546128904514e-01	5.527810946786915203e-02
5.000000000000000000e+00	-1.308093062498936754e-01	1.289429818938290784e-01
6.000000000000000000e+00	-5.380270279357638602e-02	1.716240674493181018e-01
7.000000000000000000e+00	2.851448167270799819e-02	1.760155233547054110e-01
8.000000000000000000e+00	9.872453921807293475e-02	1.439888499826366408e-01
9.000000000000000000e+00	1.428235599358858299e-01	8.523761840878450735e-02
1.000000000000000000e+01	1.529657920680068950e-01	1.451127078945355954e-02
1.100000000000000000e+01	1.293564848132169320e-01	-5.136334721477858745e-02
1.200000000000000000e+01	8.039142447950020642e-02	-9.763595171389924388e-02
1.300000000000000000e+01	1.986233170418227542e-02	-1.157644447438631458e-01
1.400000000000000000e+01	-3.724985047226240381e-02	-1.053273473256971238e-01
1.500000000000000000e+01	-7.901936204193797664e-02	-7.234335396507267368e-02
1.600000000000000000e+01	-9.785806527772883401e-02	-2.663644768034800769e-02
1.700000000000000000e+01	-9.243080611975369731e-02	1.962222744150992487e-02
1.800000000000000000e+01	-6.660423655004654719e-02	5.550790522207318251e-02
1.900000000000000000e+01	-2.895637245416336769e-02	7.357336007349968288e-02
2.000000000000000000e+01	9.912736909821176848e-03	7.193165466503431693e-02
2.100000000000000000e+01	4.077368428222431090e-02	5.375612600548902026e-02
2.200000000000000000e+01	5.761379583750837752e-02	2.556594134068101987e-02
2.300000000000000000e+01	5.840735661718072375e-02	-4.634461310088202821e-03
2.400000000000000000e+01	4.521419570451318953e-02	-2.926964944547981104e-02
2.500000000000000000e+01	2.330273251361077852e-02	-4.315703231350782182e-02
2.600000000000000000e+01	-7.262127472204180870e-04	-4.467087049578261082e-02
2.700000000000000000e+01	-2.092692013512659904e-02	-3.526507221899102817e-02
2.800000000000000000e+01	-3.322793312570223451e-02	-1.885120024152789689e-02
2.900000000000000000e+01	-3.586603207815537014e-02	-2.334697269975236609e-04
3.000000000000000000e+01	-2.974945792126840877e-02	1.580027150272116099e-02
3.100000000000000000e+01	-1.773405210954752745e-02	2.590321968233107522e-02
3.200000000000000000e+01	-3.574485183833871812e-03	2.873706011350593559e-02
3.300000000000000000e+01	9.176310179951236226e-03	2.480560304941866953e-02
3.400000000000000000e+01	1.782996763772779283e-02	1.600077031871884048e-02
3.500000000000000000e+01	2.099266052078889444e-02	5.074506890987573980e-03
3.600000000000000000e+01	1.875652770947788817e-02	-5.109743703419380827e-03
3.700000000000000000e+01	1.250449240240411770e-02	-1.233009472147748517e-02
3.800000000000000000e+01	4.269520935207865749e-03	-1.541580775990969432e-02
3.900000000000000000e+01	-3.790264072428085450e-03	-1.426087484146906607e-02
4.000000000000000000e+01	-9.825774055932486734e-03	-9.712973224348057238e-03
4.100000000000000000e+01	-1.267647848569547660e-02	-3.316696336681422379e-03
4.200000000000000000e+01	-1.215061189804774594e-02	3.116501493796333937e-03
4.300000000000000000e+01	-8.885094151812907362e-03	8.075699842061249273e-03
4.400000000000000000e+01	-4.062155134721238091e-03	1.063242053387144191e-02
4.500000000000000000e+01	9.600118187495237801e-04	1.056288615686306297e-02
4.600000000000000000e+01	4.968305811485912438e-03	8.257863847512869615e-03
4.700000000000000000e+01	7.157686399575492395e-03	4.625607032605826355e-03
4.800000000000000000e+01	7.296768376188622271e-03	7.551782511916799905e-04
4.900000000000000000e+01	5.700038447981475853e-03	-2.396766319169492745e-03
5.000000000000000000e+01	3.034291430643469394e-03	-4.217410992912423717e-03
5.100000000000000000e+01	1.011630566361546219e-04	-4.488626219656676429e-03
5.200000000000000000e+01	-2.349237982398575796e-03	-3.399858253500430676e-03
5.300000000000000000e+01	-3.809769297485731104e-03	-1.450923797330559229e-03
5.400000000000000000e+01	-4.122030406989429623e-03	7.434390334279119498e-04
5.500000000000000000e+01	-3.423491425319061948e-03	2.649529172019745964e-03
5.600000000000000000e+01	-2.015656094885657709e-03	3.868014913219262711e-03
5.700000000000000000e+01	-3.460217411191708202e-04	4.205796240069391810e-03
5.800000000000000000e+01	1.146219879789616564e-03	3.776209359374671937e-03
5.900000000000000000e+01	2.164184398054563255e-03	2.789481246682689805e-03
6.000000000000000000e+01	2.543047567087211927e-03	1.545703831405219244e-03
6.100000000000000000e+01	2.306744787779496913e-03	3.824419662587831299e-04
6.200000000000000000e+01	1.609408666323986110e-03	-4.470477534780304611e-04
6.300000000000000000e+01	6.902047076672674850e-04	-8.033934260908827483e-04
6.400000000000000000e+01	-1.961995952992653773e-04	-6.874955082902147038e-04
6.500000000000000000e+01	-8.389716492777640278e-04	-1.910427328862508917e-04
6.600000000000000000e+01	-1.138521538272938786e-03	4.931625473666910410e-04
6.700000000000000000e+01	-1.054975773967549652e-03	1.166976209952222615e-03
6.800000000000000000e+01	-6.868331974081406987e-04	1.679925314579733871e-03
6.900000000000000000e+01	-1.532791652189118285e-04	1.900566198218174964e-03
7.000000000000000000e+01	3.787472877306660864e-04	1.852291903859484270e-03
7.100000000000000000e+01	7.870232518213120428e-04	1.575869503665163537e-03
7.200000000000000000e+01	9.943139281788373161e-04	1.170738954536536779e-03
7.300000000000000000e+01	9.831625445811884023e-04	7.510258861001441058e-04
7.400000000000000000e+01	7.910690007226999334e-04	4.160616464356591926e-04
7.500000000000000000e+01	5.002369000000180194e-04	2.302594999999609958e-04
7.600000000000000000e+01	1.978450109176434853e-04	2.066586592362036840e-04
7.700000000000000000e+01	-4.641285068090491808e-05	3.110262601750927330e-04
7.800000000000000000e+01	-1.809741095767094198e-04	4.939889821219796634e-04
7.900000000000000000e+01	-1.962670846076580613e-04	6.948230941258265025e-04
8.000000000000000000e+01	-1.082555428683683947e-04	8.558191277443992192e-04
8.100000000000000000e+01	4.625615412901375683e-05	9.418068681410350813e-04
8.200000000000000000e+01	2.196020719918739177e-04	9.305113086587311379e-04
8.300000000000000000e+01	3.643629606209873432e-04	8.399981709399738762e-04
8.400000000000000000e+01	4.491064833809984289e-04	7.014333576780667481e-04
8.500000000000000000e+01	4.653944947776998188e-04	5.497592963800131214e-04
8.600000000000000000e+01	4.168572607618295251e-04	4.115951371310049619e-04
8.700000000000000000e+01	3.256956311934348447e-04	3.170332642879670928e-04
8.800000000000000000e+01	2.188972306770095729e-04	2.767861407099506924e-04
8.900000000000000000e+01	1.263384406062192434e-04	2.846268102259523112e-04
9.000000000000000000e+01	6.782197373667684802e-05	3.220791023626926671e-04
9.100000000000000000e+01	4.957652933854324789e-05	3.712783424064863076e-04
9.200000000000000000e+01	6.814580152918130293e-05	4.104629511667904056e-04
9.300000000000000000e+01	1.158461289352691608e-04	4.275231381445844417e-04
9.400000000000000000e+01	1.753588808273685059e-04	4.102610312138079405e-04
9.500000000000000000e+01	2.282413596260430687e-04	3.644086619405572020e-04
9.600000000000000000e+01	2.611786883133936261e-04	2.975369198327580222e-04
9.700000000000000000e+01	2.706019396190984362e-04	2.227419102209049831e-04
9.800000000000000000e+01	2.569753277857864679e-04	1.519891225278656454e-04
9.900000000000000000e+01	2.258195509076191525e-04	9.522122401115058700e-05
1.000000000000000000e+02	1.864381411047807253e-04	5.738623824519577059e-05
1.010000000000000000e+02	1.503472690387554417e-04	3.817609556287774897e-05
1.020000000000000000e+02	1.250661518154957334e-04	3.204697200529906865e-05
1.030000000000000000e+02	1.128338442156414805e-04	3.096432801409750230e-05
1.040000000000000000e+02	1.157775997960367711e-04	2.833268048349088126e-05
1.050000000000000000e+02	1.303452558360058630e-04	1.793248895156125005e-05
1.060000000000000000e+02	1.511625444209985312e-04	-4.122548246729318889e-06
1.070000000000000000e+02	1.717877945912574700e-04	-3.796190037501855855e-05
