# # Time 	 h_plus 	 h_cross 
# 
-4.090000000000001137e+02	-3.021919582274771449e-02	-1.366633326199107878e-01
-4.080000000000001137e+02	-4.183647835983301394e-02	-1.336286308153979974e-01
-4.070000000000001137e+02	-5.316319281004629194e-02	-1.296029188366418505e-01
-4.060000000000001137e+02	-6.411426745378372150e-02	-1.246129580559110078e-01
-4.050000000000001137e+02	-7.460722610637489371e-02	-1.186930873346529192e-01
-4.040000000000001137e+02	-8.456290210148585673e-02	-1.118849967399846712e-01
-4.030000000000001137e+02	-9.390572762534971085e-02	-1.042369037077662958e-01
-4.020000000000001137e+02	-1.025644601105224207e-01	-9.580345149127102167e-02
-4.010000000000001137e+02	-1.104726856507636107e-01	-8.664536215229876048e-02
-4.000000000000001137e+02	-1.175693507775280033e-01	-7.682900151256481791e-02
-3.990000000000001137e+02	-1.237994519395223952e-01	-6.642580498538169786e-02
-3.980000000000001137e+02	-1.291137327845698624e-01	-5.551225542044884581e-02
-3.970000000000001137e+02	-1.334697812933527128e-01	-4.416917139974142759e-02
-3.960000000000001137e+02	-1.368325286739987545e-01	-3.248044611200968240e-02
-3.950000000000001137e+02	-1.391742442180169126e-01	-2.053279602910894341e-02
-3.940000000000001137e+02	-1.404747472414156484e-01	-8.415139822576330267e-03
-3.930000000000001137e+02	-1.407216364072312320e-01	3.782003058076563885e-03
-3.920000000000001137e+02	-1.399102398764467126e-01	1.596688346251151289e-02
-3.910000000000001137e+02	-1.380439600666837074e-01	2.804757767331636856e-02
-3.900000000000001137e+02	-1.351341635479046122e-01	3.993275910973419218e-02
-3.890000000000001137e+02	-1.311999612855873076e-01	5.153265511995579889e-02
-3.880000000000001137e+02	-1.262684687038778120e-01	6.275855680057121355e-02
-3.870000000000001137e+02	-1.203744250045570285e-01	7.352450191697063042e-02
-3.860000000000001137e+02	-1.135600884957399248e-01	8.374756760236452824e-02
-3.850000000000001137e+02	-1.058747216206113728e-01	9.334890303350311391e-02
-3.840000000000001137e+02	-9.737427703894371844e-02	1.022541513735056723e-01
-3.830000000000001137e+02	-8.812114307353210996e-02	1.103938570751756276e-01
-3.820000000000001137e+02	-7.818362737354694891e-02	1.177041185284661284e-01
-3.810000000000001137e+02	-6.763558277339823399e-02	1.241271176461076903e-01
-3.800000000000001137e+02	-5.655593533043917071e-02	1.296120197601267343e-01
-3.790000000000001137e+02	-4.502736577522583467e-02	1.341138189395576219e-01
-3.780000000000001137e+02	-3.313664190713574292e-02	1.375953295241303942e-01
-3.770000000000001137e+02	-2.097366798342760810e-02	1.400269838634958797e-01
-3.760000000000001137e+02	-8.630938002328605516e-03	1.413870970516293013e-01
-3.750000000000001137e+02	3.797330338434807325e-03	1.416621284719114526e-01
-3.740000000000001137e+02	1.621586553199769534e-02	1.408468155183243420e-01
-3.730000000000001137e+02	2.852909772850733064e-02	1.389443958992238326e-01
-3.720000000000001137e+02	4.064265272350911506e-02	1.359662278641202982e-01
-3.710000000000001137e+02	5.246236345530896905e-02	1.319316352567301009e-01
-3.700000000000001137e+02	6.389601483593572440e-02	1.268684175030176664e-01
-3.690000000000001137e+02	7.485398717608178487e-02	1.208123996841628661e-01
-3.680000000000001137e+02	8.524989264640414621e-02	1.138072235499709012e-01
-3.670000000000001137e+02	9.500109267773955424e-02	1.059042121328111485e-01
-3.660000000000001137e+02	1.040299112223543043e-01	9.716157580330925247e-02
-3.650000000000001137e+02	1.122638282055533621e-01	8.764445273931611990e-02
-3.640000000000001137e+02	1.196358260061098355e-01	7.742411217777690757e-02
-3.630000000000001137e+02	1.260852982742573514e-01	6.657773675220785004e-02
-3.620000000000001137e+02	1.315584603284725707e-01	5.518782578435679764e-02
-3.610000000000001137e+02	1.360088262325236386e-01	4.334156840096408531e-02
-3.600000000000001137e+02	1.393974280926230658e-01	3.113016665806256703e-02
-3.590000000000001137e+02	1.416937652271836046e-01	1.864831147816647591e-02
-3.580000000000001137e+02	1.428756636065205143e-01	5.993188520444498249e-03
-3.570000000000001137e+02	1.429294735645475489e-01	-6.736090305640944111e-03
-3.560000000000001137e+02	1.418503145605825022e-01	-1.943949367339588979e-02
-3.550000000000001137e+02	1.396424295012102801e-01	-3.201614790506255442e-02
-3.540000000000001137e+02	1.363183447738639809e-01	-4.436539822265815614e-02
-3.530000000000001137e+02	1.319000832371501619e-01	-5.638751675551852832e-02
-3.520000000000001137e+02	1.264178201787644618e-01	-6.798540338366128311e-02
-3.510000000000001137e+02	1.199110643293115341e-01	-7.906488418044564648e-02
-3.500000000000001137e+02	1.124278045688260480e-01	-8.953545333169787845e-02
-3.490000000000001137e+02	1.040237427164439621e-01	-9.931087221269091492e-02
-3.480000000000001137e+02	9.476294198090438881e-02	-1.083092024340097104e-01
-3.470000000000001137e+02	8.471739323524138388e-02	-1.164556384276821538e-01
-3.460000000000001137e+02	7.396363049341288243e-02	-1.236798766213444423e-01
-3.450000000000001137e+02	6.258520563117957181e-02	-1.299190359425573815e-01
-3.440000000000001137e+02	5.067162444263762638e-02	-1.351178622679531094e-01
-3.430000000000001137e+02	3.831692689195937557e-02	-1.392281445373413362e-01
-3.420000000000001137e+02	2.562028891439633096e-02	-1.422122005907449638e-01
-3.410000000000001137e+02	1.268399601226542946e-02	-1.440411933731401695e-01
-3.400000000000001137e+02	-3.871472956059411044e-04	-1.446951282663216098e-01
-3.390000000000001137e+02	-1.348650373002245953e-02	-1.441639574690792291e-01
-3.380000000000001137e+02	-2.650671512216771011e-02	-1.424468535161576288e-01
-3.370000000000001137e+02	-3.933995491066252098e-02	-1.395516580236222381e-01
-3.360000000000001137e+02	-5.187963083934050285e-02	-1.354965756700373392e-01
-3.350000000000001137e+02	-6.402033898334125173e-02	-1.303090490654304212e-01
-3.340000000000001137e+02	-7.565918533331997264e-02	-1.240264637025902672e-01
-3.330000000000001137e+02	-8.669711204948524208e-02	-1.166968726032801690e-01
-3.320000000000001137e+02	-9.703936063784378285e-02	-1.083765602034550413e-01
-3.310000000000001137e+02	-1.065961425783898409e-01	-9.913064061344406541e-02
-3.300000000000001137e+02	-1.152839211113792506e-01	-8.903276473620731768e-02
-3.290000000000001137e+02	-1.230256876374964670e-01	-7.816373114993013793e-02
-3.280000000000001137e+02	-1.297517321141527513e-01	-6.661063216401238996e-02
-3.270000000000001137e+02	-1.354004924110748520e-01	-5.446732186443368345e-02
-3.260000000000001137e+02	-1.399183811762708396e-01	-4.183324338176427903e-02
-3.250000000000001137e+02	-1.432620017937260570e-01	-2.881370944432484066e-02
-3.240000000000001137e+02	-1.453975645050524790e-01	-1.551764322644135288e-02
-3.230000000000001137e+02	-1.463012668598560329e-01	-2.056924428477316900e-03
-3.220000000000001137e+02	-1.459599315586491142e-01	1.145437287613107827e-02
-3.210000000000001137e+02	-1.443703081648582132e-01	2.490124709342367640e-02
-3.200000000000001137e+02	-1.415399923199693322e-01	3.816836355158036154e-02
-3.190000000000001137e+02	-1.374872230172024534e-01	5.114112624618855768e-02
-3.180000000000001137e+02	-1.322408170923314308e-01	6.370666215397963184e-02
-3.170000000000001137e+02	-1.258399984334893085e-01	7.575482055559230876e-02
-3.160000000000001137e+02	-1.183344393256796356e-01	8.717872131463037799e-02
-3.150000000000001137e+02	-1.097835626066460957e-01	9.787604702447755267e-02
-3.140000000000001137e+02	-1.002566413401807244e-01	1.077504405348580080e-01
-3.130000000000001137e+02	-8.983175457863831759e-02	1.167122143667672779e-01
-3.120000000000001137e+02	-7.859525423949172140e-02	1.246788018044859836e-01
-3.110000000000001137e+02	-6.664131489527340413e-02	1.315758136065578732e-01
-3.100000000000001137e+02	-5.407096792158228027e-02	1.373377508795055046e-01
-3.090000000000001137e+02	-4.099114600967767447e-02	1.419079093914673850e-01
-3.080000000000001137e+02	-2.751408348045323790e-02	1.452399931075813444e-01
-3.070000000000001137e+02	-1.375633591456851441e-02	1.472982078557181496e-01
-3.060000000000001137e+02	1.620511195575424931e-04	1.480575857861046729e-01
-3.050000000000001137e+02	1.411842338919933049e-02	1.475046802778664790e-01
-3.040000000000001137e+02	2.798893841800858748e-02	1.456375769275932985e-01
-3.030000000000001137e+02	4.164983592252410882e-02	1.424660139264584402e-01
-3.020000000000001137e+02	5.497815919999407552e-02	1.380114430365177169e-01
-3.010000000000001137e+02	6.785319849542845172e-02	1.323068509580134500e-01
-3.000000000000001137e+02	8.015723751012411580e-02	1.253966213456960965e-01
-2.990000000000001137e+02	9.177633066314451471e-02	1.173356231448126202e-01
-2.980000000000001137e+02	1.026024578591193809e-01	1.081901363224487128e-01
-2.970000000000001137e+02	1.125335864058390339e-01	9.803643513428743350e-02
-2.960000000000001137e+02	1.214747349566353274e-01	8.696062120875691637e-02
-2.950000000000001137e+02	1.293390667894913360e-01	7.505785517285630537e-02
-2.940000000000001137e+02	1.360487247045534809e-01	6.243168466121797738e-02
-2.930000000000001137e+02	1.415357820777186915e-01	4.919291790041195600e-02
-2.920000000000001137e+02	1.457428172392461752e-01	3.545888056226913221e-02
-2.910000000000001137e+02	1.486235411008042795e-01	2.135250261032591718e-02
-2.900000000000001137e+02	1.501434777967569079e-01	7.001187962983159221e-03
-2.890000000000001137e+02	1.502793246492807600e-01	-7.464247406288113638e-03
-2.880000000000001137e+02	1.490211988765831885e-01	-2.191050740877358016e-02
-2.870000000000001137e+02	1.463720873371656683e-01	-3.620342888482828980e-02
-2.860000000000001137e+02	1.423478319133911763e-01	-5.020908672872238104e-02
-2.850000000000001137e+02	1.369769774321773770e-01	-6.379531905287363913e-02
-2.840000000000001137e+02	1.303009156340586838e-01	-7.683217216886158163e-02
-2.830000000000001137e+02	1.223737879141684887e-01	-8.919330185502248598e-02
-2.820000000000001137e+02	1.132619304731044135e-01	-1.007576611531046107e-01
-2.810000000000001137e+02	1.030433353793268059e-01	-1.114106434084210229e-01
-2.800000000000001137e+02	9.180728913317479090e-02	-1.210449557249868302e-01
-2.790000000000001137e+02	7.965364944534059077e-02	-1.295618299267152773e-01
-2.780000000000001137e+02	6.669200591479595985e-02	-1.368721140942491532e-01
-2.770000000000001137e+02	5.304093240831714989e-02	-1.428971828418414414e-01
-2.760000000000001137e+02	3.882676363613031534e-02	-1.475694685888103153e-01
-2.750000000000001137e+02	2.418268544723727043e-02	-1.508343565384822615e-01
-2.740000000000001137e+02	9.247366659403177813e-03	-1.526501196534194860e-01
-2.730000000000001137e+02	-5.836362851109163502e-03	-1.529885578250554379e-01
-2.720000000000001137e+02	-2.092259649007982558e-02	-1.518354759301816514e-01
-2.710000000000001137e+02	-3.586326241451962688e-02	-1.491911784055458545e-01
-2.700000000000001137e+02	-5.051039492359848254e-02	-1.450706704841063233e-01
-2.690000000000001137e+02	-6.471731228163819793e-02	-1.395037081071116847e-01
-2.680000000000001137e+02	-7.834012137931697928e-02	-1.325347031445968382e-01
-2.670000000000001137e+02	-9.123916677898430416e-02	-1.242224977456557883e-01
-2.660000000000001137e+02	-1.032805034757284524e-01	-1.146398685707531451e-01
-2.650000000000001137e+02	-1.143372424618261662e-01	-1.038733741069742533e-01
-2.640000000000001137e+02	-1.242911083612048551e-01	-9.202256254714358263e-02
-2.630000000000001137e+02	-1.330334157810683648e-01	-7.919876574987799733e-02
-2.620000000000001137e+02	-1.404666917932486936e-01	-6.552423045690614067e-02
-2.610000000000001137e+02	-1.465055801480867337e-01	-5.113138162349955412e-02
-2.600000000000001137e+02	-1.510780355307999312e-01	-3.616140450253260696e-02
-2.590000000000001137e+02	-1.541262071984692561e-01	-2.076303459980606211e-02
-2.580000000000001137e+02	-1.556070733643160064e-01	-5.091122848126629699e-03
-2.570000000000001137e+02	-1.554934563901281264e-01	1.069491792325963191e-02
-2.560000000000001137e+02	-1.537749422649001829e-01	2.643284743050029750e-02
-2.550000000000001137e+02	-1.504574867322435450e-01	4.195844598709134315e-02
-2.540000000000001137e+02	-1.455635432470378521e-01	5.710817754512808458e-02
-2.530000000000001137e+02	-1.391327375462305671e-01	7.172069912531751912e-02
-2.520000000000001137e+02	-1.312217115405526491e-01	8.563905909730645805e-02
-2.510000000000001137e+02	-1.219031912489680625e-01	9.871157228945161288e-02
-2.500000000000001137e+02	-1.112657648950919065e-01	1.107938811080318720e-01
-2.490000000000001137e+02	-9.941310619716443864e-02	1.217507459655118862e-01
-2.480000000000001137e+02	-8.646234200760576083e-02	1.314571877345564743e-01
-2.470000000000001137e+02	-7.254390054930388854e-02	1.398015126897460547e-01
-2.460000000000001137e+02	-5.780017666989330227e-02	1.466859574344390460e-01
-2.450000000000001137e+02	-4.238312746956493515e-02	1.520269653697934320e-01
-2.440000000000001137e+02	-2.645386919500605435e-02	1.557565858528649205e-01
-2.430000000000001137e+02	-1.018048041478723277e-02	1.578243969784337841e-01
-2.420000000000001137e+02	6.263587254385729643e-03	1.581958570732085456e-01
-2.410000000000001137e+02	2.270095418383301367e-02	1.568548899204733060e-01
-2.400000000000001137e+02	3.895251456908336435e-02	1.538054217987394889e-01
-2.390000000000001137e+02	5.483974079173215693e-02	1.490684747459835036e-01
-2.380000000000001137e+02	7.018590292940199427e-02	1.426826568557508501e-01
-2.370000000000001137e+02	8.481776959390377457e-02	1.347058660886594206e-01
-2.360000000000001137e+02	9.856685137754900294e-02	1.252147926075472262e-01
-2.350000000000001137e+02	1.112766738952097045e-01	1.143049562050302420e-01
-2.340000000000001137e+02	1.227995962298287363e-01	1.020872079032209417e-01
-2.330000000000001137e+02	1.329980180493222364e-01	8.868755007246616195e-02
-2.320000000000001137e+02	1.417474682530916741e-01	7.424762442341165114e-02
-2.310000000000001137e+02	1.489431775084990861e-01	5.892315433756872139e-02
-2.300000000000001137e+02	1.544939920882680839e-01	4.288145048286005900e-02
-2.290000000000001137e+02	1.583268943496195236e-01	2.629942604955625568e-02
-2.280000000000001137e+02	1.603893560395400764e-01	9.360908877215809790e-03
-2.270000000000001137e+02	1.606450012832199015e-01	-7.744489252273886043e-03
-2.260000000000001137e+02	1.590797203180154828e-01	-2.482273365795728548e-02
-2.250000000000001137e+02	1.557028208454273865e-01	-4.167995154833942228e-02
-2.240000000000001137e+02	1.505385726348364983e-01	-5.812216737685986512e-02
-2.230000000000001137e+02	1.436337594808903273e-01	-7.395957825886578796e-02
-2.220000000000001137e+02	1.350553747670527327e-01	-8.900719905850498770e-02
-2.210000000000001137e+02	1.248888117060511227e-01	-1.030866000056370330e-01
-2.200000000000001137e+02	1.132405612193875671e-01	-1.160294447888501612e-01
-2.190000000000001137e+02	1.002348196754228454e-01	-1.276790737851827007e-01
-2.180000000000001137e+02	8.601150138516396038e-02	-1.378918336766007391e-01
-2.170000000000001137e+02	7.072738097566778903e-02	-1.465379026564291587e-01
-2.160000000000001137e+02	5.455251586023441429e-02	-1.535030832140975854e-01
-2.150000000000001137e+02	3.767003969636478072e-02	-1.586947569850384321e-01
-2.140000000000001137e+02	2.027347983080136570e-02	-1.620383875489450620e-01
-2.130000000000001137e+02	2.565400878178249536e-03	-1.634804555105203727e-01
-2.120000000000001137e+02	-1.524637914323668554e-02	-1.629897358358091408e-01
-2.110000000000001137e+02	-3.295056389315998563e-02	-1.605578309557856020e-01
-2.100000000000001137e+02	-5.033534661198468818e-02	-1.561991217766044160e-01
-2.090000000000001137e+02	-6.719031832409889937e-02	-1.499516612625081680e-01
-2.080000000000001137e+02	-8.330990056339773742e-02	-1.418769962386611794e-01
-2.070000000000001137e+02	-9.849421180467424208e-02	-1.320573085494532173e-01
-2.060000000000001137e+02	-1.125525583697831733e-01	-1.205975557623417960e-01
-2.050000000000001137e+02	-1.253056976713298742e-01	-1.076237383762784633e-01
-2.040000000000001137e+02	-1.365880870000024949e-01	-9.328181628058188068e-02
-2.030000000000001137e+02	-1.462503640601223731e-01	-7.773591894846744454e-02
-2.020000000000001137e+02	-1.541612177987353172e-01	-6.116673356578354592e-02
-2.010000000000001137e+02	-1.602089412485820930e-01	-4.376960679151815914e-02
-2.000000000000001137e+02	-1.643039841536409473e-01	-2.575263279570565861e-02
-1.990000000000001137e+02	-1.663797935237871506e-01	-7.333847980671754849e-03
-1.980000000000001137e+02	-1.663936749783380131e-01	1.126168956004592464e-02
-1.970000000000001137e+02	-1.643277902674894764e-01	2.980332618475153503e-02
-1.960000000000001137e+02	-1.601910916015197861e-01	4.805800115400855888e-02
-1.950000000000001137e+02	-1.540181296428940194e-01	6.579394886693888667e-02
-1.940000000000001137e+02	-1.458700198873544573e-01	8.278205469181572351e-02
-1.930000000000001137e+02	-1.358348461031785581e-01	9.880098243230737987e-02
-1.920000000000001137e+02	-1.240239399533793890e-01	1.136384807863485280e-01
-1.910000000000001137e+02	-1.105729444873270600e-01	1.270944563073798939e-01
-1.900000000000001137e+02	-9.564058281344985091e-02	1.389846921279008773e-01
-1.890000000000001137e+02	-7.940661319498888704e-02	1.491429495771429969e-01
-1.880000000000001137e+02	-6.206991990790969999e-02	1.574233598671489487e-01
-1.870000000000001137e+02	-4.384611818661149352e-02	1.637024520048187548e-01
-1.860000000000001137e+02	-2.496431107657917300e-02	1.678821346704780226e-01
-1.850000000000001137e+02	-5.665810100636875860e-03	1.698899465602580483e-01
-1.840000000000001137e+02	1.379948734707802695e-02	1.696811562144609764e-01
-1.830000000000001137e+02	3.317657066738388671e-02	1.672399537669440051e-01
-1.820000000000001137e+02	5.220849876767778147e-02	1.625798220186434606e-01
-1.810000000000001137e+02	7.063977048488924437e-02	1.557439293980270034e-01
-1.800000000000001137e+02	8.821962959013633643e-02	1.468052612048497407e-01
-1.790000000000001137e+02	1.047061396566527497e-01	1.358657394445473843e-01
-1.780000000000001137e+02	1.198690659659593372e-01	1.230554687524312019e-01
-1.770000000000001137e+02	1.334932339877573926e-01	1.085314463419245756e-01
-1.760000000000001137e+02	1.453817733331451145e-01	9.247581538245069899e-02
-1.750000000000001137e+02	1.553587357503532496e-01	7.509407724220316938e-02
-1.740000000000001137e+02	1.632726464574523195e-01	5.661146749510310300e-02
-1.730000000000001137e+02	1.689989860716023251e-01	3.727163983271326864e-02
-1.720000000000001137e+02	1.724414052448443035e-01	1.733265236238774529e-02
-1.710000000000001137e+02	1.735339374867111151e-01	-2.935668576210069460e-03
-1.700000000000001137e+02	1.722424248944292025e-01	-2.325702360658299384e-02
-1.690000000000001137e+02	1.685651839817339792e-01	-4.335062924024961351e-02
-1.680000000000001137e+02	1.625339316676188139e-01	-6.293476709642964462e-02
-1.670000000000001137e+02	1.542128081808709361e-01	-8.173273631810593076e-02
-1.660000000000001137e+02	1.436979649349504617e-01	-9.947411722904407616e-02
-1.650000000000001137e+02	1.311210013718405731e-01	-1.159021310934339466e-01
-1.640000000000001137e+02	1.166419326002281209e-01	-1.307745935467006793e-01
-1.630000000000001137e+02	1.004494971446716067e-01	-1.438683496819365970e-01
-1.620000000000001137e+02	8.275895350790433980e-02	-1.549827097080054283e-01
-1.610000000000001137e+02	6.380954586415549246e-02	-1.639426054920476994e-01
-1.600000000000001137e+02	4.386099310763495740e-02	-1.706003046681716928e-01
-1.590000000000001137e+02	2.319100471735660238e-02	-1.748413764313785368e-01
-1.580000000000001137e+02	2.091109066313555625e-03	-1.765841506482672130e-01
-1.570000000000001137e+02	-1.913745363221229165e-02	-1.757815489526657893e-01
-1.560000000000001137e+02	-4.018761219808847374e-02	-1.724227206881749908e-01
-1.550000000000001137e+02	-6.075106892691267690e-02	-1.665337902259185765e-01
-1.540000000000001137e+02	-8.052294400155253495e-02	-1.581779106962815928e-01
-1.530000000000001137e+02	-9.920568830758681733e-02	-1.474550844007441186e-01
-1.520000000000001137e+02	-1.165145940508776068e-01	-1.345020849730540202e-01
-1.510000000000001137e+02	-1.321801215229279625e-01	-1.194890227002130129e-01
-1.500000000000001137e+02	-1.459528934354948904e-01	-1.026189797880680543e-01
-1.490000000000001137e+02	-1.576085123110836372e-01	-8.412599448696694848e-02
-1.480000000000001137e+02	-1.669509429267990730e-01	-6.427174865689572192e-02
-1.470000000000001137e+02	-1.738158647767265308e-01	-4.334266408188802711e-02
-1.460000000000001137e+02	-1.780742268172545995e-01	-2.164458273328195848e-02
-1.450000000000001137e+02	-1.796342093839546350e-01	4.999520232074842335e-04
-1.440000000000001137e+02	-1.784435905522247512e-01	2.275660941007450616e-02
-1.430000000000001137e+02	-1.744914169290674999e-01	4.478387906748271252e-02
-1.420000000000001137e+02	-1.678088962432206233e-01	6.623884961946367722e-02
-1.410000000000001137e+02	-1.584707023543203697e-01	8.678212253414367694e-02
-1.400000000000001137e+02	-1.465918750778268942e-01	1.060819287111555015e-01
-1.390000000000001137e+02	-1.323301473791987926e-01	1.238203568815447186e-01
-1.380000000000001137e+02	-1.158833879178560039e-01	1.396990103425334584e-01
-1.370000000000001137e+02	-9.748711376034825682e-02	1.534437257315924563e-01
-1.360000000000001137e+02	-7.741248093012456644e-02	1.648088847087228748e-01
-1.350000000000001137e+02	-5.596264030559910257e-02	1.735824992550777934e-01
-1.340000000000001137e+02	-3.346829585915375022e-02	1.795906416463792787e-01
-1.330000000000001137e+02	-1.028276523751863770e-02	1.827010905668179641e-01
-1.320000000000001137e+02	1.322220998914917962e-02	1.828270207419524507e-01
-1.310000000000001137e+02	3.666224632223363811e-02	1.799289771894965750e-01
-1.300000000000001137e+02	5.964651686783812440e-02	1.740144171964365660e-01
-1.290000000000001137e+02	8.178397780940564743e-02	1.651431970113491909e-01
-1.280000000000001137e+02	1.026910833888516200e-01	1.534259100305784829e-01
-1.270000000000001137e+02	1.219971652645720772e-01	1.390237510573328894e-01
-1.260000000000001137e+02	1.393498352263795315e-01	1.221468571677656462e-01
-1.250000000000001137e+02	1.544249621869589473e-01	1.030513652645612815e-01
-1.240000000000001137e+02	1.669289283156016046e-01	8.203595445598212132e-02
-1.230000000000001137e+02	1.766089636786900285e-01	5.944134762567847285e-02
-1.220000000000001137e+02	1.832573927328677577e-01	3.564261514488838850e-02
-1.210000000000001137e+02	1.867146322730753871e-01	1.104348727794873634e-02
-1.200000000000001137e+02	1.868737748328174464e-01	-1.392988536312604782e-02
-1.190000000000001137e+02	1.836834553143836257e-01	-3.883597327771518698e-02
-1.180000000000001137e+02	1.771558655748037836e-01	-6.322569308045446201e-02
-1.170000000000001137e+02	1.673625982141597190e-01	-8.664669718836444379e-02
-1.160000000000001137e+02	1.544363423624189324e-01	-1.086571343241167775e-01
-1.150000000000001137e+02	1.385700680920226024e-01	-1.288342698145316934e-01
-1.140000000000001137e+02	1.200143807507917382e-01	-1.467754180036124900e-01
-1.130000000000001137e+02	9.907665047768487998e-02	-1.621125536589863858e-01
-1.120000000000001137e+02	7.611656548518913601e-02	-1.745209614302242751e-01
-1.110000000000001137e+02	5.153797519042620928e-02	-1.837212489204869681e-01
-1.100000000000001137e+02	2.578583216050786206e-02	-1.894900420101628957e-01
-1.090000000000001137e+02	-6.642350790426022151e-04	-1.916650896595313847e-01
-1.080000000000001137e+02	-2.731220512157558900e-02	-1.901508423246891510e-01
-1.070000000000001137e+02	-5.364303587112761312e-02	-1.849212742024558820e-01
-1.060000000000001137e+02	-7.913641440596197452e-02	-1.760216223091106980e-01
-1.050000000000001137e+02	-1.032755050896703441e-01	-1.635696130192212383e-01
-1.040000000000001137e+02	-1.255614438906058339e-01	-1.477592430773712329e-01
-1.030000000000001137e+02	-1.455201278620670280e-01	-1.288536292746181589e-01
-1.020000000000001137e+02	-1.627120262582038290e-01	-1.071831058352907956e-01
-1.010000000000001137e+02	-1.767436271043555107e-01	-8.314307745556566431e-02
-1.000000000000001137e+02	-1.872786491745754012e-01	-5.718558201759409154e-02
-9.900000000000011369e+01	-1.940426789206073921e-01	-2.981223767062575469e-02
-9.800000000000011369e+01	-1.968336001036914140e-01	-1.568444976952971213e-03
-9.700000000000011369e+01	-1.955258957755954263e-01	2.697118046948445563e-02
-9.600000000000011369e+01	-1.900748213725187430e-01	5.521077993330467809e-02
-9.500000000000011369e+01	-1.805236398084393845e-01	8.254672612810165511e-02
-9.400000000000011369e+01	-1.670027159772549674e-01	1.083794258833769286e-01
-9.300000000000011369e+01	-1.497315527048426742e-01	1.321257042180528918e-01
-9.200000000000011369e+01	-1.290165592437254316e-01	1.532349668214940952e-01
-9.100000000000011369e+01	-1.052465594091243628e-01	1.711969084563741417e-01
-9.000000000000011369e+01	-7.888894567074986042e-02	1.855569216611774319e-01
-8.900000000000011369e+01	-5.047912945433880721e-02	1.959248981613898322e-01
-8.800000000000011369e+01	-2.061474629217190449e-02	2.019909143665291895e-01
-8.700000000000011369e+01	1.005975357619406929e-02	2.035321480327024757e-01
-8.600000000000011369e+01	4.086119792819067204e-02	2.004207712107442252e-01
-8.500000000000011369e+01	7.108416033756852215e-02	1.926312896732292890e-01
-8.400000000000011369e+01	1.000160846648445873e-01	1.802474176773016801e-01
-8.300000000000011369e+01	1.269507123318092678e-01	1.634635137818105100e-01
-8.200000000000011369e+01	1.512059126929303776e-01	1.425800472703102895e-01
-8.100000000000011369e+01	1.721425794089228578e-01	1.180075471063678216e-01
-8.000000000000011369e+01	1.891813188520036493e-01	9.025415045217459464e-02
-7.900000000000011369e+01	2.018168585398045500e-01	5.992421425194069395e-02
-7.800000000000011369e+01	2.096350005415119622e-01	2.770352607490665989e-02
-7.700000000000011369e+01	2.123284717403425004e-01	-5.651038771518185864e-03
-7.600000000000011369e+01	2.097066654160115728e-01	-3.932651628296078561e-02
-7.500000000000011369e+01	2.017074865583216581e-01	-7.247354844274844776e-02
-7.400000000000011369e+01	1.884036062893957586e-01	-1.042244397680272272e-01
-7.300000000000011369e+01	1.700083326809480877e-01	-1.337166795514841688e-01
-7.200000000000011369e+01	1.468774512115295638e-01	-1.601170423794106012e-01
-7.100000000000011369e+01	1.195075233404639115e-01	-1.826437188511033649e-01
-7.000000000000011369e+01	8.852773374968503362e-02	-2.005895764753924393e-01
-6.900000000000011369e+01	5.468918559259289269e-02	-2.133462072390351350e-01
-6.800000000000011369e+01	1.885055008172254257e-02	-2.204241241293953824e-01
-6.700000000000011369e+01	-1.803873895997388024e-02	-2.214759893804712498e-01
-6.600000000000011369e+01	-5.496339408838477741e-02	-2.163123211193521689e-01
-6.500000000000011369e+01	-9.086813003437502201e-02	-2.049137671240957304e-01
-6.400000000000011369e+01	-1.246836442694111702e-01	-1.874396268279001632e-01
-6.300000000000011369e+01	-1.553589440352317053e-01	-1.642365593116191236e-01
-6.200000000000011369e+01	-1.818975879745988733e-01	-1.358397883082673452e-01
-6.100000000000011369e+01	-2.033872932253092680e-01	-1.029596095312026033e-01
-6.000000000000011369e+01	-2.190316528099560123e-01	-6.647490493032454095e-02
-5.900000000000011369e+01	-2.281839067336626781e-01	-2.741273750367606565e-02
-5.800000000000011369e+01	-2.303754405984756171e-01	1.307651246532432615e-02
-5.700000000000011369e+01	-2.253393275586511868e-01	5.374907388622091053e-02
-5.600000000000011369e+01	-2.130344002029929129e-01	9.330230294086860887e-02
-5.500000000000011369e+01	-1.936555789169125963e-01	1.304153067397749444e-01
-5.400000000000011369e+01	-1.676386031362416817e-01	1.637963827501183189e-01
-5.300000000000011369e+01	-1.356607912288136375e-01	1.922211563609323992e-01
-5.200000000000011369e+01	-9.863282656679767113e-02	2.145815211149671442e-01
-5.100000000000011369e+01	-5.768012199056572753e-02	2.299307389341287144e-01
-5.000000000000011369e+01	-1.411916387158079246e-02	2.375254232934206344e-01
-4.900000000000011369e+01	3.059366324686115315e-02	2.368661134558974757e-01
-4.800000000000011369e+01	7.488871268342897625e-02	2.277257040774656183e-01
-4.700000000000011369e+01	1.171383118275205748e-01	2.101768409478304844e-01
-4.600000000000011369e+01	1.557130254255542356e-01	1.846085358745697402e-01
-4.500000000000011369e+01	1.890519064817501038e-01	1.517239669504438782e-01
-4.400000000000011369e+01	2.157160485912014980e-01	1.125440088627506358e-01
-4.300000000000011369e+01	2.344525712645821880e-01	6.838395630637364442e-02
-4.200000000000011369e+01	2.442605155284334195e-01	2.081324992442283237e-02
-4.100000000000011369e+01	2.444332956484417396e-01	-2.837634295653689021e-02
-4.000000000000011369e+01	2.346344001383730282e-01	-7.723497113915396561e-02
-3.900000000000011369e+01	2.149155538322376768e-01	-1.237220606382657268e-01
-3.800000000000011369e+01	1.857485312970924562e-01	-1.657839174307971786e-01
-3.700000000000011369e+01	1.480343213687332349e-01	-2.014433570217989689e-01
-3.600000000000011369e+01	1.031007903431596928e-01	-2.288853326180491365e-01
-3.500000000000011369e+01	5.268153167001012743e-02	-2.465516237054630466e-01
-3.400000000000011369e+01	-1.138241811844404976e-03	-2.532323364539921795e-01
-3.300000000000011369e+01	-5.598278600909738223e-02	-2.481621498614459964e-01
-3.200000000000011369e+01	-1.092722799278540713e-01	-2.310784418489259251e-01
-3.100000000000011369e+01	-1.583242258748414344e-01	-2.022877238086831231e-01
-3.000000000000011369e+01	-2.004941505991666983e-01	-1.626953980492861496e-01
-2.900000000000011369e+01	-2.332922078528481546e-01	-1.138264359557374511e-01
-2.800000000000011369e+01	-2.545340891866877397e-01	-5.781077414329718195e-02
-2.700000000000011369e+01	-2.625017964295766615e-01	2.680422811291162735e-03
-2.600000000000011369e+01	-2.560769465895988417e-01	6.452291894275595519e-02
-2.500000000000011369e+01	-2.348673310045042706e-01	1.242607192956352857e-01
-2.400000000000011369e+01	-1.993164545577588154e-01	1.782770608976219640e-01
-2.300000000000011369e+01	-1.507719765445209303e-01	2.229946408612704656e-01
-2.200000000000011369e+01	-9.150704979895335489e-02	2.551047146201526616e-01
-2.100000000000011369e+01	-2.468700643173883658e-02	2.718095345962242004e-01
-2.000000000000000000e+01	4.573027463220109140e-02	2.710758774063605214e-01
-1.900000000000000000e+01	1.151612558877632281e-01	2.518738233565756546e-01
-1.800000000000000000e+01	1.786540769141708451e-01	2.143749628803555962e-01
-1.700000000000000000e+01	2.311875073223942922e-01	1.601179598329647291e-01
-1.600000000000000000e+01	2.680621989853326226e-01	9.207664469976992172e-02
-1.500000000000000000e+01	2.853225559813717394e-01	1.461611729080128548e-02
-1.400000000000000000e+01	2.801841105939281151e-01	-6.664663351541942615e-02
-1.300000000000000000e+01	2.514571971880198431e-01	-1.451492278166711392e-01
-1.200000000000000000e+01	1.999084544396252661e-01	-2.138220284866246268e-01
-1.100000000000000000e+01	1.285056804308143119e-01	-2.656874734227832047e-01
-1.000000000000000000e+01	4.245236561052298518e-02	-2.945080524743179384e-01
-9.000000000000000000e+00	-5.090329375611871848e-02	-2.956043964027614823e-01
-8.000000000000000000e+00	-1.425160090112762290e-01	-2.666246628744765590e-01
-7.000000000000000000e+00	-2.223508123126515523e-01	-2.082154804493278333e-01
-6.000000000000000000e+00	-2.804081365868867359e-01	-1.245157971283698400e-01
-5.000000000000000000e+00	-3.079823163226869664e-01	-2.328925410034042923e-02
-4.000000000000000000e+00	-2.990601652190065241e-01	8.441220389657316803e-02
-3.000000000000000000e+00	-2.516218931099914458e-01	1.851204465071089600e-01
-2.000000000000000000e+00	-1.688256082050789697e-01	2.644324476180093808e-01
-1.000000000000000000e+00	-5.953777055390765266e-02	3.090301547939720006e-01
0.000000000000000000e+00	6.184865234364042563e-02	3.090681161212973649e-01
1.000000000000000000e+00	1.767545521013337284e-01	2.608606536622235517e-01
2.000000000000000000e+00	2.651937089345283161e-01	1.687999100848479872e-01
3.000000000000000000e+00	3.095165304112567628e-01	4.603635606152319676e-02
4.000000000000000000e+00	2.984016106205336638e-01	-8.668783948231850722e-02
5.000000000000000000e+00	2.303397697981758308e-01	-2.040191794287727345e-01
6.000000000000000000e+00	1.159171314482581178e-01	-2.806705661896299331e-01
7.000000000000000000e+00	-2.214506009334210254e-02	-2.976508082416207679e-01
8.000000000000000000e+00	-1.530270226193642391e-01	-2.488815454796397264e-01
9.000000000000000000e+00	-2.456928481928387642e-01	-1.445464592871554266e-01
1.000000000000000000e+01	-2.772505306215459209e-01	-9.225501859041558908e-03
1.100000000000000000e+01	-2.391194328775534672e-01	1.234935444383252340e-01
1.200000000000000000e+01	-1.409789085842777512e-01	2.184991451525470918e-01
1.300000000000000000e+01	-1.062357657569520941e-02	2.498011620444633984e-01
1.400000000000000000e+01	1.140411259526197124e-01	2.104945781909524083e-01
1.500000000000000000e+01	1.977064192576569734e-01	1.150480294704675222e-01
1.600000000000000000e+01	2.179842821595530111e-01	-6.388912670481627747e-03
1.700000000000000000e+01	1.715520088851252289e-01	-1.162001742715948194e-01
1.800000000000000000e+01	7.664359513776519695e-02	-1.803925837242111030e-01
1.900000000000000000e+01	-3.255223000749221662e-02	-1.817039236231254851e-01
2.000000000000000000e+01	-1.196630136536118161e-01	-1.256057446078338857e-01
2.100000000000000000e+01	-1.588592228072251700e-01	-3.558238049677796278e-02
2.200000000000000000e+01	-1.417369697379958493e-01	5.586324634637533648e-02
2.300000000000000000e+01	-7.963717495042613170e-02	1.177050345193461495e-01
2.400000000000000000e+01	9.736180776527557411e-04	1.321888301433427892e-01
2.500000000000000000e+01	7.045328998268196585e-02	1.006896921047250315e-01
2.600000000000000000e+01	1.071259321675713250e-01	3.982403332329911838e-02
2.700000000000000000e+01	1.028522665303923389e-01	-2.630547994958615937e-02
2.800000000000000000e+01	6.439556229522487574e-02	-7.440796916480423018e-02
2.900000000000000000e+01	9.739532765513231327e-03	-9.050018047372442032e-02
3.000000000000000000e+01	-4.035414943667068460e-02	-7.389159980633951130e-02
3.100000000000000000e+01	-6.982334717850505190e-02	-3.468890278589135262e-02
3.200000000000000000e+01	-7.136494271831694824e-02	1.096693700193112665e-02
3.300000000000000000e+01	-4.810136297831671404e-02	4.647163127885665934e-02
3.400000000000000000e+01	-1.151058925168831418e-02	6.096713677752257227e-02
3.500000000000000000e+01	2.408467934187104656e-02	5.247685720217562522e-02
3.600000000000000000e+01	4.664320654611608247e-02	2.691162907248246736e-02
3.700000000000000000e+01	4.995539488535348516e-02	-4.678704190233518717e-03
3.800000000000000000e+01	3.543498305256705116e-02	-3.030998683838120530e-02
3.900000000000000000e+01	1.074499219051354426e-02	-4.181851199021515558e-02
4.000000000000000000e+01	-1.406670811501823867e-02	-3.726269926642591240e-02
4.100000000000000000e+01	-3.032180565469145758e-02	-2.045743961277068923e-02
4.200000000000000000e+01	-3.346583172297525055e-02	9.577784188536813976e-04
4.300000000000000000e+01	-2.433232932947096763e-02	1.869616168629828143e-02
4.400000000000000000e+01	-8.012281486288090962e-03	2.713541541503217483e-02
4.500000000000000000e+01	8.783977745611636773e-03	2.478877021336936548e-02
4.600000000000000000e+01	2.017731501312915524e-02	1.403751680404879271e-02
4.700000000000000000e+01	2.299554202465168423e-02	-1.380730546470630292e-04
4.800000000000000000e+01	1.756618825279466015e-02	-1.229422571923126373e-02
4.900000000000000000e+01	6.987863678106387422e-03	-1.858331870422447532e-02
5.000000000000000000e+01	-4.389599066539368738e-03	-1.769120145305218619e-02
5.100000000000000000e+01	-1.250800871143754184e-02	-1.091410175463379019e-02
5.200000000000000000e+01	-1.500224813041516059e-02	-1.461286104706448381e-03
5.300000000000000000e+01	-1.182860226859269899e-02	6.989433984140952516e-03
5.400000000000000000e+01	-4.901436367425945906e-03	1.166225200802102450e-02
5.500000000000000000e+01	2.833988945220759260e-03	1.143675393702721539e-02
5.600000000000000000e+01	8.512530767996285413e-03	7.080225875357387157e-03
5.700000000000000000e+01	1.042241590616632685e-02	7.469132219923811655e-04
5.800000000000000000e+01	8.451248556097886236e-03	-5.042725244126950931e-03
5.900000000000000000e+01	3.851940140804781774e-03	-8.343193937790769135e-03
6.000000000000000000e+01	-1.373349213723018721e-03	-8.361492028553123290e-03
6.100000000000000000e+01	-5.295940243072448303e-03	-5.582583931673913702e-03
6.200000000000000000e+01	-6.758175643309176708e-03	-1.422796594087143889e-03
6.300000000000000000e+01	-5.649677892945005782e-03	2.467781839809404364e-03
6.400000000000000000e+01	-2.746635222624466913e-03	4.794350776259720739e-03
6.500000000000000000e+01	6.732698216197294944e-04	4.966803764944362730e-03
6.600000000000000000e+01	3.329324591742226658e-03	3.266030488206957561e-03
6.700000000000000000e+01	4.411863125737659243e-03	5.572759970709133346e-04
6.800000000000000000e+01	3.772781992593519755e-03	-2.078286191105699343e-03
6.900000000000000000e+01	1.861749997422999878e-03	-3.736453116226105819e-03
7.000000000000000000e+01	-4.833804388166403564e-04	-3.966150193512661508e-03
7.100000000000000000e+01	-2.385643116116672492e-03	-2.885091640679174427e-03
7.200000000000000000e+01	-3.249403643834644986e-03	-1.054771195087402099e-03
7.300000000000000000e+01	-2.914800382085066654e-03	7.805946367078118141e-04
7.400000000000000000e+01	-1.695264235231432786e-03	1.976911794199216407e-03
7.500000000000000000e+01	-1.429980149546938167e-04	2.167330350272770288e-03
7.600000000000000000e+01	1.111419739498623787e-03	1.507040826845464131e-03
7.700000000000000000e+01	1.708084538110597435e-03	3.270840251262500400e-04
7.800000000000000000e+01	1.479324174728926166e-03	-8.963538841347339732e-04
7.900000000000000000e+01	6.354218273964359247e-04	-1.690820454326921784e-03
8.000000000000000000e+01	-4.313698851886278783e-04	-1.843809530305828620e-03
8.100000000000000000e+01	-1.328704662153958613e-03	-1.397076782363989265e-03
8.200000000000000000e+01	-1.774466809403331185e-03	-5.838232261724786648e-04
8.300000000000000000e+01	-1.677951288011399027e-03	2.606550404923449818e-04
8.400000000000000000e+01	-1.173944185865704671e-03	8.432201600560255018e-04
8.500000000000000000e+01	-4.993095083369506306e-04	1.020054966498476793e-03
8.600000000000000000e+01	9.817589666543677992e-05	7.825149862460025049e-04
8.700000000000000000e+01	4.129191000000194769e-04	2.801165999999712152e-04
8.800000000000000000e+01	3.709882427809934355e-04	-2.686812553766421943e-04
8.900000000000000000e+01	3.190722641937741952e-05	-6.588567834485456031e-04
9.000000000000000000e+01	-4.431830556193315572e-04	-7.683094277042272924e-04
9.100000000000000000e+01	-8.668020404561907651e-04	-5.915205848464807079e-04
9.200000000000000000e+01	-1.099134193977244298e-03	-2.261879864046459603e-04
9.300000000000000000e+01	-1.092653030668053020e-03	1.792455335696016376e-04
9.400000000000000000e+01	-8.782138552136800136e-04	4.863651115942770552e-04
9.500000000000000000e+01	-5.570490836999868276e-04	6.048341882022335858e-04
9.600000000000000000e+01	-2.612726330961974842e-04	5.295167266994938240e-04
9.700000000000000000e+01	-8.679536910625152931e-05	3.218103105060864024e-04
9.800000000000000000e+01	-7.313168035517077605e-05	8.249133627536194685e-05
9.900000000000000000e+01	-1.949160003429246111e-04	-9.751323554417390036e-05
1.000000000000000000e+02	-3.898812211661246020e-04	-1.568559274803084987e-04
1.010000000000000000e+02	-5.730545332311024267e-04	-8.626859758896603125e-05
1.020000000000000000e+02	-6.765152169569294558e-04	7.541391398780346897e-05
1.030000000000000000e+02	-6.733454359088049271e-04	2.647909523847965596e-04
1.040000000000000000e+02	-5.708072263064962190e-04	4.176888138832536958e-04
1.050000000000000000e+02	-4.150681323050460329e-04	4.937438278771105532e-04
1.060000000000000000e+02	-2.592578773203950307e-04	4.804865198682539890e-04
1.070000000000000000e+02	-1.512026789482356253e-04	4.012225114271766109e-04
