# # Time 	 h_plus 	 h_cross 
# 
-4.089999999999999432e+02	-5.078499999999993436e-02	-9.971900000000002984e-02
-4.079999999999999432e+02	-5.840999999999983705e-02	-9.549600000000010858e-02
-4.069999999999999432e+02	-6.568848713454461530e-02	-9.068567250938018576e-02
-4.059999999999999432e+02	-7.257583440141497644e-02	-8.531580533221876095e-02
-4.049999999999999432e+02	-7.903055664915926981e-02	-7.941755447815344870e-02
-4.039999999999999432e+02	-8.501225709295479049e-02	-7.302798594877819849e-02
-4.029999999999999432e+02	-9.048256853979233516e-02	-6.618268441219991860e-02
-4.019999999999999432e+02	-9.540578713295770619e-02	-5.892286853274736336e-02
-4.009999999999999432e+02	-9.975199999999988243e-02	-5.129100000000022530e-02
-3.999999999999999432e+02	-1.034899999999998876e-01	-4.333300000000026020e-02
-3.989999999999999432e+02	-1.065999999999999864e-01	-3.509700000000003789e-02
-3.979999999999999432e+02	-1.090499999999999664e-01	-2.663400000000007775e-02
-3.969999999999999432e+02	-1.108399999999999802e-01	-1.799400000000003427e-02
-3.959999999999999432e+02	-1.119400000000000117e-01	-9.231000000000013500e-03
-3.949999999999999432e+02	-1.123500000000000054e-01	-3.975700000001348511e-04
-3.939999999999999432e+02	-1.120683323472711074e-01	8.451042939137424700e-03
-3.929999999999999432e+02	-1.110900000000000221e-01	1.725999999999981716e-02
-3.919999999999999432e+02	-1.094200000000000172e-01	2.597499999999995646e-02
-3.909999999999999432e+02	-1.070599999999999885e-01	3.454000000000002901e-02
-3.899999999999999432e+02	-1.040400000000000630e-01	4.290299999999984404e-02
-3.889999999999999432e+02	-1.003500000000000225e-01	5.100999999999993040e-02
-3.879999999999999432e+02	-9.603773467474777115e-02	5.881066722032577548e-02
-3.869999999999999432e+02	-9.111485199582373962e-02	6.625489237758119820e-02
-3.859999999999999432e+02	-8.561299684280913869e-02	7.329599729702869493e-02
-3.849999999999999432e+02	-7.956394379688444540e-02	7.988794356801434682e-02
-3.839999999999999432e+02	-7.300390970965330018e-02	8.598689365245655580e-02
-3.829999999999999432e+02	-6.597300000000015652e-02	9.155399999999989935e-02
-3.819999999999999432e+02	-5.851399999999995494e-02	9.655300000000002769e-02
-3.809999999999999432e+02	-5.067210306909215867e-02	1.009482131475311212e-01
-3.799999999999999432e+02	-4.249900000000005063e-02	1.047099999999999836e-01
-3.789999999999999432e+02	-3.403953337626988013e-02	1.078185219926382776e-01
-3.779999999999999432e+02	-2.535099999999990139e-02	1.102400000000000324e-01
-3.769999999999999432e+02	-1.648500000000012108e-02	1.119699999999999723e-01
-3.759999999999999432e+02	-7.499550398220123336e-03	1.129899966549010731e-01
-3.749999999999999432e+02	1.550899999999926296e-03	1.132900000000000157e-01
-3.739999999999999432e+02	1.060799999999973743e-02	1.128700000000000120e-01
-3.729999999999999432e+02	1.961399999999979132e-02	1.117200000000000415e-01
-3.719999999999999432e+02	2.850999999999999368e-02	1.098599999999999993e-01
-3.710000000000000000e+02	3.723899999999977228e-02	1.072800000000000836e-01
-3.700000000000000000e+02	4.574399999999981953e-02	1.040100000000000885e-01
-3.690000000000000000e+02	5.397099999999978998e-02	1.000700000000001172e-01
-3.680000000000000000e+02	6.186369030144799053e-02	9.546552208583394816e-02
-3.670000000000000000e+02	6.937287543559679526e-02	9.024083796554401016e-02
-3.660000000000000000e+02	7.644657683976478768e-02	8.442263702439146977e-02
-3.650000000000000000e+02	8.303689392326603358e-02	7.804590029908614612e-02
-3.640000000000000000e+02	8.910191288377915242e-02	7.114893043666817296e-02
-3.630000000000000000e+02	9.460120789801236552e-02	6.377414015166701922e-02
-3.620000000000000000e+02	9.949499999999991684e-02	5.596900000000015057e-02
-3.610000000000000000e+02	1.037499999999998979e-01	4.778200000000022707e-02
-3.600000000000000000e+02	1.073399999999999355e-01	3.926700000000018370e-02
-3.590000000000000000e+02	1.102299999999999253e-01	3.047700000000029205e-02
-3.580000000000000000e+02	1.123999999999999722e-01	2.146900000000009912e-02
-3.570000000000000000e+02	1.138399999999999829e-01	1.230300000000012287e-02
-3.560000000000000000e+02	1.145199999999999968e-01	3.036500000000045239e-03
-3.550000000000000000e+02	1.144600000000000062e-01	-6.268999999999815519e-03
-3.540000000000000000e+02	1.136400000000000049e-01	-1.555300000000000432e-02
-3.530000000000000000e+02	1.120600000000000623e-01	-2.475299999999974396e-02
-3.520000000000000000e+02	1.097400000000000042e-01	-3.380999999999998590e-02
-3.510000000000000000e+02	1.066800000000000942e-01	-4.266199999999976261e-02
-3.500000000000000000e+02	1.029100000000001403e-01	-5.124899999999971839e-02
-3.490000000000000000e+02	9.843700000000009387e-02	-5.951299999999986462e-02
-3.480000000000000000e+02	9.330018957318576833e-02	-6.739813694376811659e-02
-3.470000000000000000e+02	8.752800000000003633e-02	-7.484799999999995623e-02
-3.460000000000000000e+02	8.115567710181763317e-02	-8.181367448381036966e-02
-3.450000000000000000e+02	7.422464545665316549e-02	-8.824457848868082210e-02
-3.440000000000000000e+02	6.677893577851755358e-02	-9.409490950867215042e-02
-3.430000000000000000e+02	5.886600000000009880e-02	-9.932299999999992524e-02
-3.420000000000000000e+02	5.053700000000014431e-02	-1.038899999999999268e-01
-3.410000000000000000e+02	4.184600000000014697e-02	-1.077699999999999492e-01
-3.400000000000000000e+02	3.284799999999997444e-02	-1.109200000000000047e-01
-3.390000000000000000e+02	2.360400000000026366e-02	-1.133199999999999485e-01
-3.380000000000000000e+02	1.417700000000024323e-02	-1.149599999999999650e-01
-3.370000000000000000e+02	4.631299999999947611e-03	-1.158200000000000063e-01
-3.360000000000000000e+02	-4.967468723285063843e-03	-1.158899970542893315e-01
-3.350000000000000000e+02	-1.455300000000005894e-02	-1.151699999999999946e-01
-3.340000000000000000e+02	-2.406099999999978395e-02	-1.136500000000000427e-01
-3.330000000000000000e+02	-3.342599999999970595e-02	-1.113400000000000778e-01
-3.320000000000000000e+02	-4.258499999999983132e-02	-1.082600000000000645e-01
-3.310000000000000000e+02	-5.147200000000008713e-02	-1.044199999999999573e-01
-3.300000000000000000e+02	-6.002599999999999603e-02	-9.985400000000001219e-02
-3.290000000000000000e+02	-6.818674410231964633e-02	-9.458064504878502254e-02
-3.280000000000000000e+02	-7.589407352131916085e-02	-8.863708586593356531e-02
-3.270000000000000000e+02	-8.309061286282407033e-02	-8.206061766179502392e-02
-3.260000000000000000e+02	-8.972399999999997044e-02	-7.489400000000002999e-02
-3.250000000000000000e+02	-9.574599999999980349e-02	-6.718400000000025740e-02
-3.240000000000000000e+02	-1.011099999999998944e-01	-5.898300000000021581e-02
-3.230000000000000000e+02	-1.057799999999998741e-01	-5.034400000000027048e-02
-3.220000000000000000e+02	-1.097200000000000120e-01	-4.132899999999996299e-02
-3.210000000000000000e+02	-1.128899999999999348e-01	-3.199800000000028316e-02
-3.200000000000000000e+02	-1.152699999999999836e-01	-2.241600000000006782e-02
-3.190000000000000000e+02	-1.168499999999999678e-01	-1.265000000000032765e-02
-3.180000000000000000e+02	-1.175899963055006547e-01	-2.767956956374836332e-03
-3.170000000000000000e+02	-1.175000000000000211e-01	7.161099999999644486e-03
-3.160000000000000000e+02	-1.165700000000000069e-01	1.706599999999993886e-02
-3.150000000000000000e+02	-1.148000000000000825e-01	2.687599999999968486e-02
-3.140000000000000000e+02	-1.122098665251018423e-01	3.652095655791130768e-02
-3.130000000000000000e+02	-1.088000000000001327e-01	4.592899999999968536e-02
-3.120000000000000000e+02	-1.045999999999999708e-01	5.503300000000007491e-02
-3.110000000000000000e+02	-9.963399999999995871e-02	6.376500000000007162e-02
-3.100000000000000000e+02	-9.393125572807234369e-02	7.206019618405942739e-02
-3.090000000000000000e+02	-8.753093286945561047e-02	7.985607358243237974e-02
-3.080000000000000000e+02	-8.047727660055295495e-02	8.709329933983557537e-02
-3.070000000000000000e+02	-7.281600000000003348e-02	9.371699999999996700e-02
-3.060000000000000000e+02	-6.460001974906627586e-02	9.967448752353534613e-02
-3.050000000000000000e+02	-5.589000000000020341e-02	1.049199999999998884e-01
-3.040000000000000000e+02	-4.674300000000015248e-02	1.094099999999999240e-01
-3.030000000000000000e+02	-3.722500000000026482e-02	1.131099999999999189e-01
-3.020000000000000000e+02	-2.740500000000012717e-02	1.159899999999999681e-01
-3.010000000000000000e+02	-1.735399478448460334e-02	1.180199645306476003e-01
-3.000000000000000000e+02	-7.144000000000269926e-03	1.191799999999999804e-01
-2.990000000000000000e+02	3.149599999999865355e-03	1.194599999999999829e-01
-2.980000000000000000e+02	1.345099999999980166e-02	1.188500000000000251e-01
-2.970000000000000000e+02	2.368299999999980837e-02	1.173600000000000476e-01
-2.960000000000000000e+02	3.376999999999984875e-02	1.149800000000000544e-01
-2.950000000000000000e+02	4.363399999999974244e-02	1.117300000000001070e-01
-2.940000000000000000e+02	5.320199999999970786e-02	1.076300000000001561e-01
-2.930000000000000000e+02	6.239799999999975227e-02	1.027100000000001484e-01
-2.920000000000000000e+02	7.115299999999985525e-02	9.700300000000010303e-02
-2.910000000000000000e+02	7.939764211748970291e-02	9.054173224378335438e-02
-2.900000000000000000e+02	8.706599909150934680e-02	8.337299913004432572e-02
-2.890000000000000000e+02	9.409650566084147572e-02	7.554760310812540236e-02
-2.880000000000000000e+02	1.004300000000000470e-01	6.712299999999996047e-02
-2.870000000000000000e+02	1.060199999999999476e-01	5.815800000000008463e-02
-2.860000000000000000e+02	1.108199999999998769e-01	4.871900000000026904e-02
-2.850000000000000000e+02	1.147799999999998960e-01	3.887600000000025757e-02
-2.840000000000000000e+02	1.178800706721158387e-01	2.870201720759327571e-02
-2.830000000000000000e+02	1.200699999999999823e-01	1.827400000000015817e-02
-2.820000000000000000e+02	1.213499999999999857e-01	7.670400000000344304e-03
-2.810000000000000000e+02	1.216900005911924071e-01	-3.027176234643804732e-03
-2.800000000000000000e+02	1.210800000000000209e-01	-1.373699999999974247e-02
-2.790000000000000000e+02	1.195399999999999935e-01	-2.437400000000004147e-02
-2.780000000000000000e+02	1.170500000000000013e-01	-3.485700000000006155e-02
-2.770000000000000000e+02	1.136400000000000049e-01	-4.510200000000001014e-02
-2.760000000000000000e+02	1.093300000000001493e-01	-5.502699999999968034e-02
-2.750000000000000000e+02	1.041500000000000897e-01	-6.455299999999987437e-02
-2.740000000000000000e+02	9.813427922932815850e-02	-7.360245940914264540e-02
-2.730000000000000000e+02	9.132187621323833993e-02	-8.210088871228289620e-02
-2.720000000000000000e+02	8.376414865980218172e-02	-8.997815968807179599e-02
-2.710000000000000000e+02	7.551799999999982138e-02	-9.716800000000015702e-02
-2.700000000000000000e+02	6.664400000000005042e-02	-1.036099999999999660e-01
-2.690000000000000000e+02	5.720999999999990676e-02	-1.092400000000000454e-01
-2.680000000000000000e+02	4.728896122284651643e-02	-1.140299064949814173e-01
-2.670000000000000000e+02	3.695700000000046864e-02	-1.179099999999998621e-01
-2.660000000000000000e+02	2.629400000000044896e-02	-1.208599999999998981e-01
-2.650000000000000000e+02	1.538500000000014856e-02	-1.228499999999999870e-01
-2.640000000000000000e+02	4.316699999999811486e-03	-1.238500000000000295e-01
-2.630000000000000000e+02	-6.822399999999939450e-03	-1.238599999999999979e-01
-2.620000000000000000e+02	-1.794200000000004125e-02	-1.228599999999999831e-01
-2.610000000000000000e+02	-2.895100000000002879e-02	-1.208599999999999952e-01
-2.600000000000000000e+02	-3.975999999999951101e-02	-1.178600000000001730e-01
-2.590000000000000000e+02	-5.027886170093171653e-02	-1.139000610494067395e-01
-2.580000000000000000e+02	-6.041899999999975068e-02	-1.089900000000001423e-01
-2.570000000000000000e+02	-7.009500000000021269e-02	-1.031599999999998629e-01
-2.560000000000000000e+02	-7.922416717348876314e-02	-9.647120356702075517e-02
-2.550000000000000000e+02	-8.772865747521585433e-02	-8.896166671590285957e-02
-2.540000000000000000e+02	-9.553217277621703363e-02	-8.069014593343594444e-02
-2.530000000000000000e+02	-1.025699999999999529e-01	-7.172300000000007836e-02
-2.520000000000000000e+02	-1.087699999999999084e-01	-6.213100000000017914e-02
-2.510000000000000000e+02	-1.140899999999997610e-01	-5.198900000000052091e-02
-2.500000000000000000e+02	-1.184599999999999265e-01	-4.138000000000021522e-02
-2.490000000000000000e+02	-1.218599999999998990e-01	-3.039000000000038546e-02
-2.480000000000000000e+02	-1.242400000000000032e-01	-1.910900000000015364e-02
-2.470000000000000000e+02	-1.255799999999999694e-01	-7.631200000000234497e-03
-2.460000000000000000e+02	-1.258600000000000274e-01	3.947699999999857920e-03
-2.450000000000000000e+02	-1.250700000000000145e-01	1.552999999999981826e-02
-2.440000000000000000e+02	-1.232199925921618894e-01	2.701699837577049498e-02
-2.430000000000000000e+02	-1.203100000000000835e-01	3.830999999999970540e-02
-2.420000000000000000e+02	-1.163597214031783927e-01	4.931088193633673816e-02
-2.410000000000000000e+02	-1.114000000000002905e-01	5.992399999999944299e-02
-2.400000000000000000e+02	-1.054599999999999566e-01	7.005600000000006267e-02
-2.390000000000000000e+02	-9.859900000000022813e-02	7.961499999999972765e-02
-2.380000000000000000e+02	-9.085899999999993981e-02	8.851700000000006785e-02
-2.370000000000000000e+02	-8.230737453072578536e-02	9.667943992924071805e-02
-2.360000000000000000e+02	-7.301199999999989643e-02	1.040300000000000807e-01
-2.350000000000000000e+02	-6.304900000000038252e-02	1.104899999999997828e-01
-2.340000000000000000e+02	-5.250300000000014677e-02	1.160099999999999465e-01
-2.330000000000000000e+02	-4.146300000000033292e-02	1.205299999999998734e-01
-2.320000000000000000e+02	-3.002200000000052049e-02	1.239999999999998742e-01
-2.310000000000000000e+02	-1.827800000000029401e-02	1.263999999999999846e-01
-2.300000000000000000e+02	-6.335565395700273363e-03	1.276800017170927337e-01
-2.290000000000000000e+02	5.702199999999769432e-03	1.278299999999999992e-01
-2.280000000000000000e+02	1.772799999999996948e-02	1.268499999999999905e-01
-2.270000000000000000e+02	2.963599999999949608e-02	1.247400000000001286e-01
-2.260000000000000000e+02	4.131799999999972994e-02	1.215000000000000802e-01
-2.250000000000000000e+02	5.266799999999957627e-02	1.171700000000002045e-01
-2.240000000000000000e+02	6.358199999999958330e-02	1.117600000000002480e-01
-2.230000000000000000e+02	7.395800000000006535e-02	1.053399999999999476e-01
-2.220000000000000000e+02	8.370099999999977558e-02	9.793400000000017369e-02
-2.210000000000000000e+02	9.271599999999977082e-02	8.962200000000021538e-02
-2.200000000000000000e+02	1.009199999999999126e-01	8.046700000000009401e-02
-2.190000000000000000e+02	1.082299999999998957e-01	7.054900000000013938e-02
-2.180000000000000000e+02	1.145799999999999458e-01	5.995400000000009749e-02
-2.170000000000000000e+02	1.198900000000000104e-01	4.877399999999993546e-02
-2.160000000000000000e+02	1.241300000000000597e-01	3.710999999999980287e-02
-2.150000000000000000e+02	1.272299999999998987e-01	2.506400000000059622e-02
-2.140000000000000000e+02	1.291700000000000070e-01	1.274700000000006557e-02
-2.130000000000000000e+02	1.299100000002372246e-01	2.700498858763329723e-04
-2.120000000000000000e+02	1.294600000000000195e-01	-1.225099999999981586e-02
-2.110000000000000000e+02	1.277900000000000147e-01	-2.469899999999987730e-02
-2.100000000000000000e+02	1.249200000000000726e-01	-3.695799999999969943e-02
-2.090000000000000000e+02	1.208700000000002411e-01	-4.891199999999943510e-02
-2.080000000000000000e+02	1.156800000000003104e-01	-6.044599999999945156e-02
-2.070000000000000000e+02	1.093700000000002309e-01	-7.144899999999965168e-02
-2.060000000000000000e+02	1.020099999999999063e-01	-8.181300000000012174e-02
-2.050000000000000000e+02	9.365203638550984033e-02	-9.143703552494183984e-02
-2.040000000000000000e+02	8.437700000000042388e-02	-1.002199999999996288e-01
-2.030000000000000000e+02	7.426399999999996893e-02	-1.080800000000000372e-01
-2.020000000000000000e+02	6.340700000000037972e-02	-1.149399999999998062e-01
-2.010000000000000000e+02	5.190300000000026143e-02	-1.207099999999998868e-01
-2.000000000000000000e+02	3.986000000000005511e-02	-1.253399999999999792e-01
-1.990000000000000000e+02	2.739000000000013993e-02	-1.287799999999999778e-01
-1.980000000000000000e+02	1.461100000000044134e-02	-1.309799999999999576e-01
-1.970000000000000000e+02	1.644199999999729125e-03	-1.319099999999999995e-01
-1.960000000000000000e+02	-1.138399999999960450e-02	-1.315700000000000480e-01
-1.950000000000000000e+02	-2.434699999999953568e-02	-1.299300000000000732e-01
-1.940000000000000000e+02	-3.711799999999977617e-02	-1.270200000000000495e-01
-1.930000000000000000e+02	-4.956899999999980766e-02	-1.228400000000000741e-01
-1.920000000000000000e+02	-6.157600000000008900e-02	-1.174399999999999750e-01
-1.910000000000000000e+02	-7.301699999999988755e-02	-1.108600000000000557e-01
-1.900000000000000000e+02	-8.377499999999972469e-02	-1.031600000000002376e-01
-1.890000000000000000e+02	-9.373900000000014165e-02	-9.439399999999988078e-02
-1.880000000000000000e+02	-1.028000000000001413e-01	-8.465599999999982861e-02
-1.870000000000000000e+02	-1.108699999999997188e-01	-7.403400000000040504e-02
-1.860000000000000000e+02	-1.178500027542589701e-01	-6.262890027076820076e-02
-1.850000000000000000e+02	-1.236699999999999189e-01	-5.054900000000018406e-02
-1.840000000000000000e+02	-1.282600000000000962e-01	-3.791299999999974552e-02
-1.830000000000000000e+02	-1.315699999999999092e-01	-2.484400000000041783e-02
-1.820000000000000000e+02	-1.335500000000000298e-01	-1.147099999999977651e-02
-1.810000000000000000e+02	-1.341700000000000115e-01	2.070699999999650858e-03
-1.800000000000000000e+02	-1.334199999999999831e-01	1.564299999999996596e-02
-1.790000000000000000e+02	-1.312900000000000456e-01	2.910799999999979029e-02
-1.780000000000000000e+02	-1.278000252325690034e-01	4.232492381038309437e-02
-1.770000000000000000e+02	-1.229800000000001725e-01	5.515599999999965669e-02
-1.760000000000000000e+02	-1.168500000000003286e-01	6.746599999999940145e-02
-1.750000000000000000e+02	-1.094899999999999207e-01	7.912100000000010791e-02
-1.740000000000000000e+02	-1.009400000000004877e-01	8.999599999999947919e-02
-1.730000000000000000e+02	-9.130800000000018068e-02	9.996999999999983677e-02
-1.720000000000000000e+02	-8.066900000000018500e-02	1.089299999999998603e-01
-1.710000000000000000e+02	-6.913400270890691923e-02	1.167800045758408817e-01
-1.700000000000000000e+02	-5.681700000000015904e-02	1.234199999999999325e-01
-1.690000000000000000e+02	-4.384199999999987413e-02	1.287800000000000333e-01
-1.680000000000000000e+02	-3.034400000000030476e-02	1.327899999999999359e-01
-1.670000000000000000e+02	-1.646100000000010402e-02	1.353800000000000003e-01
-1.660000000000000000e+02	-2.340797673134359380e-03	1.365300000398939895e-01
-1.650000000000000000e+02	1.186699999999935723e-02	1.362200000000000633e-01
-1.640000000000000000e+02	2.600999999999984574e-02	1.344200000000000395e-01
-1.630000000000000000e+02	3.993399999999953237e-02	1.311600000000001376e-01
-1.620000000000000000e+02	5.348499999999960924e-02	1.264400000000001634e-01
-1.610000000000000000e+02	6.651299999999966961e-02	1.203200000000002046e-01
-1.600000000000000000e+02	7.886999999999977362e-02	1.128500000000001863e-01
-1.590000000000000000e+02	9.041399999999952253e-02	1.041000000000004422e-01
-1.580000000000000000e+02	1.010099999999995030e-01	9.415100000000051206e-02
-1.570000000000000000e+02	1.105399999999998883e-01	8.310900000000015497e-02
-1.560000000000000000e+02	1.188699999999999202e-01	7.108500000000014807e-02
-1.550000000000000000e+02	1.259200531095975295e-01	5.820588510516903902e-02
-1.540000000000000000e+02	1.315799999999998915e-01	4.460900000000036364e-02
-1.530000000000000000e+02	1.357900000000000496e-01	3.044099999999985359e-02
-1.520000000000000000e+02	1.384799999999999087e-01	1.585700000000058590e-02
-1.510000000000000000e+02	1.396099999999999841e-01	1.018300000000407204e-03
-1.500000000000000000e+02	1.391400000000000692e-01	-1.390799999999944338e-02
-1.490000000000000000e+02	1.370800000000000629e-01	-2.875099999999976633e-02
-1.480000000000000000e+02	1.334400000000000031e-01	-4.334099999999997677e-02
-1.470000000000000000e+02	1.282300000000002327e-01	-5.750499999999950790e-02
-1.460000000000000000e+02	1.214999999999999136e-01	-7.107600000000013907e-02
-1.450000000000000000e+02	1.133200000000001845e-01	-8.389099999999975743e-02
-1.440000000000000000e+02	1.037800000000004830e-01	-9.579199999999950255e-02
-1.430000000000000000e+02	9.295871157870318202e-02	-1.066296691620719495e-01
-1.420000000000000000e+02	8.098499999999984877e-02	-1.162700000000001233e-01
-1.410000000000000000e+02	6.798799999999986798e-02	-1.245800000000000657e-01
-1.400000000000000000e+02	5.411000000000015103e-02	-1.314599999999999380e-01
-1.390000000000000000e+02	3.950899999999993306e-02	-1.368000000000000327e-01
-1.380000000000000000e+02	2.435400000000021575e-02	-1.405299999999999327e-01
-1.370000000000000000e+02	8.820699999999749227e-03	-1.425800000000000123e-01
-1.360000000000000000e+02	-6.905699999999795162e-03	-1.429100000000000370e-01
-1.350000000000000000e+02	-2.263613276867251084e-02	-1.415099787622025873e-01
-1.340000000000000000e+02	-3.817799999999971217e-02	-1.383700000000000763e-01
-1.330000000000000000e+02	-5.333899999999974773e-02	-1.335100000000001008e-01
-1.320000000000000000e+02	-6.792699999999987637e-02	-1.269700000000000550e-01
-1.310000000000000000e+02	-8.175535906773416517e-02	-1.188184238568334578e-01
-1.300000000000000000e+02	-9.464299999999960245e-02	-1.091300000000003378e-01
-1.290000000000000000e+02	-1.064210482415201969e-01	-9.802996558981369457e-02
-1.280000000000000000e+02	-1.169214302707524966e-01	-8.562404741765863858e-02
-1.270000000000000000e+02	-1.260100000000000386e-01	-7.205999999999994354e-02
-1.260000000000000000e+02	-1.335399999999998810e-01	-5.749800000000028499e-02
-1.250000000000000000e+02	-1.394099999999999506e-01	-4.211200000000019789e-02
-1.240000000000000000e+02	-1.435299472053299941e-01	-2.609229041757703607e-02
-1.230000000000000000e+02	-1.458099999999999397e-01	-9.637000000000771685e-03
-1.220000000000000000e+02	-1.462099999999999789e-01	7.044900000000022325e-03
-1.210000000000000000e+02	-1.447000000000000508e-01	2.373899999999971519e-02
-1.200000000000000000e+02	-1.412700000000000622e-01	4.022499999999983034e-02
-1.190000000000000000e+02	-1.359600000000001641e-01	5.628399999999960518e-02
-1.180000000000000000e+02	-1.288100000000000078e-01	7.169900000000002660e-02
-1.170000000000000000e+02	-1.198900000000003435e-01	8.625399999999949774e-02
-1.160000000000000000e+02	-1.092900000000003868e-01	9.974499999999958399e-02
-1.150000000000000000e+02	-9.715399999999993486e-02	1.119800000000000517e-01
-1.140000000000000000e+02	-8.361000000000058663e-02	1.227699999999996155e-01
-1.130000000000000000e+02	-6.883100000000064167e-02	1.319499999999996787e-01
-1.120000000000000000e+02	-5.300400000000016210e-02	1.393799999999999484e-01
-1.110000000000000000e+02	-3.633300000000000418e-02	1.449400000000000133e-01
-1.100000000000000000e+02	-1.903900000000043752e-02	1.485099999999999476e-01
-1.090000000000000000e+02	-1.356400000000294263e-03	1.500299999999999967e-01
-1.080000000000000000e+02	1.647199999999958420e-02	1.494400000000000173e-01
-1.070000000000000000e+02	3.419599999999986539e-02	1.467300000000000548e-01
-1.060000000000000000e+02	5.155999999999951594e-02	1.419100000000002026e-01
-1.050000000000000000e+02	6.831299999999941586e-02	1.350100000000002964e-01
-1.040000000000000000e+02	8.420299999999995844e-02	1.261100000000000276e-01
-1.030000000000000000e+02	9.898900000000003530e-02	1.152999999999999720e-01
-1.020000000000000000e+02	1.124399999999994293e-01	1.027300000000006125e-01
-1.010000000000000000e+02	1.243399999999999089e-01	8.854700000000013949e-02
-1.000000000000000000e+02	1.344799999999997386e-01	7.293800000000040529e-02
-9.900000000000000000e+01	1.426998876093417135e-01	5.611528580771235619e-02
-9.800000000000000000e+01	1.488399999999999168e-01	3.831500000000033490e-02
-9.700000000000000000e+01	1.527699999999999059e-01	1.979000000000046000e-02
-9.600000000000000000e+01	1.544099996879287340e-01	8.115393793557386728e-04
-9.500000000000000000e+01	1.536916366652938681e-01	-1.833619526250755694e-02
-9.400000000000000000e+01	1.505900000000000571e-01	-3.736099999999982491e-02
-9.300000000000000000e+01	1.451099999999999335e-01	-5.596500000000014657e-02
-9.200000000000000000e+01	1.373100000000001819e-01	-7.384999999999961040e-02
-9.100000000000000000e+01	1.272699999999999387e-01	-9.072300000000006748e-02
-9.000000000000000000e+01	1.151100000000001983e-01	-1.062999999999997697e-01
-8.900000000000000000e+01	1.010000000000000481e-01	-1.203099999999999725e-01
-8.800000000000000000e+01	8.512200280036050226e-02	-1.324900043586810516e-01
-8.700000000000000000e+01	6.771600000000010944e-02	-1.426299999999999513e-01
-8.600000000000000000e+01	4.903800000000074766e-02	-1.505199999999997373e-01
-8.500000000000000000e+01	2.937600000000069322e-02	-1.559999999999998888e-01
-8.400000000000000000e+01	9.039400000000674326e-03	-1.589199999999999502e-01
-8.300000000000000000e+01	-1.164199999999962661e-02	-1.591900000000000259e-01
-8.200000000000000000e+01	-3.232500000000005508e-02	-1.567800000000000027e-01
-8.100000000000000000e+01	-5.266000000000010256e-02	-1.516599999999999338e-01
-8.000000000000000000e+01	-7.229199999999925963e-02	-1.438700000000003587e-01
-7.900000000000000000e+01	-9.086799999999968513e-02	-1.335000000000002296e-01
-7.800000000000000000e+01	-1.080500000000000627e-01	-1.206899999999999640e-01
-7.700000000000000000e+01	-1.234999999999994991e-01	-1.056000000000006100e-01
-7.600000000000000000e+01	-1.369100000000000039e-01	-8.847199999999999509e-02
-7.500000000000000000e+01	-1.479999999999999372e-01	-6.955700000000011873e-02
-7.400000000000000000e+01	-1.565284677025568782e-01	-4.916451871587714656e-02
-7.300000000000000000e+01	-1.622800000000000076e-01	-2.764099999999999890e-02
-7.200000000000000000e+01	-1.650899999999999590e-01	-5.356900000000595387e-03
-7.100000000000000000e+01	-1.648400000000000698e-01	1.728599999999950662e-02
-7.000000000000000000e+01	-1.614600000000000757e-01	3.986899999999961308e-02
-6.900000000000000000e+01	-1.549700000000003297e-01	6.195799999999911795e-02
-6.800000000000000000e+01	-1.454100000000000392e-01	8.311899999999994293e-02
-6.700000000000000000e+01	-1.328900000000001469e-01	1.029199999999998311e-01
-6.600000000000000000e+01	-1.176100000000004087e-01	1.209299999999995934e-01
-6.500000000000000000e+01	-9.980400000000039240e-02	1.367699999999996974e-01
-6.400000000000000000e+01	-7.976500000000003032e-02	1.500599999999999989e-01
-6.300000000000000000e+01	-5.784800000000073911e-02	1.604699999999997517e-01
-6.200000000000000000e+01	-3.445800000000074498e-02	1.677299999999998237e-01
-6.100000000000000000e+01	-1.004200000000089917e-02	1.715999999999999470e-01
-6.000000000000000000e+01	1.491599999999936380e-02	1.719200000000000450e-01
-5.900000000000000000e+01	3.990160273297625737e-02	1.685983214069454728e-01
-5.800000000000000000e+01	6.438238625825862260e-02	1.616098461223584859e-01
-5.700000000000000000e+01	8.781212177240602101e-02	1.510084897321711805e-01
-5.600000000000000000e+01	1.096499999999999836e-01	1.369299999999999962e-01
-5.500000000000000000e+01	1.293693288194735225e-01	1.195893795587917585e-01
-5.400000000000000000e+01	1.464699999999999336e-01	9.928500000000008152e-02
-5.300000000000000000e+01	1.604799999999996785e-01	7.640000000000073122e-02
-5.200000000000000000e+01	1.709899999999998643e-01	5.138500000000048584e-02
-5.100000000000000000e+01	1.776399999999999368e-01	2.476300000000033336e-02
-5.000000000000000000e+01	1.801699991854949778e-01	-2.882050918832238309e-03
-4.900000000000000000e+01	1.783900679073169848e-01	-3.091560816194362238e-02
-4.800000000000000000e+01	1.722000000000000197e-01	-5.866599999999989185e-02
-4.700000000000000000e+01	1.616300000000000514e-01	-8.543299999999992567e-02
-4.600000000000000000e+01	1.467900000000000593e-01	-1.105099999999998722e-01
-4.500000000000000000e+01	1.279199999999999504e-01	-1.332000000000000683e-01
-4.400000000000000000e+01	1.053800000000004317e-01	-1.528399999999997261e-01
-4.300000000000000000e+01	7.963599999999990131e-02	-1.687900000000000234e-01
-4.200000000000000000e+01	5.126299999999980178e-02	-1.805000000000000493e-01
-4.100000000000000000e+01	2.094000000000031253e-02	-1.874899999999999622e-01
-4.000000000000000000e+01	-1.056206334791933224e-02	-1.894099964675426961e-01
-3.900000000000000000e+01	-4.239799999999963043e-02	-1.859900000000000719e-01
-3.800000000000000000e+01	-7.366599999999932924e-02	-1.771400000000002695e-01
-3.700000000000000000e+01	-1.034299999999994391e-01	-1.629000000000003501e-01
-3.600000000000000000e+01	-1.307199999999995033e-01	-1.434700000000004583e-01
-3.500000000000000000e+01	-1.546299999999994346e-01	-1.192400000000007204e-01
-3.400000000000000000e+01	-1.742499999999994886e-01	-9.074400000000094890e-02
-3.300000000000000000e+01	-1.887800000000000034e-01	-5.870899999999994179e-02
-3.200000000000000000e+01	-1.975099999999999634e-01	-2.401400000000034063e-02
-3.100000000000000000e+01	-1.998900000000000399e-01	1.231499999999944965e-02
-3.000000000000000000e+01	-1.955400000000001026e-01	4.912299999999951428e-02
-2.900000000000000000e+01	-1.842800000000002492e-01	8.515799999999949799e-02
-2.800000000000000000e+01	-1.661599999999999744e-01	1.191000000000000669e-01
-2.700000000000000000e+01	-1.415000000000004587e-01	1.496099999999995489e-01
-2.600000000000000000e+01	-1.108700000000005931e-01	1.753599999999995995e-01
-2.500000000000000000e+01	-7.511492744855913228e-02	1.951098115488040519e-01
-2.400000000000000000e+01	-3.536100000000110682e-02	2.077499999999998237e-01
-2.300000000000000000e+01	7.013999999999295104e-03	2.123500000000000387e-01
-2.200000000000000000e+01	5.040100000000004993e-02	2.082400000000000084e-01
-2.100000000000000000e+01	9.299799999999944222e-02	1.950800000000002532e-01
-2.000000000000000000e+01	1.328699999999992665e-01	1.728700000000005510e-01
-1.900000000000000000e+01	1.680215132267697253e-01	1.420412792449142758e-01
-1.800000000000000000e+01	1.964800000000001268e-01	1.034699999999997982e-01
-1.700000000000000000e+01	2.163799999999997392e-01	5.851100000000093032e-02
-1.600000000000000000e+01	2.261199990851888442e-01	8.991423006075954100e-03
-1.500000000000000000e+01	2.244400000000002227e-01	-4.282199999999887485e-02
-1.400000000000000000e+01	2.105700000000001737e-01	-9.427599999999962399e-02
-1.300000000000000000e+01	1.843614495536158027e-01	-1.424211197951066044e-01
-1.200000000000000000e+01	1.463700000000000001e-01	-1.841399999999999981e-01
-1.100000000000000000e+01	9.797200000000018394e-02	-2.163299999999999390e-01
-1.000000000000000000e+01	4.142000000000150423e-02	-2.360999999999997268e-01
-9.000000000000000000e+00	-2.016879423522382336e-02	-2.410475408002917541e-01
-8.000000000000000000e+00	-8.287099999999938960e-02	-2.295000000000002593e-01
-7.000000000000000000e+00	-1.421099999999987373e-01	-2.008100000000008767e-01
-6.000000000000000000e+00	-1.929100000000001369e-01	-1.556599999999998263e-01
-5.000000000000000000e+00	-2.302799999999997071e-01	-9.623900000000069899e-02
-4.000000000000000000e+00	-2.496799999999997632e-01	-2.639400000000228369e-02
-3.000000000000000000e+00	-2.475900000000006984e-01	4.840799999999638448e-02
-2.000000000000000000e+00	-2.222100000000008235e-01	1.213099999999985024e-01
-1.000000000000000000e+00	-1.739700000000024560e-01	1.845799999999976349e-01
0.000000000000000000e+00	-1.061100000000014254e-01	2.303899999999993176e-01
1.000000000000000000e+00	-2.481100000000225139e-02	2.518599999999997507e-01
2.000000000000000000e+00	6.099519738650731326e-02	2.443202003760250318e-01
3.000000000000000000e+00	1.404099999999989801e-01	2.065700000000007253e-01
4.000000000000000000e+00	2.020499999999988416e-01	1.418200000000016392e-01
5.000000000000000000e+00	2.359799999999993292e-01	5.794800000000277507e-02
6.000000000000000000e+00	2.358400000000002439e-01	-3.316099999999823356e-02
7.000000000000000000e+00	2.005500000000010885e-01	-1.172999999999981557e-01
8.000000000000000000e+00	1.352600000000021008e-01	-1.804399999999984350e-01
9.000000000000000000e+00	5.102910503191317865e-02	-2.116284730834327721e-01
1.000000000000000000e+01	-3.690899999999792958e-02	-2.056400000000003503e-01
1.100000000000000000e+01	-1.123501915707911941e-01	-1.647202808681892394e-01
1.200000000000000000e+01	-1.618799999999991912e-01	-9.813200000000131540e-02
1.300000000000000000e+01	-1.777500086319354633e-01	-1.990392291350789877e-02
1.400000000000000000e+01	-1.592615397194871163e-01	5.415652357810183531e-02
1.500000000000000000e+01	-1.128009851354502963e-01	1.099009598083863365e-01
1.600000000000000000e+01	-5.026900000000119467e-02	1.379399999999995630e-01
1.700000000000000000e+01	1.399499999999890935e-02	1.356500000000001038e-01
1.800000000000000000e+01	6.687884105921310107e-02	1.072113482753399016e-01
1.900000000000000000e+01	9.930200000000019567e-02	6.163699999999967816e-02
2.000000000000000000e+01	1.074296558110429817e-01	1.026696710613432713e-02
2.100000000000000000e+01	9.284700000000005449e-02	-3.570499999999985491e-02
2.200000000000000000e+01	6.171513527274391508e-02	-6.761114819615068883e-02
2.300000000000000000e+01	2.287897900611311069e-02	-8.099192568132816683e-02
2.400000000000000000e+01	-1.458072124062026291e-02	-7.598954720499266624e-02
2.500000000000000000e+01	-4.335489953303371669e-02	-5.644586919713111967e-02
2.600000000000000000e+01	-5.896295979113114899e-02	-2.845253294944282557e-02
2.700000000000000000e+01	-6.018173626000695997e-02	1.043895425240903667e-03
2.800000000000000000e+01	-4.891419184131697712e-02	2.575204805154688442e-02
2.900000000000000000e+01	-2.942124575049134133e-02	4.132234515828192567e-02
3.000000000000000000e+01	-6.987115520520089176e-03	4.600210218473649998e-02
3.100000000000000000e+01	1.336304103455092894e-02	4.053512447321094142e-02
3.200000000000000000e+01	2.778674780985114848e-02	2.756874978838257106e-02
3.300000000000000000e+01	3.417922895681766576e-02	1.090607305664431821e-02
3.400000000000000000e+01	3.241669935335200065e-02	-5.392249989915341539e-03
3.500000000000000000e+01	2.414910762646479969e-02	-1.795308001233688819e-02
3.600000000000000000e+01	1.214823753240830417e-02	-2.474148376599622987e-02
3.700000000000000000e+01	-4.945780754449116776e-04	-2.526690167873326190e-02
3.800000000000000000e+01	-1.104687653724998470e-02	-2.039777202922270216e-02
3.900000000000000000e+01	-1.761779961888612286e-02	-1.199286359571444076e-02
4.000000000000000000e+01	-1.944859881810338809e-02	-2.394950597426847433e-03
4.100000000000000000e+01	-1.693286568285840357e-02	6.172451038058717442e-03
4.200000000000000000e+01	-1.132600931577623649e-02	1.209000994417585954e-02
4.300000000000000000e+01	-4.305365405681989104e-03	1.457522142192549559e-02
4.400000000000000000e+01	2.445356859108112433e-03	1.367371842371951918e-02
4.500000000000000000e+01	7.563000000000175485e-03	1.012099999999986968e-02
4.600000000000000000e+01	1.024252560874596568e-02	5.094964022423183539e-03
4.700000000000000000e+01	1.033469215126388632e-02	-1.083972597519305080e-04
4.800000000000000000e+01	8.252497789347775642e-03	-4.388024201139611828e-03
4.900000000000000000e+01	4.778956788277457200e-03	-7.020411741650904591e-03
5.000000000000000000e+01	8.460691787183034687e-04	-7.722002853417478559e-03
5.100000000000000000e+01	-2.656692175862789169e-03	-6.661422228303126580e-03
5.200000000000000000e+01	-5.070553818641811671e-03	-4.332859493143366957e-03
5.300000000000000000e+01	-6.066293553059708653e-03	-1.424471362560611161e-03
5.400000000000000000e+01	-5.671534777308495125e-03	1.369594466830390119e-03
5.500000000000000000e+01	-4.173700709941895008e-03	3.490152224483105119e-03
5.600000000000000000e+01	-2.063153278464189069e-03	4.607136334355260883e-03
5.700000000000000000e+01	1.320643970393536393e-04	4.643948047895168907e-03
5.800000000000000000e+01	1.939637445936321205e-03	3.754730276688936913e-03
5.900000000000000000e+01	3.044292827831020839e-03	2.281394864933083445e-03
6.000000000000000000e+01	3.329909509801762691e-03	6.240218628915168058e-04
6.100000000000000000e+01	2.874065272384783865e-03	-8.418548678066266420e-04
6.200000000000000000e+01	1.890730562300397188e-03	-1.842186130182133950e-03
6.300000000000000000e+01	6.710421158286487050e-04	-2.237899430645159515e-03
6.400000000000000000e+01	-4.846693828578010899e-04	-2.049865151800019276e-03
6.500000000000000000e+01	-1.340249276693065549e-03	-1.405480877798124520e-03
6.600000000000000000e+01	-1.767503489144304401e-03	-5.245687851299909651e-04
6.700000000000000000e+01	-1.745121726315340205e-03	3.738846547675417267e-04
6.800000000000000000e+01	-1.346526826655425335e-03	1.097820567240613207e-03
6.900000000000000000e+01	-7.181636477132932262e-04	1.526699266109565658e-03
7.000000000000000000e+01	-2.236298617421416640e-05	1.615867178166308961e-03
7.100000000000000000e+01	5.868044560871982967e-04	1.400560984628275744e-03
7.200000000000000000e+01	1.003462015637468421e-03	9.779786919935098098e-04
7.300000000000000000e+01	1.173982310408726347e-03	4.608919490752471596e-04
7.400000000000000000e+01	1.102483820275383447e-03	-3.061268659903759829e-05
7.500000000000000000e+01	8.481196049008306401e-04	-3.998665805801386759e-04
7.600000000000000000e+01	4.945058495131542759e-04	-5.934811281947522093e-04
7.700000000000000000e+01	1.311961616427569685e-04	-5.989764061214014612e-04
7.800000000000000000e+01	-1.582405866754053620e-04	-4.446155247349022153e-04
7.900000000000000000e+01	-3.270781659617954282e-04	-2.037294123116305982e-04
8.000000000000000000e+01	-3.541099999999978141e-04	6.860200000001134835e-05
8.100000000000000000e+01	-2.533773031709471110e-04	3.039367650397920809e-04
8.200000000000000000e+01	-6.501510610106865911e-05	4.552088443677308142e-04
8.300000000000000000e+01	1.604111104158599467e-04	5.034055279166526221e-04
8.400000000000000000e+01	3.753934422208599899e-04	4.521967435012860695e-04
8.500000000000000000e+01	5.307177985242553936e-04	3.155684991415573081e-04
8.600000000000000000e+01	6.016176721969434356e-04	1.387789076595324054e-04
8.700000000000000000e+01	6.007723257676302791e-04	-3.403399808620006389e-05
8.800000000000000000e+01	5.390339975411139080e-04	-1.753576368823292996e-04
8.900000000000000000e+01	4.410652540757568863e-04	-2.668890454466466347e-04
9.000000000000000000e+01	3.318974436835142963e-04	-3.016982588827807018e-04
9.100000000000000000e+01	2.325876814063347327e-04	-2.797959727804639834e-04
9.200000000000000000e+01	1.690101568085335343e-04	-2.236910869091382622e-04
9.300000000000000000e+01	1.507081832018388932e-04	-1.567594671478862863e-04
9.400000000000000000e+01	1.716528342635598213e-04	-9.431322539847217452e-05
9.500000000000000000e+01	2.222133170692399990e-04	-5.372773227689328640e-05
9.600000000000000000e+01	2.853363224751211168e-04	-4.388304004239282255e-05
9.700000000000000000e+01	3.504135009072897617e-04	-6.647115453989212153e-05
9.800000000000000000e+01	4.028895789434250719e-04	-1.154251729774375226e-04
9.900000000000000000e+01	4.321288492578579331e-04	-1.802111357617279227e-04
1.000000000000000000e+02	4.347461437895324332e-04	-2.481754897483180733e-04
1.010000000000000000e+02	4.157774925877915609e-04	-3.092860868975292449e-04
1.020000000000000000e+02	3.817533972564390366e-04	-3.559573579246268476e-04
1.030000000000000000e+02	3.399190267985081242e-04	-3.829566062551783266e-04
1.040000000000000000e+02	3.010030925102084149e-04	-3.932313112828219096e-04
1.050000000000000000e+02	2.718540251001126109e-04	-3.918903349308506222e-04
1.060000000000000000e+02	2.548217734647600864e-04	-3.834533028966642556e-04
1.070000000000000000e+02	2.484710357507701828e-04	-3.720626899008515516e-04
