# # Time 	 h_plus 	 h_cross 
# 
-4.090000000000000000e+02	1.532334040512758067e-01	6.131596921388809962e-02
-4.080000000000000000e+02	1.578971515532021919e-01	4.851313640744332051e-02
-4.070000000000000000e+02	1.614985861091130237e-01	3.535048824046992805e-02
-4.060000000000000000e+02	1.640096097189239488e-01	2.191748083969050770e-02
-4.050000000000000000e+02	1.654099779684650440e-01	8.304537239649733074e-03
-4.040000000000000000e+02	1.656870008110028214e-01	-5.396412827611116528e-03
-4.030000000000000000e+02	1.648356629853952038e-01	-1.909251084678063176e-02
-4.020000000000000000e+02	1.628550847303811000e-01	-3.269003395895832276e-02
-4.010000000000000000e+02	1.597532173883245421e-01	-4.609478599449380598e-02
-4.000000000000000000e+02	1.555477211764997592e-01	-5.921346268996897921e-02
-3.990000000000000000e+02	1.502635681169124937e-01	-7.195400141002517014e-02
-3.980000000000000000e+02	1.439336192339205345e-01	-8.422636290716407903e-02
-3.970000000000000000e+02	1.365983462366365808e-01	-9.594341980260388814e-02
-3.960000000000000000e+02	1.283027036416881372e-01	-1.070249975941050674e-01
-3.950000000000000000e+02	1.190956262148168687e-01	-1.173888641210630579e-01
-3.940000000000000000e+02	1.090424970933870363e-01	-1.269639529491267960e-01
-3.930000000000000000e+02	9.821040151226914650e-02	-1.356813921108051546e-01
-3.920000000000000000e+02	8.667167636879821724e-02	-1.434775122466818431e-01
-3.910000000000000000e+02	7.450233087855298586e-02	-1.502915514519112261e-01
-3.900000000000000000e+02	6.178698352007652717e-02	-1.560758829108804258e-01
-3.890000000000000000e+02	4.861181301638831109e-02	-1.607881935330253975e-01
-3.880000000000000000e+02	3.506770944475030849e-02	-1.643923776069309006e-01
-3.870000000000000000e+02	2.124876882464031905e-02	-1.668636052316847806e-01
-3.860000000000000000e+02	7.249499339455694850e-03	-1.681783483745507290e-01
-3.850000000000000000e+02	-6.832402231756315100e-03	-1.683227229351281495e-01
-3.840000000000000000e+02	-2.089850796810155051e-02	-1.672917872820914864e-01
-3.830000000000000000e+02	-3.484953376482578802e-02	-1.650891286496801724e-01
-3.820000000000000000e+02	-4.858819268080522696e-02	-1.617269458442660013e-01
-3.810000000000000000e+02	-6.201912813788839490e-02	-1.572266732785002341e-01
-3.800000000000000000e+02	-7.504597404284177320e-02	-1.516122863402292742e-01
-3.790000000000000000e+02	-8.757512054493131470e-02	-1.449192468278007184e-01
-3.780000000000000000e+02	-9.951773108204658991e-02	-1.371893147881289021e-01
-3.770000000000000000e+02	-1.107879789311666252e-01	-1.284729717247708181e-01
-3.760000000000000000e+02	-1.213041318000541435e-01	-1.188276329437842060e-01
-3.750000000000000000e+02	-1.309892181894662389e-01	-1.083171369054130306e-01
-3.740000000000000000e+02	-1.397704695684061360e-01	-9.701194471965601807e-02
-3.730000000000000000e+02	-1.475831593922705964e-01	-8.498981403176622540e-02
-3.720000000000000000e+02	-1.543689134179958566e-01	-7.233207005766305320e-02
-3.710000000000000000e+02	-1.600751333728533676e-01	-5.912694280725764445e-02
-3.700000000000000000e+02	-1.646571887428374403e-01	-4.546638636481945689e-02
-3.690000000000000000e+02	-1.680796050253554608e-01	-3.144624967771608021e-02
-3.680000000000000000e+02	-1.703121284111384637e-01	-1.716463578624765479e-02
-3.670000000000000000e+02	-1.713341577118362991e-01	-2.722531723028253844e-03
-3.660000000000000000e+02	-1.711337108736324664e-01	1.177709448082401265e-02
-3.650000000000000000e+02	-1.697077595351987600e-01	2.622960649427028695e-02
-3.640000000000000000e+02	-1.670617667601085876e-01	4.053301215523950202e-02
-3.630000000000000000e+02	-1.632112365654323494e-01	5.458473643042874995e-02
-3.620000000000000000e+02	-1.581774365684608663e-01	6.828269456352548117e-02
-3.610000000000000000e+02	-1.519917995207068218e-01	8.152660763379034059e-02
-3.600000000000000000e+02	-1.446946651026679853e-01	9.421845173681531183e-02
-3.590000000000000000e+02	-1.363332248479218745e-01	1.062659072479994887e-01
-3.580000000000000000e+02	-1.269631037894959902e-01	1.175793764287024895e-01
-3.570000000000000000e+02	-1.166475026466349263e-01	1.280739089965254318e-01
-3.560000000000000000e+02	-1.054569247429662099e-01	1.376697710904146721e-01
-3.550000000000000000e+02	-9.346851850072003531e-02	1.462932715952922069e-01
-3.540000000000000000e+02	-8.076562255404279300e-02	1.538772441792114754e-01
-3.530000000000000000e+02	-6.743741290026286639e-02	1.603614691766213352e-01
-3.520000000000000000e+02	-5.357818417705544067e-02	1.656932687074982313e-01
-3.510000000000000000e+02	-3.928674014103909762e-02	1.698281724509433932e-01
-3.500000000000000000e+02	-2.466655251164738896e-02	1.727321340347345580e-01
-3.490000000000000000e+02	-9.823078155129035330e-03	1.743771158295365775e-01
-3.480000000000000000e+02	5.135604887776343969e-03	1.747450377884685324e-01
-3.470000000000000000e+02	2.009996571447277350e-02	1.738270217348972801e-01
-3.460000000000000000e+02	3.495955335008168324e-02	1.716235379185550858e-01
-3.450000000000000000e+02	4.960369578400358054e-02	1.681445707399476797e-01
-3.440000000000000000e+02	6.392274046751467154e-02	1.634095698049713996e-01
-3.430000000000000000e+02	7.780873723363894434e-02	1.574473630755986731e-01
-3.420000000000000000e+02	9.115583141199729011e-02	1.502962407402248235e-01
-3.410000000000000000e+02	1.038615793103124518e-01	1.420035847935373630e-01
-3.400000000000000000e+02	1.158278984284751567e-01	1.326253754858975897e-01
-3.390000000000000000e+02	1.269608530565880522e-01	1.222266218166595392e-01
-3.380000000000000000e+02	1.371722988560711287e-01	1.108804105130889589e-01
-3.370000000000000000e+02	1.463804510551734439e-01	9.866749866800776647e-02
-3.360000000000000000e+02	1.545134333739466292e-01	8.567741228438525980e-02
-3.350000000000000000e+02	1.615015797414950660e-01	7.200246122874234822e-02
-3.340000000000000000e+02	1.672851774280491033e-01	5.774280434075307333e-02
-3.330000000000000000e+02	1.718137518371332939e-01	4.300411686267409384e-02
-3.320000000000000000e+02	1.750460646545881627e-01	2.789657879246016520e-02
-3.310000000000000000e+02	1.769505281395929164e-01	1.253407673156466465e-02
-3.300000000000000000e+02	1.775055536747948137e-01	-2.966584484587525029e-03
-3.290000000000000000e+02	1.766998407269204652e-01	-1.848664787743106372e-02
-3.280000000000000000e+02	1.745325350901013872e-01	-3.390643596118012026e-02
-3.270000000000000000e+02	1.710141364708003819e-01	-4.910623335519578164e-02
-3.260000000000000000e+02	1.661651831624074149e-01	-6.396718627395733825e-02
-3.250000000000000000e+02	1.600153887738178793e-01	-7.837125996416595408e-02
-3.240000000000000000e+02	1.526057819903275659e-01	-9.220396322040431969e-02
-3.230000000000000000e+02	1.439876458392085057e-01	-1.053540916606677813e-01
-3.220000000000000000e+02	1.342223534740607238e-01	-1.177146581375549117e-01
-3.210000000000000000e+02	1.233806603233493088e-01	-1.291842813807135837e-01
-3.200000000000000000e+02	1.115422754194043409e-01	-1.396678574248740867e-01
-3.190000000000000000e+02	9.879554444787963519e-02	-1.490771618833170165e-01
-3.180000000000000000e+02	8.523677847667869567e-02	-1.573317379660641446e-01
-3.170000000000000000e+02	7.096865886711489768e-02	-1.643563633154934978e-01
-3.160000000000000000e+02	5.610276805875169526e-02	-1.700917057528094356e-01
-3.150000000000000000e+02	4.075488525109835503e-02	-1.744853222763331213e-01
-3.140000000000000000e+02	2.504552212458419080e-02	-1.774948947646006747e-01
-3.130000000000000000e+02	9.099080955931369494e-03	-1.790888360704222249e-01
-3.120000000000000000e+02	-6.957109316058460169e-03	-1.792466628264097472e-01
-3.110000000000000000e+02	-2.299374408358740782e-02	-1.779592820260207375e-01
-3.100000000000000000e+02	-3.888061082536857505e-02	-1.752289437647899795e-01
-3.090000000000000000e+02	-5.448626715891442818e-02	-1.710658776860143060e-01
-3.080000000000000000e+02	-6.968223336732021211e-02	-1.655011500206032271e-01
-3.070000000000000000e+02	-8.434197986674557557e-02	-1.585729420903625175e-01
-3.060000000000000000e+02	-9.834238068441825131e-02	-1.503308595313276042e-01
-3.050000000000000000e+02	-1.115647392485006884e-01	-1.408356419296941386e-01
-3.040000000000000000e+02	-1.238963850757860696e-01	-1.301582155818622188e-01
-3.030000000000000000e+02	-1.352296988983565651e-01	-1.183808793762728684e-01
-3.020000000000000000e+02	-1.454644275708331380e-01	-1.055952864093717691e-01
-3.010000000000000000e+02	-1.545094552773746688e-01	-9.190265472812789160e-02
-3.000000000000000000e+02	-1.622828894195824379e-01	-7.741220883960395205e-02
-2.990000000000000000e+02	-1.687124523557260170e-01	-6.224093191417372217e-02
-2.980000000000000000e+02	-1.737364162281816171e-01	-4.651296114210921179e-02
-2.970000000000000000e+02	-1.773046111052294649e-01	-3.035771414273652838e-02
-2.960000000000000000e+02	-1.793787401978468310e-01	-1.390894075463246574e-02
-2.950000000000000000e+02	-1.799326915300552832e-01	2.694762190351330470e-03
-2.940000000000000000e+02	-1.789532750428869112e-01	1.931284278975181970e-02
-2.930000000000000000e+02	-1.764403294941823130e-01	3.580348546557783618e-02
-2.920000000000000000e+02	-1.724067429124679918e-01	5.202518279782232524e-02
-2.910000000000000000e+02	-1.668795654616636315e-01	6.783785815550501253e-02
-2.900000000000000000e+02	-1.599029543451228608e-01	8.310527352856043881e-02
-2.890000000000000000e+02	-1.515216554978698615e-01	9.768996186791528702e-02
-2.880000000000000000e+02	-1.418001268583621577e-01	1.114612649237230746e-01
-2.870000000000000000e+02	-1.308151557730155568e-01	1.242944483316189841e-01
-2.860000000000000000e+02	-1.186553261276659249e-01	1.360718839268688918e-01
-2.850000000000000000e+02	-1.054202396209636683e-01	1.466842788908738204e-01
-2.840000000000000000e+02	-9.122034670307191395e-02	1.560313199683819319e-01
-2.830000000000000000e+02	-7.617515134335442473e-02	1.640234070301408720e-01
-2.820000000000000000e+02	-6.041654868237499726e-02	1.705932261040219444e-01
-2.810000000000000000e+02	-4.407337690183521506e-02	1.756617375405248593e-01
-2.800000000000000000e+02	-2.728856435459844562e-02	1.791735724950858089e-01
-2.790000000000000000e+02	-1.020896842550805816e-02	1.810882517782250456e-01
-2.780000000000000000e+02	7.014200670734578071e-03	1.813789682524577229e-01
-2.770000000000000000e+02	2.422648855283148633e-02	1.800332100093292587e-01
-2.760000000000000000e+02	4.127279266236534572e-02	1.770530334256120164e-01
-2.750000000000000000e+02	5.799874138097398796e-02	1.724548871203524236e-01
-2.740000000000000000e+02	7.425081128656815799e-02	1.662698220532040361e-01
-2.730000000000000000e+02	8.987826313433214254e-02	1.585433469147820573e-01
-2.720000000000000000e+02	1.047342040897676213e-01	1.493353767050660807e-01
-2.710000000000000000e+02	1.186771760149724214e-01	1.387198448914888360e-01
-2.700000000000000000e+02	1.315712220139858557e-01	1.267830133717950947e-01
-2.690000000000000000e+02	1.432912130963891750e-01	1.136272071492939878e-01
-2.680000000000000000e+02	1.537217570045678328e-01	9.936359669440486542e-02
-2.670000000000000000e+02	1.627549370846671783e-01	8.411873073706357951e-02
-2.660000000000000000e+02	1.702983125114706509e-01	6.802875029906783888e-02
-2.650000000000000000e+02	1.762691131044586135e-01	5.123714840028482237e-02
-2.640000000000000000e+02	1.805989069185452711e-01	3.389541981596265463e-02
-2.630000000000000000e+02	1.832339294046731737e-01	1.616364771033378112e-02
-2.620000000000000000e+02	1.841360958837585937e-01	-1.792347619846601904e-03
-2.610000000000000000e+02	1.832836371828185096e-01	-1.980304832728775610e-02
-2.600000000000000000e+02	1.806714035268302265e-01	-3.769680240370285734e-02
-2.590000000000000000e+02	1.763150009651624217e-01	-5.530261250598293710e-02
-2.580000000000000000e+02	1.702387489268744059e-01	-7.244791715063438053e-02
-2.570000000000000000e+02	1.624876524514499432e-01	-8.896370040956817771e-02
-2.560000000000000000e+02	1.531232438928417927e-01	-1.046854284996268508e-01
-2.550000000000000000e+02	1.422235389469398981e-01	-1.194539207901584993e-01
-2.540000000000000000e+02	1.298825025836085889e-01	-1.331172705856716043e-01
-2.530000000000000000e+02	1.162093843887572892e-01	-1.455325109235298120e-01
-2.520000000000000000e+02	1.013267509935657229e-01	-1.565661593062240842e-01
-2.510000000000000000e+02	8.537182971172820045e-02	-1.660973251464183120e-01
-2.500000000000000000e+02	6.849411954481560150e-02	-1.740221207918381530e-01
-2.490000000000000000e+02	5.085452682436040345e-02	-1.802481762478973792e-01
-2.480000000000000000e+02	3.262388523358241560e-02	-1.846991800696211328e-01
-2.470000000000000000e+02	1.398032493540083375e-02	-1.873160443000486119e-01
-2.460000000000000000e+02	-4.891809259142349507e-03	-1.880575307759108084e-01
-2.450000000000000000e+02	-2.380508325061762506e-02	-1.869013693073370841e-01
-2.440000000000000000e+02	-4.256875747506036478e-02	-1.838437081587629696e-01
-2.430000000000000000e+02	-6.098888417599755696e-02	-1.789007417089599761e-01
-2.420000000000000000e+02	-7.887551752778965142e-02	-1.721098692536272567e-01
-2.410000000000000000e+02	-9.604319519705131758e-02	-1.635281342994168718e-01
-2.400000000000000000e+02	-1.123087973886553043e-01	-1.532256876201907869e-01
-2.390000000000000000e+02	-1.274975140866638212e-01	-1.412949253568529517e-01
-2.380000000000000000e+02	-1.414427813908133991e-01	-1.278475365402748642e-01
-2.370000000000000000e+02	-1.539924308024114286e-01	-1.130091730986654414e-01
-2.360000000000000000e+02	-1.650052522510432051e-01	-9.692278423573881529e-02
-2.350000000000000000e+02	-1.743545054869487243e-01	-7.974604053318194719e-02
-2.340000000000000000e+02	-1.819289150882904271e-01	-6.165115517174393767e-02
-2.330000000000000000e+02	-1.876361710337333955e-01	-4.281865072757624208e-02
-2.320000000000000000e+02	-1.914019967542408274e-01	-2.344017638617558810e-02
-2.310000000000000000e+02	-1.931714584372451748e-01	-3.715155740046238199e-03
-2.300000000000000000e+02	-1.929100489282348507e-01	1.615104659044481680e-02
-2.290000000000000000e+02	-1.906043478437232652e-01	3.594942750327079911e-02
-2.280000000000000000e+02	-1.862624569236633054e-01	5.546930507372895697e-02
-2.270000000000000000e+02	-1.799136964959042184e-01	7.450034307304906345e-02
-2.260000000000000000e+02	-1.716066544502143909e-01	9.283334931193265582e-02
-2.250000000000000000e+02	-1.614189066519512439e-01	1.102676065620093321e-01
-2.240000000000000000e+02	-1.494451091372808460e-01	1.266088237772649838e-01
-2.230000000000000000e+02	-1.358003773277021431e-01	1.416721753406311457e-01
-2.220000000000000000e+02	-1.206190571064139211e-01	1.552848476529928301e-01
-2.210000000000000000e+02	-1.040535845968745265e-01	1.672879538753428152e-01
-2.200000000000000000e+02	-8.627302940397427178e-02	1.775384669895769540e-01
-2.190000000000000000e+02	-6.746151026812881313e-02	1.859109566397939839e-01
-2.180000000000000000e+02	-4.781646382460628952e-02	1.922989685908708668e-01
-2.170000000000000000e+02	-2.754657082166265050e-02	1.966168046502396738e-01
-2.160000000000000000e+02	-6.869604493893462227e-03	1.988014966938330685e-01
-2.150000000000000000e+02	1.398994510842316644e-02	1.988123870236654656e-01
-2.140000000000000000e+02	3.480327298911382872e-02	1.966324657130834319e-01
-2.130000000000000000e+02	5.533989698999144252e-02	1.922701629479794949e-01
-2.120000000000000000e+02	7.536999556367773856e-02	1.857554657258876085e-01
-2.110000000000000000e+02	9.466680461390283852e-02	1.771437110691819472e-01
-2.100000000000000000e+02	1.130092911694805247e-01	1.665143492043197060e-01
-2.090000000000000000e+02	1.301847207603844814e-01	1.539703185276732056e-01
-2.080000000000000000e+02	1.459919865317385324e-01	1.396380837389434304e-01
-2.070000000000000000e+02	1.602420730224056733e-01	1.236651482766271959e-01
-2.060000000000000000e+02	1.727619110352498211e-01	1.062167968437385535e-01
-2.050000000000000000e+02	1.833958227362862958e-01	8.747844166791680920e-02
-2.040000000000000000e+02	1.920077617936737091e-01	6.765230033461382131e-02
-2.030000000000000000e+02	1.984827884064396808e-01	4.695697431601995181e-02
-2.020000000000000000e+02	2.027301942396829426e-01	2.562061567024487285e-02
-2.010000000000000000e+02	2.046832222800482881e-01	3.882090505908803064e-03
-2.000000000000000000e+02	2.043010523307579041e-01	-1.801213866773147126e-02
-1.990000000000000000e+02	2.015681834257014859e-01	-3.981087855494783861e-02
-1.980000000000000000e+02	1.964966439932161468e-01	-6.126092032090175998e-02
-1.970000000000000000e+02	1.891258542307930890e-01	-8.211002614409315670e-02
-1.960000000000000000e+02	1.795236998611518531e-01	-1.021076301634616240e-01
-1.950000000000000000e+02	1.677831342868671416e-01	-1.210150181745560660e-01
-1.940000000000000000e+02	1.540238765318053815e-01	-1.386013345235581617e-01
-1.930000000000000000e+02	1.383909229838239385e-01	-1.546480576927004580e-01
-1.920000000000000000e+02	1.210532583703249343e-01	-1.689520940741578714e-01
-1.910000000000000000e+02	1.022014823297028863e-01	-1.813269952373211258e-01
-1.900000000000000000e+02	8.205000104422886797e-02	-1.916089501256583172e-01
-1.890000000000000000e+02	6.082776882525784551e-02	-1.996585217820008307e-01
-1.880000000000000000e+02	3.878047621836552827e-02	-2.053599022244220473e-01
-1.870000000000000000e+02	1.616684534860615349e-02	-2.086240244209572325e-01
-1.860000000000000000e+02	-6.744230476082755180e-03	-2.093879776062239628e-01
-1.850000000000000000e+02	-2.967720739844486449e-02	-2.076204438217981729e-01
-1.840000000000000000e+02	-5.235051555760433101e-02	-2.033231303653907918e-01
-1.830000000000000000e+02	-7.448369163856388697e-02	-1.965269888488136718e-01
-1.820000000000000000e+02	-9.579941061587468609e-02	-1.872941155027929572e-01
-1.810000000000000000e+02	-1.160270986308653968e-01	-1.757173891819297229e-01
-1.800000000000000000e+02	-1.349073433906174124e-01	-1.619188874598485872e-01
-1.790000000000000000e+02	-1.521904520026400309e-01	-1.460520217851843938e-01
-1.780000000000000000e+02	-1.676447244287469218e-01	-1.282971791653178817e-01
-1.770000000000000000e+02	-1.810605890944071428e-01	-1.088626939645919861e-01
-1.760000000000000000e+02	-1.922506662662891719e-01	-8.797969823801836398e-02
-1.750000000000000000e+02	-2.010537215939285083e-01	-6.589992604310761226e-02
-1.740000000000000000e+02	-2.073362425149206101e-01	-4.289495351091037606e-02
-1.730000000000000000e+02	-2.109954485589192463e-01	-1.925266831797656578e-02
-1.720000000000000000e+02	-2.119615744763352627e-01	4.728002920513704570e-03
-1.710000000000000000e+02	-2.102001057778916382e-01	2.874061602131901608e-02
-1.700000000000000000e+02	-2.057084011714682692e-01	5.247250335759382628e-02
-1.690000000000000000e+02	-1.985214164349445032e-01	7.561100492081407332e-02
-1.680000000000000000e+02	-1.887112953036093055e-01	9.784768735429391628e-02
-1.670000000000000000e+02	-1.763850991457868445e-01	1.188817086241684140e-01
-1.660000000000000000e+02	-1.616833132417631602e-01	1.384241448704559285e-01
-1.650000000000000000e+02	-1.447809632612216679e-01	1.562021029321998822e-01
-1.640000000000000000e+02	-1.258853263188343674e-01	1.719624616281125451e-01
-1.630000000000000000e+02	-1.052327899373669828e-01	1.854764549821142638e-01
-1.620000000000000000e+02	-8.308677125344623993e-02	1.965424840595963452e-01
-1.610000000000000000e+02	-5.973504032426961430e-02	2.049893187525014537e-01
-1.600000000000000000e+02	-3.548510739888677268e-02	2.106794986906568579e-01
-1.590000000000000000e+02	-1.066051179434171839e-02	2.135114713451297386e-01
-1.580000000000000000e+02	1.440256121613997867e-02	2.134213624170590295e-01
-1.570000000000000000e+02	3.935919092775211348e-02	2.103849469775576631e-01
-1.560000000000000000e+02	6.386340674347573687e-02	2.044182426239470607e-01
-1.550000000000000000e+02	8.756888790493677632e-02	1.955768274293102904e-01
-1.540000000000000000e+02	1.101357338292268812e-01	1.839599261557127718e-01
-1.530000000000000000e+02	1.312370852832366874e-01	1.697065049514135393e-01
-1.520000000000000000e+02	1.505612749971013409e-01	1.529939417658969514e-01
-1.510000000000000000e+02	1.678172152586074328e-01	1.340368126475214028e-01
-1.500000000000000000e+02	1.827388640854703539e-01	1.130846246896423241e-01
-1.490000000000000000e+02	1.950894613679781953e-01	9.041900833779457913e-02
-1.480000000000000000e+02	2.046657309461352159e-01	6.634957573771135819e-02
-1.470000000000000000e+02	2.113004243981415620e-01	4.121269168038794312e-02
-1.460000000000000000e+02	2.148667874319753202e-01	1.536473135977683632e-02
-1.450000000000000000e+02	2.152807860703579157e-01	-1.082186100637731567e-02
-1.440000000000000000e+02	2.125065603680876269e-01	-3.696419117071250704e-02
-1.430000000000000000e+02	2.065568799704029512e-01	-6.267605762595310215e-02
-1.420000000000000000e+02	1.974805178127590766e-01	-8.757205088293362749e-02
-1.410000000000000000e+02	1.853795559538706228e-01	-1.112679270421366995e-01
-1.400000000000000000e+02	1.704030770481351487e-01	-1.333924557808041367e-01
-1.390000000000000000e+02	1.527457084024855249e-01	-1.535924165725926771e-01
-1.380000000000000000e+02	1.326459004174665168e-01	-1.715376543935067943e-01
-1.370000000000000000e+02	1.103811546996946585e-01	-1.869278278593301812e-01
-1.360000000000000000e+02	8.627054817031033773e-02	-1.994933740880203143e-01
-1.350000000000000000e+02	6.066661249912032317e-02	-2.090044843089939042e-01
-1.340000000000000000e+02	3.395104908052472281e-02	-2.152748127268044598e-01
-1.330000000000000000e+02	6.530026703095358383e-03	-2.181701203878692596e-01
-1.320000000000000000e+02	-2.117360478467939996e-02	-2.175999622022344315e-01
-1.310000000000000000e+02	-4.872275615847016655e-02	-2.135219905272368324e-01
-1.300000000000000000e+02	-7.567296929888621404e-02	-2.059542190822478136e-01
-1.290000000000000000e+02	-1.015802123716749161e-01	-1.949711592112718939e-01
-1.280000000000000000e+02	-1.260091179250329152e-01	-1.807035407747237254e-01
-1.270000000000000000e+02	-1.485386421774827770e-01	-1.633382961917266840e-01
-1.260000000000000000e+02	-1.687753880370471415e-01	-1.431216116824754470e-01
-1.250000000000000000e+02	-1.863451727768118682e-01	-1.203409028859368651e-01
-1.240000000000000000e+02	-2.009135348879692584e-01	-9.533824752598091257e-02
-1.230000000000000000e+02	-2.121886625686451866e-01	-6.850075469413492713e-02
-1.220000000000000000e+02	-2.199274067669949317e-01	-4.025647523769953356e-02
-1.210000000000000000e+02	-2.239417537462370933e-01	-1.106602775465398425e-02
-1.200000000000000000e+02	-2.241028872620396961e-01	1.858416751681181076e-02
-1.190000000000000000e+02	-2.203450060576336855e-01	4.818708706910500295e-02
-1.180000000000000000e+02	-2.126696077510006055e-01	7.722461161502096327e-02
-1.170000000000000000e+02	-2.011455518790669084e-01	1.051757434838309913e-01
-1.160000000000000000e+02	-1.859109643880690332e-01	1.315259946383127709e-01
-1.150000000000000000e+02	-1.671744719508565791e-01	1.557757757820923128e-01
-1.140000000000000000e+02	-1.452129222047722212e-01	1.774509130328034701e-01
-1.130000000000000000e+02	-1.203685380127650084e-01	1.961120581450224443e-01
-1.120000000000000000e+02	-9.304493660027365887e-02	2.113637437824562315e-01
-1.110000000000000000e+02	-6.370226863029852804e-02	2.228649512300176772e-01
-1.100000000000000000e+02	-3.284852976286495307e-02	2.303330384804665176e-01
-1.090000000000000000e+02	-1.033526178018609508e-03	2.335528648506009219e-01
-1.080000000000000000e+02	3.115905347474831263e-02	2.323847158172828997e-01
-1.070000000000000000e+02	6.312328279986788304e-02	2.267689093035720471e-01
-1.060000000000000000e+02	9.424148931296082166e-02	2.167296255762104495e-01
-1.050000000000000000e+02	1.238958769412099731e-01	2.023773782698504997e-01
-1.040000000000000000e+02	1.514806618770824231e-01	1.839098778681896584e-01
-1.030000000000000000e+02	1.764134449252758585e-01	1.616123377618802759e-01
-1.020000000000000000e+02	1.981519949795869096e-01	1.358528065973882148e-01
-1.010000000000000000e+02	2.162031892423255386e-01	1.070767545270267657e-01
-1.000000000000000000e+02	2.301302436992682110e-01	7.580159971002928265e-02
-9.900000000000000000e+01	2.395698265533269811e-01	4.261157474986836113e-02
-9.800000000000000000e+01	2.442400512690904302e-01	8.155719426732512684e-03
-9.700000000000000000e+01	2.439530738570953317e-01	-2.688997240658286270e-02
-9.600000000000000000e+01	2.386159659143945455e-01	-6.181241263206745107e-02
-9.500000000000000000e+01	2.282383869781567098e-01	-9.588030455322260615e-02
-9.400000000000000000e+01	2.129357301381680223e-01	-1.283590335997237819e-01
-9.300000000000000000e+01	1.929314596514084545e-01	-1.585261226896467202e-01
-9.200000000000000000e+01	1.685586098103138142e-01	-1.856894506031365744e-01
-9.100000000000000000e+01	1.402525708116237335e-01	-2.092009255145008406e-01
-9.000000000000000000e+01	1.085472184220766523e-01	-2.284730368494699293e-01
-8.900000000000000000e+01	7.406984163016916423e-02	-2.429932595624690606e-01
-8.800000000000000000e+01	3.752423735193000098e-02	-2.523410196844112496e-01
-8.700000000000000000e+01	-3.209733851065656196e-04	-2.561934715717372746e-01
-8.600000000000000000e+01	-3.864185250648258935e-02	-2.543523898180903853e-01
-8.500000000000000000e+01	-7.658034894071912013e-02	-2.467365121096399272e-01
-8.400000000000000000e+01	-1.132606110417310047e-01	-2.333936721658105562e-01
-8.300000000000000000e+01	-1.478082590220716475e-01	-2.145050021944227003e-01
-8.200000000000000000e+01	-1.793706320139493438e-01	-1.903863092117853151e-01
-8.100000000000000000e+01	-2.071374996241219235e-01	-1.614865504406577945e-01
-8.000000000000000000e+01	-2.303623058055394301e-01	-1.283827176983189378e-01
-7.900000000000000000e+01	-2.483823792503110917e-01	-9.177118567639008795e-02
-7.800000000000000000e+01	-2.606391855435144511e-01	-5.245727104193428914e-02
-7.700000000000000000e+01	-2.666963667644185465e-01	-1.134014550231996453e-02
-7.600000000000000000e+01	-2.662556667491087214e-01	3.060643086074653699e-02
-7.500000000000000000e+01	-2.591715801378156603e-01	7.235386829481021964e-02
-7.400000000000000000e+01	-2.454593865955468912e-01	1.128412385763711417e-01
-7.300000000000000000e+01	-2.253045955815572154e-01	1.510015811937719665e-01
-7.200000000000000000e+01	-1.990667405891426156e-01	1.857892064951790212e-01
-7.100000000000000000e+01	-1.672784268678585984e-01	2.162075640822900269e-01
-7.000000000000000000e+01	-1.306398358874296395e-01	2.413385141405530177e-01
-6.900000000000000000e+01	-9.000990574740713734e-02	2.603705869281430219e-01
-6.800000000000000000e+01	-4.638712773082416529e-02	2.726286781032812856e-01
-6.700000000000000000e+01	-8.893431550391293341e-04	2.775977207513463663e-01
-6.600000000000000000e+01	4.526314380207518279e-02	2.749292732918771076e-01
-6.500000000000000000e+01	9.077608327681239986e-02	2.644966328267314704e-01
-6.400000000000000000e+01	1.343336986386158838e-01	2.463926870149651949e-01
-6.300000000000000000e+01	1.746176961219800261e-01	2.209316620888425453e-01
-6.200000000000000000e+01	2.103505932279137181e-01	1.886583855584841596e-01
-6.100000000000000000e+01	2.403340609285262996e-01	1.503494479853474119e-01
-6.000000000000000000e+01	2.634993244397344503e-01	1.069919231233071033e-01
-5.900000000000000000e+01	2.789386100634088095e-01	5.977202935020530655e-02
-5.800000000000000000e+01	2.859373997076827267e-01	1.005161413844583330e-02
-5.700000000000000000e+01	2.840028508456627354e-01	-4.065774539063139043e-02
-5.600000000000000000e+01	2.729701493723342143e-01	-9.074685487066087852e-02
-5.500000000000000000e+01	2.529311657257738433e-01	-1.385620994440104892e-01
-5.400000000000000000e+01	2.242815050168498747e-01	-1.824489906156687713e-01
-5.300000000000000000e+01	1.877264057780256290e-01	-2.208086249979034632e-01
-5.200000000000000000e+01	1.442754777268767385e-01	-2.521568388918449810e-01
-5.100000000000000000e+01	9.522272346641620644e-02	-2.751593550014448941e-01
-5.000000000000000000e+01	4.214813332948039171e-02	-2.887535797094055168e-01
-4.900000000000000000e+01	-1.315787265985354434e-02	-2.921590851181521398e-01
-4.800000000000000000e+01	-6.873663667504106844e-02	-2.849275222555986420e-01
-4.700000000000000000e+01	-1.225239212804143524e-01	-2.669860866601493909e-01
-4.600000000000000000e+01	-1.724196997107906026e-01	-2.386647115202932823e-01
-4.500000000000000000e+01	-2.163649278942711973e-01	-2.007121377942560625e-01
-4.400000000000000000e+01	-2.524246153684971405e-01	-1.542982240110710723e-01
-4.300000000000000000e+01	-2.788750241561999688e-01	-1.009884507526163516e-01
-4.200000000000000000e+01	-2.943058980678192049e-01	-4.272470498032724523e-02
-4.100000000000000000e+01	-2.976786247904446014e-01	1.824049599336937180e-02
-4.000000000000000000e+01	-2.884082508503493236e-01	7.941896680570895151e-02
-3.900000000000000000e+01	-2.664197470212417707e-01	1.381725894149163358e-01
-3.800000000000000000e+01	-2.321906322953850577e-01	1.918089616109172335e-01
-3.700000000000000000e+01	-1.867804773230786197e-01	2.376991590934266485e-01
-3.600000000000000000e+01	-1.318258395110928627e-01	2.734086542167754597e-01
-3.500000000000000000e+01	-6.951275296188944020e-02	2.968231422141051068e-01
-3.400000000000000000e+01	-2.527052895460296742e-03	3.062731512529698330e-01
-3.300000000000000000e+01	6.603627087665671358e-02	3.006602432003503411e-01
-3.200000000000000000e+01	1.327742367336710028e-01	2.795645776786891412e-01
-3.100000000000000000e+01	1.941434041459944859e-01	2.433270162073168930e-01
-3.000000000000000000e+01	2.466058176863147600e-01	1.931122009800894657e-01
-2.900000000000000000e+01	2.868168540317752591e-01	1.309347431248205351e-01
-2.800000000000000000e+01	3.118407601137199725e-01	5.964675608961981373e-02
-2.700000000000000000e+01	3.194212920690840951e-01	-1.713838509542997893e-02
-2.600000000000000000e+01	3.080843053092025552e-01	-9.517804696802464881e-02
-2.500000000000000000e+01	2.773727934524795602e-01	-1.697745559612381938e-01
-2.400000000000000000e+01	2.280027808667654254e-01	-2.359973902866397688e-01
-2.300000000000000000e+01	1.619821010628263169e-01	-2.889693446407118893e-01
-2.200000000000000000e+01	8.264214294474983569e-02	-3.242185730057406401e-01
-2.100000000000000000e+01	-5.401211923292747324e-03	-3.380469488319416405e-01
-2.000000000000000000e+01	-9.640919348609398865e-02	-3.279070103206728204e-01
-1.900000000000000000e+01	-1.837691099195826461e-01	-2.927630594789220053e-01
-1.800000000000000000e+01	-2.603909798694508115e-01	-2.334317800173979773e-01
-1.700000000000000000e+01	-3.192256690153398302e-01	-1.528032507624941250e-01
-1.600000000000000000e+01	-3.538798331412078002e-01	-5.593780737694757643e-02
-1.500000000000000000e+01	-3.593129092631905386e-01	5.004794321109058697e-02
-1.400000000000000000e+01	-3.325345242895487718e-01	1.562746827220306556e-01
-1.300000000000000000e+01	-2.732718590652407631e-01	2.527056097189451234e-01
-1.200000000000000000e+01	-1.844503139885623200e-01	3.289130741839613181e-01
-1.100000000000000000e+01	-7.252175728937883259e-02	3.751356171310668564e-01
-1.000000000000000000e+01	5.256085416995847498e-02	3.835127065868828566e-01
-9.000000000000000000e+00	1.778191572116797348e-01	3.494319949701438777e-01
-8.000000000000000000e+00	2.882990524954859857e-01	2.728488926826577732e-01
-7.000000000000000000e+00	3.687200772879439814e-01	1.592381003376160120e-01
-6.000000000000000000e+00	4.056206750373030356e-01	1.992840476705695293e-02
-5.000000000000000000e+00	3.897068432435318863e-01	-1.283791073008434536e-01
-4.000000000000000000e+00	3.181600173514108620e-01	-2.651550226668637489e-01
-3.000000000000000000e+00	1.964267227211284883e-01	-3.684759885915743771e-01
-2.000000000000000000e+00	3.919784381427152825e-02	-4.184780335587308664e-01
-1.000000000000000000e+00	-1.301512478297878472e-01	-4.015663617827116560e-01
0.000000000000000000e+00	-2.822865470652438646e-01	-3.147042246489336059e-01
1.000000000000000000e+00	-3.869881967101511666e-01	-1.684546705447876325e-01
2.000000000000000000e+00	-4.198359805861928695e-01	1.270155784013383797e-02
3.000000000000000000e+00	-3.689868248653159766e-01	1.935300255065360853e-01
4.000000000000000000e+00	-2.402618302945657425e-01	3.345798948066279199e-01
5.000000000000000000e+00	-5.883854113293017496e-02	4.013375528387798652e-01
6.000000000000000000e+00	1.340599222604497154e-01	3.743421837278135822e-01
7.000000000000000000e+00	2.903488848180290072e-01	2.571971832899021537e-01
8.000000000000000000e+00	3.684399572242301191e-01	7.867206161603455816e-02
9.000000000000000000e+00	3.466017920289573007e-01	-1.133413429404578898e-01
1.000000000000000000e+01	2.314201058177592363e-01	-2.650101300094215850e-01
1.100000000000000000e+01	5.766800300604916357e-02	-3.331571223478023147e-01
1.200000000000000000e+01	-1.213518504312499774e-01	-2.996815473479201852e-01
1.300000000000000000e+01	-2.505695313448016992e-01	-1.786681420043429169e-01
1.400000000000000000e+01	-2.917407252359297543e-01	-1.249421241409394076e-02
1.500000000000000000e+01	-2.368138648829628823e-01	1.426129518771706850e-01
1.600000000000000000e+01	-1.104464202675306400e-01	2.363607546454185582e-01
1.700000000000000000e+01	3.944301793905662101e-02	2.420646949897592159e-01
1.800000000000000000e+01	1.596629704369194325e-01	1.652826322223482358e-01
1.900000000000000000e+01	2.112474178114046308e-01	4.029527660368218550e-02
2.000000000000000000e+01	1.828699963527575523e-01	-8.411159224464909157e-02
2.100000000000000000e+01	9.304640818061192531e-02	-1.636617331395742170e-01
2.200000000000000000e+01	-1.907459198910261763e-02	-1.746223985970154213e-01
2.300000000000000000e+01	-1.101735752754362807e-01	-1.208583564052804066e-01
2.400000000000000000e+01	-1.492988838747684455e-01	-2.971810553597033569e-02
2.500000000000000000e+01	-1.282904277375294944e-01	6.052584483577404251e-02
2.600000000000000000e+01	-6.245712467025709563e-02	1.163564052181035313e-01
2.700000000000000000e+01	1.781889704032567356e-02	1.212415825232913691e-01
2.800000000000000000e+01	8.043673787609219306e-02	7.991827883409870215e-02
2.900000000000000000e+01	1.039946584855814676e-01	1.411625521219710480e-02
3.000000000000000000e+01	8.475344039223974002e-02	-4.785000817080732605e-02
3.100000000000000000e+01	3.585941716787863220e-02	-8.284339361455816952e-02
3.200000000000000000e+01	-1.994993346510786497e-02	-8.113953768143838952e-02
3.300000000000000000e+01	-6.033239613591101502e-02	-4.842614352639816599e-02
3.400000000000000000e+01	-7.190610670381826497e-02	-1.563610894666602521e-03
3.500000000000000000e+01	-5.421923393292488874e-02	3.944853145070627981e-02
3.600000000000000000e+01	-1.816615711661166352e-02	5.964103571601749726e-02
3.700000000000000000e+01	1.977880434365382814e-02	5.417549678078586312e-02
3.800000000000000000e+01	4.471146167009910216e-02	2.879449478331589513e-02
3.900000000000000000e+01	4.882066440967015170e-02	-3.865972385162048160e-03
4.000000000000000000e+01	3.349138715023355917e-02	-3.012406411641222609e-02
4.100000000000000000e+01	7.432566195730564394e-03	-4.073998492808434541e-02
4.200000000000000000e+01	-1.772555614501153745e-02	-3.379963089935761333e-02
4.300000000000000000e+01	-3.235489297950237125e-02	-1.452008033218920961e-02
4.400000000000000000e+01	-3.223524463895670322e-02	7.890236167385484070e-03
4.500000000000000000e+01	-1.955933581539727809e-02	2.427059088807559731e-02
4.600000000000000000e+01	-1.031812592952885150e-03	2.913708554154115574e-02
4.700000000000000000e+01	1.532135052453320254e-02	2.225447528306558759e-02
4.800000000000000000e+01	2.347326199486295811e-02	7.984638360401325602e-03
4.900000000000000000e+01	2.142479845729166124e-02	-7.067338085447532996e-03
5.000000000000000000e+01	1.145244544944878755e-02	-1.692199974393321024e-02
5.100000000000000000e+01	-1.422274323531119928e-03	-1.849222537157075089e-02
5.200000000000000000e+01	-1.175237838053499323e-02	-1.232375310942426458e-02
5.300000000000000000e+01	-1.586318269245595367e-02	-1.955724122774274952e-03
5.400000000000000000e+01	-1.303305935712866480e-02	7.962381169206923792e-03
5.500000000000000000e+01	-5.364434354595436737e-03	1.362017036852357366e-02
5.600000000000000000e+01	3.462436553737068944e-03	1.342178509163131743e-02
5.700000000000000000e+01	9.842579591707400696e-03	8.278868191295155055e-03
5.800000000000000000e+01	1.164326409120569790e-02	9.070146013878280320e-04
5.900000000000000000e+01	8.822547439431508570e-03	-5.502409218783857123e-03
6.000000000000000000e+01	3.154417647829365744e-03	-8.602912680219506475e-03
6.100000000000000000e+01	-2.753103380990120762e-03	-7.654401717552756709e-03
6.200000000000000000e+01	-6.553648780912860877e-03	-3.625846136401723527e-03
6.300000000000000000e+01	-7.066842869813048239e-03	1.469903568181614439e-03
6.400000000000000000e+01	-4.563861256914722789e-03	5.482354318790877423e-03
6.500000000000000000e+01	-4.534419854385288574e-04	7.027782221950477741e-03
6.600000000000000000e+01	3.456524426666598201e-03	5.807489710737982237e-03
6.700000000000000000e+01	5.620210690412995487e-03	2.681146297235534933e-03
6.800000000000000000e+01	5.508743133393026632e-03	-8.199920998856297886e-04
6.900000000000000000e+01	3.483714680323784889e-03	-3.340210069544009581e-03
7.000000000000000000e+01	5.812870140078379598e-04	-4.042947508872526442e-03
7.100000000000000000e+01	-1.933128687327637617e-03	-2.927594853471369041e-03
7.200000000000000000e+01	-3.139749043010655206e-03	-7.030462300998869835e-04
7.300000000000000000e+01	-2.759947970303941369e-03	1.592953123599115568e-03
7.400000000000000000e+01	-1.173977448745039485e-03	3.044574648004069219e-03
7.500000000000000000e+01	8.158479659575752904e-04	3.197903127144167794e-03
7.600000000000000000e+01	2.387981009808937908e-03	2.196796173390173738e-03
7.700000000000000000e+01	2.976663085172566968e-03	5.569247578983411821e-04
7.800000000000000000e+01	2.513456196323196265e-03	-9.894467218327842456e-04
7.900000000000000000e+01	1.317293837771379809e-03	-1.869329354691867326e-03
8.000000000000000000e+01	-3.504493298491223997e-05	-1.850388639841457497e-03
8.100000000000000000e+01	-1.001355725554619854e-03	-1.090279606991936085e-03
8.200000000000000000e+01	-1.261608989572387358e-03	3.889102269188307530e-06
8.300000000000000000e+01	-8.237599353193074360e-04	9.397109369939448493e-04
8.400000000000000000e+01	4.114381447614405600e-05	1.346666594636546652e-03
8.500000000000000000e+01	9.205273429129972370e-04	1.159411359863199735e-03
8.600000000000000000e+01	1.463702219079209737e-03	5.116730754572727325e-04
8.700000000000000000e+01	1.522381908696698351e-03	-2.744938095171380586e-04
8.800000000000000000e+01	1.140223830672082439e-03	-8.938039531887976208e-04
8.900000000000000000e+01	5.229251265978145189e-04	-1.133720031788924094e-03
9.000000000000000000e+01	-4.581915627782092115e-05	-9.715512703085762720e-04
9.100000000000000000e+01	-3.519319761109305166e-04	-5.411059261416407582e-04
9.200000000000000000e+01	-3.167948803648034262e-04	-6.314865399924058569e-05
9.300000000000000000e+01	-2.295758262205082036e-06	2.588071946693512267e-04
9.400000000000000000e+01	4.293483668722219699e-04	3.136192921308159098e-04
9.500000000000000000e+01	7.846807322265933254e-04	1.026507046972681512e-04
9.600000000000000000e+01	9.384082377292102912e-04	-2.539780681765917321e-04
9.700000000000000000e+01	8.691499768198261396e-04	-6.067892672934360222e-04
9.800000000000000000e+01	6.340406607844972092e-04	-8.266847616489951230e-04
9.900000000000000000e+01	3.543887067543631726e-04	-8.577959116030825807e-04
1.000000000000000000e+02	1.477612511598557139e-04	-7.229005413018741539e-04
1.010000000000000000e+02	8.745883856759714475e-05	-5.097140166079980501e-04
1.020000000000000000e+02	1.785678952350751986e-04	-3.210729342165491093e-04
1.030000000000000000e+02	3.636528175961509452e-04	-2.317493524270114631e-04
1.040000000000000000e+02	5.664910697264217065e-04	-2.754546697886690898e-04
1.050000000000000000e+02	6.966816090210772687e-04	-4.155466970055688033e-04
1.060000000000000000e+02	7.289866586455119807e-04	-5.948832408227223761e-04
1.070000000000000000e+02	6.628626570340085365e-04	-7.395593695345910627e-04
