# # Time 	 h_plus 	 h_cross 
# 
-4.090000000000000000e+02	1.533928952436074689e-01	3.378854888854163074e-02
-4.080000000000000000e+02	1.505142695460669477e-01	4.482608852034536406e-02
-4.070000000000000000e+02	1.468380311468765187e-01	5.563472919176655485e-02
-4.060000000000000000e+02	1.423813116164097392e-01	6.615652281919835731e-02
-4.050000000000000000e+02	1.371656982342525088e-01	7.633484548621544130e-02
-4.040000000000000000e+02	1.312168991986880084e-01	8.611464976752314371e-02
-4.030000000000000000e+02	1.245646316974430290e-01	9.544276492858322358e-02
-4.020000000000000000e+02	1.172424739108127584e-01	1.042682054108802353e-01
-4.010000000000000000e+02	1.092876850781253073e-01	1.125424672318448838e-01
-4.000000000000000000e+02	1.007411831673007407e-01	1.202196486080936572e-01
-3.990000000000000000e+02	9.164717993889288927e-02	1.272569066102127167e-01
-3.980000000000000000e+02	8.205302174876716315e-02	1.336146306018315966e-01
-3.970000000000000000e+02	7.200895632993939421e-02	1.392566733282012137e-01
-3.960000000000000000e+02	6.156788246836084055e-02	1.441505654202424880e-01
-3.950000000000000000e+02	5.078508373262428932e-02	1.482677120476388610e-01
-3.940000000000000000e+02	3.971794751100610199e-02	1.515835705341244677e-01
-3.930000000000000000e+02	2.842567069720204620e-02	1.540778078346004831e-01
-3.920000000000000000e+02	1.696895344843213360e-02	1.557344368665825596e-01
-3.910000000000000000e+02	5.409682515324231930e-03	1.565419307875387800e-01
-3.900000000000000000e+02	-6.190123861417717172e-03	1.564954400508000443e-01
-3.890000000000000000e+02	-1.776778276478787472e-02	1.555909443004069304e-01
-3.880000000000000000e+02	-2.925890832322191118e-02	1.538298072453493093e-01
-3.870000000000000000e+02	-4.060006021625234274e-02	1.512189203683762806e-01
-3.860000000000000000e+02	-5.172827468547275959e-02	1.477698772056257603e-01
-3.850000000000000000e+02	-6.258141303829800606e-02	1.434989456101588290e-01
-3.840000000000000000e+02	-7.309850902437677045e-02	1.384270142245119795e-01
-3.830000000000000000e+02	-8.322011318301038296e-02	1.325795131507478686e-01
-3.820000000000000000e+02	-9.288863225021976033e-02	1.259863089457803897e-01
-3.810000000000000000e+02	-1.020486617144310132e-01	1.186815742105783583e-01
-3.800000000000000000e+02	-1.106473096204662471e-01	1.107036321833966969e-01
-3.790000000000000000e+02	-1.186345097424828521e-01	1.020947768888785800e-01
-3.780000000000000000e+02	-1.259633222782002848e-01	9.290106953563488645e-02
-3.770000000000000000e+02	-1.325902202585639567e-01	8.317211199452581583e-02
-3.760000000000000000e+02	-1.384753599197146856e-01	7.296079832680379962e-02
-3.750000000000000000e+02	-1.435827931910203803e-01	6.232302803572798561e-02
-3.740000000000000000e+02	-1.478807488098012879e-01	5.131745120348089884e-02
-3.730000000000000000e+02	-1.513419376988987541e-01	4.000518096292485920e-02
-3.720000000000000000e+02	-1.539435786729319855e-01	2.844939860592633415e-02
-3.710000000000000000e+02	-1.556676287909961598e-01	1.671504815821307430e-02
-3.700000000000000000e+02	-1.565009247498418965e-01	4.868483742580292234e-03
-3.690000000000000000e+02	-1.564352069963403091e-01	-7.024927733282265892e-03
-3.680000000000000000e+02	-1.554670643500997429e-01	-1.889595440669614851e-02
-3.670000000000000000e+02	-1.535985984222594247e-01	-3.067495085947791536e-02
-3.660000000000000000e+02	-1.508371495630025372e-01	-4.229354800511313933e-02
-3.650000000000000000e+02	-1.471952614004456428e-01	-5.368388494777376341e-02
-3.640000000000000000e+02	-1.426906514601135600e-01	-6.477900590170933282e-02
-3.630000000000000000e+02	-1.373461514535148364e-01	-7.551325597536154288e-02
-3.620000000000000000e+02	-1.311896172100167901e-01	-8.582267350099508085e-02
-3.610000000000000000e+02	-1.242538084033397022e-01	-9.564537657817795413e-02
-3.600000000000000000e+02	-1.165762384030840232e-01	-1.049219415003039557e-01
-3.590000000000000000e+02	-1.081989947615620978e-01	-1.135957707481230899e-01
-3.580000000000000000e+02	-9.916853102611847270e-02	-1.216134482625843699e-01
-3.570000000000000000e+02	-8.953476761497049241e-02	-1.289255402779801996e-01
-3.560000000000000000e+02	-7.935062046237807698e-02	-1.354860559388527952e-01
-3.550000000000000000e+02	-6.867600606620490045e-02	-1.412515177233182873e-01
-3.540000000000000000e+02	-5.757273797997101289e-02	-1.461849224522199231e-01
-3.530000000000000000e+02	-4.610523232573290886e-02	-1.502535184789889622e-01
-3.520000000000000000e+02	-3.434047868861443698e-02	-1.534295223754002790e-01
-3.510000000000000000e+02	-2.234765750098564874e-02	-1.556903263841253049e-01
-3.500000000000000000e+02	-1.019774034284738617e-02	-1.570186764003491109e-01
-3.490000000000000000e+02	2.036924568722037199e-03	-1.574028190521445103e-01
-3.480000000000000000e+02	1.428303930676608560e-02	-1.568366166249271776e-01
-3.470000000000000000e+02	2.646679307658151431e-02	-1.553196287613932136e-01
-3.460000000000000000e+02	3.851430637787416067e-02	-1.528571600636657868e-01
-3.450000000000000000e+02	5.035207981431463753e-02	-1.494602729278857178e-01
-3.440000000000000000e+02	6.190773579776996660e-02	-1.451456410423482557e-01
-3.430000000000000000e+02	7.311075328371635651e-02	-1.399352031149043718e-01
-3.420000000000000000e+02	8.389012354935150573e-02	-1.338574939274083386e-01
-3.410000000000000000e+02	9.417828826697310918e-02	-1.269460933244695167e-01
-3.400000000000000000e+02	1.039103013689349625e-01	-1.192398888708461474e-01
-3.390000000000000000e+02	1.130242502152890710e-01	-1.107828753774927344e-01
-3.380000000000000000e+02	1.214616615224540785e-01	-1.016239206503915665e-01
-3.370000000000000000e+02	1.291678893143845264e-01	-9.181649861329098383e-02
-3.360000000000000000e+02	1.360924822444243287e-01	-8.141839117984807361e-02
-3.350000000000000000e+02	1.421895277411612535e-01	-7.049136046870996264e-02
-3.340000000000000000e+02	1.474179705550479336e-01	-5.910079316478417805e-02
-3.330000000000000000e+02	1.517419034232558861e-01	-4.731531903036344244e-02
-3.320000000000000000e+02	1.551308277278521386e-01	-3.520640575886170576e-02
-3.310000000000000000e+02	1.575598190693421330e-01	-2.284836785758966385e-02
-3.300000000000000000e+02	1.590098841006756525e-01	-1.031811495632636681e-02
-3.290000000000000000e+02	1.594683195653387731e-01	2.308546856104651442e-03
-3.280000000000000000e+02	1.589281853992076110e-01	1.495333567819305889e-02
-3.270000000000000000e+02	1.573887181784385247e-01	2.753741951551300082e-02
-3.260000000000000000e+02	1.548553786173969549e-01	3.998190414097924084e-02
-3.250000000000000000e+02	1.513357145815476257e-01	5.220689507877520480e-02
-3.240000000000000000e+02	1.468519248120244702e-01	6.413558910790444212e-02
-3.230000000000000000e+02	1.414304015245014534e-01	7.569308752633836790e-02
-3.220000000000000000e+02	1.351007229031834789e-01	8.680555559593720882e-02
-3.210000000000000000e+02	1.278983155689006335e-01	9.740141824652044644e-02
-3.200000000000000000e+02	1.198642906092610566e-01	1.074118279923163971e-01
-3.190000000000000000e+02	1.110452416712577051e-01	1.167711217867420936e-01
-3.180000000000000000e+02	1.014930057735824592e-01	1.254172636914533123e-01
-3.170000000000000000e+02	9.126477284745902752e-02	1.332920065945895349e-01
-3.160000000000000000e+02	8.042506361468668152e-02	1.403402007448668887e-01
-3.150000000000000000e+02	6.903632456471141265e-02	1.465157691366475723e-01
-3.140000000000000000e+02	5.716802745678802727e-02	1.517752592736972550e-01
-3.130000000000000000e+02	4.489316194286896433e-02	1.560806831207414980e-01
-3.120000000000000000e+02	3.228781146959230908e-02	1.593998098648122808e-01
-3.110000000000000000e+02	1.943070409276814736e-02	1.617064262726469470e-01
-3.100000000000000000e+02	6.402740632349361756e-03	1.629805624344573267e-01
-3.090000000000000000e+02	-6.713497204781280168e-03	1.632086808615506035e-01
-3.080000000000000000e+02	-1.983425592042608460e-02	1.623838271008015699e-01
-3.070000000000000000e+02	-3.287513355259090442e-02	1.605057402418307022e-01
-3.060000000000000000e+02	-4.575161409177330024e-02	1.575809219220801471e-01
-3.050000000000000000e+02	-5.837960970328681665e-02	1.536226626796484696e-01
-3.040000000000000000e+02	-7.067457695396617279e-02	1.486517048357828552e-01
-3.030000000000000000e+02	-8.255492569891428878e-02	1.426952631610138855e-01
-3.020000000000000000e+02	-9.394308287751323983e-02	1.357858951469615993e-01
-3.010000000000000000e+02	-1.047622605868294005e-01	1.279632483724337522e-01
-3.000000000000000000e+02	-1.149387616086636893e-01	1.192731940847121253e-01
-2.990000000000000000e+02	-1.244024872775762736e-01	1.097675966660258545e-01
-2.980000000000000000e+02	-1.330874292261098879e-01	9.950404135917320647e-02
-2.970000000000000000e+02	-1.409321415544827483e-01	8.854552126478083818e-02
-2.960000000000000000e+02	-1.478801900224422927e-01	7.696008490955136283e-02
-2.950000000000000000e+02	-1.538805749352724905e-01	6.482044597085971638e-02
-2.940000000000000000e+02	-1.588881244944191362e-01	5.220355702605598835e-02
-2.930000000000000000e+02	-1.628637984072345835e-01	3.919038675835713470e-02
-2.920000000000000000e+02	-1.657749557234513005e-01	2.586643885160933715e-02
-2.910000000000000000e+02	-1.675964813106105289e-01	1.231674503306375186e-02
-2.900000000000000000e+02	-1.683098483234059251e-01	-1.369799472769570991e-03
-2.890000000000000000e+02	-1.679037470494520734e-01	-1.510267950551403941e-02
-2.880000000000000000e+02	-1.663738896065299067e-01	-2.879028143652193408e-02
-2.870000000000000000e+02	-1.637237082320186221e-01	-4.234049486546390129e-02
-2.860000000000000000e+02	-1.599641896638024086e-01	-5.566134024143644388e-02
-2.850000000000000000e+02	-1.551138892608752429e-01	-6.866158800166401177e-02
-2.840000000000000000e+02	-1.491988945208880257e-01	-8.125138209215142238e-02
-2.830000000000000000e+02	-1.422527372624017850e-01	-9.334286375925016088e-02
-2.820000000000000000e+02	-1.343162540698801255e-01	-1.048507914009437492e-01
-2.810000000000000000e+02	-1.254373949419644030e-01	-1.156931521926098105e-01
-2.800000000000000000e+02	-1.156709804364344230e-01	-1.257917611552838988e-01
-2.790000000000000000e+02	-1.050778412656546701e-01	-1.350713821176716678e-01
-2.780000000000000000e+02	-9.372515726529533076e-02	-1.434631052550097707e-01
-2.770000000000000000e+02	-8.168772742442399759e-02	-1.509050162097370917e-01
-2.760000000000000000e+02	-6.904453881676790583e-02	-1.573399234756149012e-01
-2.750000000000000000e+02	-5.587947168376880547e-02	-1.627171510969947221e-01
-2.740000000000000000e+02	-4.228076793221387936e-02	-1.669929671431238938e-01
-2.730000000000000000e+02	-2.834046133743926832e-02	-1.701309694999497690e-01
-2.720000000000000000e+02	-1.415377280293089908e-02	-1.721024255018899496e-01
-2.710000000000000000e+02	1.815256538357504690e-04	-1.728865621803087615e-01
-2.700000000000000000e+02	1.456577421887899314e-02	-1.724708041890700150e-01
-2.690000000000000000e+02	2.889814632807649955e-02	-1.708509509141180327e-01
-2.680000000000000000e+02	4.307742233573474272e-02	-1.680312694600021861e-01
-2.670000000000000000e+02	5.700223840154784033e-02	-1.640246759933963461e-01
-2.660000000000000000e+02	7.057236353551385455e-02	-1.588526664594833437e-01
-2.650000000000000000e+02	8.368925714732160237e-02	-1.525452742739013545e-01
-2.640000000000000000e+02	9.625680199651968916e-02	-1.451409499632832500e-01
-2.630000000000000000e+02	1.081818754429380997e-01	-1.366860662973904406e-01
-2.620000000000000000e+02	1.193748583265940855e-01	-1.272349562501528530e-01
-2.610000000000000000e+02	1.297516542306766107e-01	-1.168507769764235427e-01
-2.600000000000000000e+02	1.392330683177195882e-01	-1.056033352593738761e-01
-2.590000000000000000e+02	1.477458286023679290e-01	-9.356926232910246777e-02
-2.580000000000000000e+02	1.552231702251885004e-01	-8.083153290687919434e-02
-2.570000000000000000e+02	1.616053482523027440e-01	-6.747903046311844177e-02
-2.560000000000000000e+02	1.668402926844359258e-01	-5.360568038631426807e-02
-2.550000000000000000e+02	1.708839627103937164e-01	-3.930994885650934689e-02
-2.540000000000000000e+02	1.737007498340796818e-01	-2.469418515000956077e-02
-2.530000000000000000e+02	1.752638445918621168e-01	-9.863780725963057841e-03
-2.520000000000000000e+02	1.755554902116136518e-01	5.073357866264819986e-03
-2.510000000000000000e+02	1.745672648668879778e-01	2.000756482768828795e-02
-2.500000000000000000e+02	1.723002403872197219e-01	3.482854478649564239e-02
-2.490000000000000000e+02	1.687644694597211781e-01	4.942638754109056343e-02
-2.480000000000000000e+02	1.639805701495582468e-01	6.369149003677075649e-02
-2.470000000000000000e+02	1.579779596867789404e-01	7.751684564580572923e-02
-2.460000000000000000e+02	1.507957787727466636e-01	9.079688548241980628e-02
-2.450000000000000000e+02	1.424822368876283163e-01	1.034297551924582836e-01
-2.440000000000000000e+02	1.330942337671485176e-01	1.153179986786437017e-01
-2.430000000000000000e+02	1.226970313726727935e-01	1.263689563225933732e-01
-2.420000000000000000e+02	1.113640085275912212e-01	1.364955541300561515e-01
-2.410000000000000000e+02	9.917648351645182159e-02	1.456173668725057324e-01
-2.400000000000000000e+02	8.622255941620891873e-02	1.536608238080956201e-01
-2.390000000000000000e+02	7.259679548641238822e-02	1.605599738763480999e-01
-2.380000000000000000e+02	5.839954366507232181e-02	1.662570575835141673e-01
-2.370000000000000000e+02	4.373621631284826256e-02	1.707029059415272332e-01
-2.360000000000000000e+02	2.871669491969787089e-02	1.738578033751485563e-01
-2.350000000000000000e+02	1.345424849257700894e-02	1.756917042976048338e-01
-2.340000000000000000e+02	-1.935210420541943208e-03	1.761843094684615862e-01
-2.330000000000000000e+02	-1.733406115152542892e-02	1.753255722178954923e-01
-2.320000000000000000e+02	-3.262328350984598779e-02	1.731162292750380582e-01
-2.310000000000000000e+02	-4.768374834810421015e-02	1.695667876893009463e-01
-2.300000000000000000e+02	-6.239819440363165992e-02	1.646979350050782331e-01
-2.290000000000000000e+02	-7.665047112811049224e-02	1.585405058316054494e-01
-2.280000000000000000e+02	-9.032669496517276020e-02	1.511366468676466068e-01
-2.270000000000000000e+02	-1.033167521598398336e-01	1.425395599811162817e-01
-2.260000000000000000e+02	-1.155163691173186208e-01	1.328092824223885138e-01
-2.250000000000000000e+02	-1.268249865759492057e-01	1.220155627303214085e-01
-2.240000000000000000e+02	-1.371472461126922726e-01	1.102396772827515525e-01
-2.230000000000000000e+02	-1.463974791954476828e-01	9.757022261769891791e-02
-2.220000000000000000e+02	-1.544972153713166929e-01	8.410185055048698122e-02
-2.210000000000000000e+02	-1.613750317851586347e-01	6.993826331874823665e-02
-2.200000000000000000e+02	-1.669688157406352680e-01	5.518977610741507972e-02
-2.190000000000000000e+02	-1.712270964719035671e-01	3.997095073190268938e-02
-2.180000000000000000e+02	-1.741071081251516495e-01	2.440062601628036065e-02
-2.170000000000000000e+02	-1.755762311916925777e-01	8.605363885091680057e-03
-2.160000000000000000e+02	-1.756189280328410429e-01	-7.287339375664425231e-03
-2.150000000000000000e+02	-1.742240945510115935e-01	-2.315346358168633017e-02
-2.140000000000000000e+02	-1.713902582564180155e-01	-3.886033915374600273e-02
-2.130000000000000000e+02	-1.671358096153358341e-01	-5.427509080419868487e-02
-2.120000000000000000e+02	-1.614930467034059181e-01	-6.926803781290589990e-02
-2.110000000000000000e+02	-1.544908604614633196e-01	-8.372460181991890626e-02
-2.100000000000000000e+02	-1.461802658099422281e-01	-9.750434044167792524e-02
-2.090000000000000000e+02	-1.366262354090388431e-01	-1.104927649875924039e-01
-2.080000000000000000e+02	-1.259016699895249836e-01	-1.225811284599101769e-01
-2.070000000000000000e+02	-1.140841800622505592e-01	-1.336596792451440752e-01
-2.060000000000000000e+02	-1.012647015854373084e-01	-1.436270382324918438e-01
-2.050000000000000000e+02	-8.755210428207307882e-02	-1.523863810288776655e-01
-2.040000000000000000e+02	-7.305563347065273383e-02	-1.598597938408023722e-01
-2.030000000000000000e+02	-5.789262483226993716e-02	-1.659760107586588096e-01
-2.020000000000000000e+02	-4.218862014313984332e-02	-1.706700278596685882e-01
-2.010000000000000000e+02	-2.607744342249921840e-02	-1.738885452226548722e-01
-2.000000000000000000e+02	-9.698815089404542317e-03	-1.755959271163142210e-01
-1.990000000000000000e+02	6.809917793445720985e-03	-1.757690796042080950e-01
-1.980000000000000000e+02	2.330631639309173331e-02	-1.743914128887047721e-01
-1.970000000000000000e+02	3.964262117750828873e-02	-1.714627351065092509e-01
-1.960000000000000000e+02	5.567104647858433369e-02	-1.670010314848051070e-01
-1.950000000000000000e+02	7.124966944903668442e-02	-1.610336764732551440e-01
-1.940000000000000000e+02	8.623587955011396966e-02	-1.536018840933361940e-01
-1.930000000000000000e+02	1.004900104898545782e-01	-1.447605818602228367e-01
-1.920000000000000000e+02	1.138773832116659751e-01	-1.345798909210413896e-01
-1.910000000000000000e+02	1.262705558306712883e-01	-1.231427771463396992e-01
-1.900000000000000000e+02	1.375499125953179025e-01	-1.105428803262255982e-01
-1.890000000000000000e+02	1.476042461437137021e-01	-9.688490390176751621e-02
-1.880000000000000000e+02	1.563314878268211305e-01	-8.228681844010268809e-02
-1.870000000000000000e+02	1.636409239603110188e-01	-6.687642302654674131e-02
-1.860000000000000000e+02	1.694544881058369090e-01	-5.079028269965452091e-02
-1.850000000000000000e+02	1.737066379887233780e-01	-3.417174447174221863e-02
-1.840000000000000000e+02	1.763448301450519506e-01	-1.717088349735983871e-02
-1.830000000000000000e+02	1.773314502780459767e-01	5.561881435743190003e-05
-1.820000000000000000e+02	1.766445089468753615e-01	1.734686754106774462e-02
-1.810000000000000000e+02	1.742776220511868257e-01	3.454091757939851265e-02
-1.800000000000000000e+02	1.702405349825647507e-01	5.147471035085679492e-02
-1.790000000000000000e+02	1.645579037405636158e-01	6.798430290549489774e-02
-1.780000000000000000e+02	1.572709457240795972e-01	8.390883352257368089e-02
-1.770000000000000000e+02	1.484366346452394847e-01	9.909137235235683516e-02
-1.760000000000000000e+02	1.381273974197332055e-01	1.133802238981950761e-01
-1.750000000000000000e+02	1.264304060443680600e-01	1.266309139655843186e-01
-1.740000000000000000e+02	1.134478244098499067e-01	1.387068414808980688e-01
-1.730000000000000000e+02	9.929593090970195712e-02	1.494812682368942547e-01
-1.720000000000000000e+02	8.410340158238634178e-02	1.588382869507216077e-01
-1.710000000000000000e+02	6.801041844838462413e-02	1.666748030627096255e-01
-1.700000000000000000e+02	5.116751222387424386e-02	1.729016189811375670e-01
-1.690000000000000000e+02	3.373286226139399907e-02	1.774443440092726976e-01
-1.680000000000000000e+02	1.587318448730780374e-02	1.802445382340256697e-01
-1.670000000000000000e+02	-2.238148794521695097e-03	1.812604895656864945e-01
-1.660000000000000000e+02	-2.042305725363104119e-02	1.804665624693099490e-01
-1.650000000000000000e+02	-3.850054780314060565e-02	1.778546032223472240e-01
-1.640000000000000000e+02	-5.628981477974188269e-02	1.734344841905795243e-01
-1.630000000000000000e+02	-7.361087870829122193e-02	1.672338029972537388e-01
-1.620000000000000000e+02	-9.028752648958945914e-02	1.592970969027414918e-01
-1.610000000000000000e+02	-1.061465544711691772e-01	1.496860273637334871e-01
-1.600000000000000000e+02	-1.210177203398303675e-01	1.384803172378278047e-01
-1.590000000000000000e+02	-1.347384672611895706e-01	1.257774269733601680e-01
-1.580000000000000000e+02	-1.471565117601144057e-01	1.116926596965278767e-01
-1.570000000000000000e+02	-1.581299756235939602e-01	9.635760368713336410e-02
-1.560000000000000000e+02	-1.675284483178207939e-01	7.992035114595455458e-02
-1.550000000000000000e+02	-1.752349276009980694e-01	6.254204894183648666e-02
-1.540000000000000000e+02	-1.811507704552479947e-01	4.440249754290682277e-02
-1.530000000000000000e+02	-1.852014582990578195e-01	2.568684081688663717e-02
-1.520000000000000000e+02	-1.873246771644708208e-01	6.588183274036455914e-03
-1.510000000000000000e+02	-1.874826301710084131e-01	-1.268917070386389040e-02
-1.500000000000000000e+02	-1.856600656752981637e-01	-3.194464506718081021e-02
-1.490000000000000000e+02	-1.818662633801109152e-01	-5.098050064089274663e-02
-1.480000000000000000e+02	-1.761205101955096719e-01	-6.959965733532112730e-02
-1.470000000000000000e+02	-1.684679608620678060e-01	-8.761036118252638061e-02
-1.460000000000000000e+02	-1.589669442693635859e-01	-1.048228743296217985e-01
-1.450000000000000000e+02	-1.476935985609083568e-01	-1.210522014329748069e-01
-1.440000000000000000e+02	-1.347389481069968253e-01	-1.361124446928546616e-01
-1.430000000000000000e+02	-1.202184483478496158e-01	-1.498269523755746402e-01
-1.420000000000000000e+02	-1.042659025201698730e-01	-1.620217282938057057e-01
-1.410000000000000000e+02	-8.704243741596071060e-02	-1.725413676159520127e-01
-1.400000000000000000e+02	-6.872639144870115735e-02	-1.812452493384031638e-01
-1.390000000000000000e+02	-4.950624721751716723e-02	-1.880169165565138412e-01
-1.380000000000000000e+02	-2.958427678577387962e-02	-1.927538255665333378e-01
-1.370000000000000000e+02	-9.173984920045017213e-03	-1.953821679840562209e-01
-1.360000000000000000e+02	1.150229959612582634e-02	-1.958468437775505167e-01
-1.350000000000000000e+02	3.221702813903613155e-02	-1.941135970780857589e-01
-1.340000000000000000e+02	5.273564944704888652e-02	-1.901742972105991969e-01
-1.330000000000000000e+02	7.282464366846462533e-02	-1.840456123454751736e-01
-1.320000000000000000e+02	9.225174469304864289e-02	-1.757698378395030903e-01
-1.310000000000000000e+02	1.107874726313156227e-01	-1.654138200574411244e-01
-1.300000000000000000e+02	1.282043460231328535e-01	-1.530657780524677936e-01
-1.290000000000000000e+02	1.442802646225801455e-01	-1.388433017506185974e-01
-1.280000000000000000e+02	1.588115307136278298e-01	-1.228888001273505670e-01
-1.270000000000000000e+02	1.716072320452251831e-01	-1.053657326260731691e-01
-1.260000000000000000e+02	1.824902345853414987e-01	-8.645921106342425999e-02
-1.250000000000000000e+02	1.913044401156022978e-01	-6.637786387772827423e-02
-1.240000000000000000e+02	1.979204739268909941e-01	-4.534755146920772806e-02
-1.230000000000000000e+02	2.022291026671823866e-01	-2.360521230424477562e-02
-1.220000000000000000e+02	2.041450548582563473e-01	-1.403518558027674066e-03
-1.210000000000000000e+02	2.036123709837061868e-01	2.099196998987542043e-02
-1.200000000000000000e+02	2.006079821160036136e-01	4.331086221816356913e-02
-1.190000000000000000e+02	1.951353272982479792e-01	6.527779006297962372e-02
-1.180000000000000000e+02	1.872264361953634437e-01	8.661556819216691128e-02
-1.170000000000000000e+02	1.769455325858794170e-01	1.070502145602243438e-01
-1.160000000000000000e+02	1.643920975421712671e-01	1.263088514645671900e-01
-1.150000000000000000e+02	1.496945050786649967e-01	1.441372868453482115e-01
-1.140000000000000000e+02	1.330099046729251722e-01	1.602868887738428394e-01
-1.130000000000000000e+02	1.145258923318601685e-01	1.745302028028023755e-01
-1.120000000000000000e+02	9.445808919849395247e-02	1.866612580334290616e-01
-1.110000000000000000e+02	7.304344284327958514e-02	1.964955568006569175e-01
-1.100000000000000000e+02	5.054146718553689799e-02	2.038736823748932281e-01
-1.090000000000000000e+02	2.723498467066533257e-02	2.086655988254946525e-01
-1.080000000000000000e+02	3.419796288112243818e-03	2.107764273113916509e-01
-1.070000000000000000e+02	-2.059335806635211388e-02	2.101437826980109003e-01
-1.060000000000000000e+02	-4.448704710256009415e-02	2.067416614261859409e-01
-1.050000000000000000e+02	-6.794101619789576219e-02	2.005799357867008581e-01
-1.040000000000000000e+02	-9.063331075838269857e-02	1.917057938942709761e-01
-1.030000000000000000e+02	-1.122443997856027997e-01	1.802025611487675927e-01
-1.020000000000000000e+02	-1.324654424310788559e-01	1.661960221392589365e-01
-1.010000000000000000e+02	-1.510002824439873603e-01	1.498474218795975144e-01
-1.000000000000000000e+02	-1.675710046214504423e-01	1.313525769004798005e-01
-9.900000000000000000e+01	-1.819216296037084180e-01	1.109407036200232843e-01
-9.800000000000000000e+01	-1.938216296468446287e-01	8.887362701793942443e-02
-9.700000000000000000e+01	-2.030705825872449466e-01	6.544223522358813550e-02
-9.600000000000000000e+01	-2.095036139542093834e-01	4.096171243708977144e-02
-9.500000000000000000e+01	-2.129925853540977909e-01	1.576801017866881829e-02
-9.400000000000000000e+01	-2.134479035684262727e-01	-9.786239346333975783e-03
-9.300000000000000000e+01	-2.108219225050723122e-01	-3.533494004411939088e-02
-9.200000000000000000e+01	-2.051118003155121272e-01	-6.050447912864232586e-02
-9.100000000000000000e+01	-1.963587277295184286e-01	-8.491930174666025011e-02
-9.000000000000000000e+01	-1.846501831148212591e-01	-1.082070716322786758e-01
-8.900000000000000000e+01	-1.701200443723476508e-01	-1.300035255254605449e-01
-8.800000000000000000e+01	-1.529471587842763658e-01	-1.499604931481988701e-01
-8.700000000000000000e+01	-1.333527459904576273e-01	-1.677480900188742519e-01
-8.600000000000000000e+01	-1.116010267847759863e-01	-1.830610553474799063e-01
-8.500000000000000000e+01	-8.799635778996899027e-02	-1.956248277039901173e-01
-8.400000000000000000e+01	-6.287787729921180679e-02	-2.052017694300954376e-01
-8.300000000000000000e+01	-3.661668884407957847e-02	-2.115953464506483139e-01
-8.200000000000000000e+01	-9.610440304250735324e-03	-2.146534518953848447e-01
-8.100000000000000000e+01	1.772052055720264169e-02	-2.142716440346346951e-01
-8.000000000000000000e+01	4.493958617797050303e-02	-2.103977455194848412e-01
-7.900000000000000000e+01	7.159947241418261610e-02	-2.030348037793218152e-01
-7.800000000000000000e+01	9.725061733685376464e-02	-1.922442155915009276e-01
-7.700000000000000000e+01	1.214458584413119074e-01	-1.781438768742139855e-01
-7.600000000000000000e+01	1.437494815846582785e-01	-1.609100007460122772e-01
-7.500000000000000000e+01	1.637472675143444023e-01	-1.407793788676949542e-01
-7.400000000000000000e+01	1.810503846518038140e-01	-1.180430603996577288e-01
-7.300000000000000000e+01	1.953033082649634211e-01	-9.304659157840597383e-02
-7.200000000000000000e+01	2.061890999536314661e-01	-6.618339719224494710e-02
-7.100000000000000000e+01	2.134473855018740318e-01	-3.789483684712936784e-02
-7.000000000000000000e+01	2.168696321385295001e-01	-8.665853955287881188e-03
-6.900000000000000000e+01	2.163108461158649298e-01	2.098821940981650258e-02
-6.800000000000000000e+01	2.116969451231008326e-01	5.052780230917089388e-02
-6.700000000000000000e+01	2.030197403848518767e-01	7.940290690815526853e-02
-6.600000000000000000e+01	1.903494791675122422e-01	1.070417863698334138e-01
-6.500000000000000000e+01	1.738373362891839080e-01	1.328814324656598100e-01
-6.400000000000000000e+01	1.537148009944324378e-01	1.563740275366534704e-01
-6.300000000000000000e+01	1.302921394186763171e-01	1.769987343628073861e-01
-6.200000000000000000e+01	1.039599215845893182e-01	1.942739658312964690e-01
-6.100000000000000000e+01	7.518291717593879320e-02	2.077711463901952549e-01
-6.000000000000000000e+01	4.448539330770497069e-02	2.171056943174699827e-01
-5.900000000000000000e+01	1.246380481030466038e-02	2.219738258883656445e-01
-5.800000000000000000e+01	-2.024267583091873823e-02	2.221562411033667084e-01
-5.700000000000000000e+01	-5.295111334279994919e-02	2.175236142441260012e-01
-5.600000000000000000e+01	-8.495059192515509727e-02	2.080472110276159470e-01
-5.500000000000000000e+01	-1.155086255308897664e-01	1.938027657004397497e-01
-5.400000000000000000e+01	-1.439072294569675448e-01	1.749727528094476847e-01
-5.300000000000000000e+01	-1.694404078077734743e-01	1.518492365649001252e-01
-5.200000000000000000e+01	-1.914361675392243500e-01	1.248383146997621429e-01
-5.100000000000000000e+01	-2.092783243068170318e-01	9.445677720741894878e-02
-5.000000000000000000e+01	-2.224178041790597637e-01	6.132121289208545406e-02
-4.900000000000000000e+01	-2.303921328740448637e-01	2.613910861457457296e-02
-4.800000000000000000e+01	-2.328502070168410321e-01	-1.029741555842665461e-02
-4.700000000000000000e+01	-2.295548382228399242e-01	-4.713267058397752063e-02
-4.600000000000000000e+01	-2.203984733765288473e-01	-8.345926461887209769e-02
-4.500000000000000000e+01	-2.054182004442939857e-01	-1.183376755200718916e-01
-4.400000000000000000e+01	-1.848006957323992672e-01	-1.508228558213026704e-01
-4.300000000000000000e+01	-1.588894182515308839e-01	-1.799859824983003065e-01
-4.200000000000000000e+01	-1.281812659593145332e-01	-2.049376639034551362e-01
-4.100000000000000000e+01	-9.332726803406965477e-02	-2.248471662160165807e-01
-4.000000000000000000e+01	-5.511902428248434405e-02	-2.389847787151014313e-01
-3.900000000000000000e+01	-1.448652217934217126e-02	-2.467390988447715761e-01
-3.800000000000000000e+01	2.752267291549906000e-02	-2.476458976966508241e-01
-3.700000000000000000e+01	6.975762257067544270e-02	-2.413928275821190517e-01
-3.600000000000000000e+01	1.109955748520705804e-01	-2.278657351111384177e-01
-3.500000000000000000e+01	1.499807010075807634e-01	-2.071502963449078083e-01
-3.400000000000000000e+01	1.854311724743358258e-01	-1.795571850269782888e-01
-3.300000000000000000e+01	2.160987562257934702e-01	-1.456154749840761209e-01
-3.200000000000000000e+01	2.408006312718860009e-01	-1.060902611444123067e-01
-3.100000000000000000e+01	2.584558642739344658e-01	-6.197320756244673740e-02
-3.000000000000000000e+01	2.681306903490646709e-01	-1.446835680592961117e-02
-2.900000000000000000e+01	2.690941508630013135e-01	3.501604931081751804e-02
-2.800000000000000000e+01	2.608459191603070826e-01	8.490142562461346076e-02
-2.700000000000000000e+01	2.431609280220589642e-01	1.334733808197088034e-01
-2.600000000000000000e+01	2.161299597117909976e-01	1.789201115663066333e-01
-2.500000000000000000e+01	1.801923699983401239e-01	2.193912199547815578e-01
-2.400000000000000000e+01	1.361665442173560225e-01	2.530839694973513465e-01
-2.300000000000000000e+01	8.522804890802045119e-02	2.782527648150535104e-01
-2.200000000000000000e+01	2.896072247515116618e-02	2.933416250948037707e-01
-2.100000000000000000e+01	-3.069163878841546511e-02	2.970771040174952637e-01
-2.000000000000000000e+01	-9.145368581406237984e-02	2.885435197777532212e-01
-1.900000000000000000e+01	-1.507463806080918678e-01	2.672248100371024115e-01
-1.800000000000000000e+01	-2.058200929214042130e-01	2.331562447118696868e-01
-1.700000000000000000e+01	-2.538002364146789147e-01	1.869935136041987189e-01
-1.600000000000000000e+01	-2.918433775975368127e-01	1.300239237489080601e-01
-1.500000000000000000e+01	-3.172770444796810252e-01	6.424634663096710774e-02
-1.400000000000000000e+01	-3.277842586064372843e-01	-7.639052609147759486e-03
-1.300000000000000000e+01	-3.215904116353121012e-01	-8.227600562751677393e-02
-1.200000000000000000e+01	-2.976310027423708648e-01	-1.557137823911882712e-01
-1.100000000000000000e+01	-2.558059825415378019e-01	-2.235841153478485832e-01
-1.000000000000000000e+01	-1.971052474572247415e-01	-2.812966681452466755e-01
-9.000000000000000000e+00	-1.237334920285360351e-01	-3.242914232771625382e-01
-8.000000000000000000e+00	-3.923241974664209986e-02	-3.483716130088536089e-01
-7.000000000000000000e+00	5.154255336745572347e-02	-3.501290957398592307e-01
-6.000000000000000000e+00	1.425398040891018570e-01	-3.273859036660184962e-01
-5.000000000000000000e+00	2.268723934755761396e-01	-2.796338547351832626e-01
-4.000000000000000000e+00	2.971020610473223411e-01	-2.082758627719011879e-01
-3.000000000000000000e+00	3.459269738047370257e-01	-1.171603441779654753e-01
-2.000000000000000000e+00	3.669146379574669825e-01	-1.253343294125976171e-02
-1.000000000000000000e+00	3.554255078383503630e-01	9.696458327827608970e-02
0.000000000000000000e+00	3.095405848482211120e-01	2.008173559112430562e-01
1.000000000000000000e+00	2.308891654802633087e-01	2.874444714128829292e-01
2.000000000000000000e+00	1.253131557058770607e-01	3.454138593277898961e-01
3.000000000000000000e+00	3.094400145970741759e-03	3.651896634469893876e-01
4.000000000000000000e+00	-1.215303993901611646e-01	3.409535247707282668e-01
5.000000000000000000e+00	-2.318736268162078229e-01	2.724006213116568209e-01
6.000000000000000000e+00	-3.108661785888516826e-01	1.661234943769678840e-01
7.000000000000000000e+00	-3.443013101213369676e-01	3.592637780862328878e-02
8.000000000000000000e+00	-3.241463497873153798e-01	-9.847467193333478419e-02
9.000000000000000000e+00	-2.513370205728225892e-01	-2.142062080524257117e-01
1.000000000000000000e+01	-1.372001130121308365e-01	-2.896432943678218797e-01
1.100000000000000000e+01	-2.543343947360420573e-03	-3.095691527713304025e-01
1.200000000000000000e+01	1.260239913977202753e-01	-2.695996305360764955e-01
1.300000000000000000e+01	2.219242978939589828e-01	-1.783860580666870310e-01
1.400000000000000000e+01	2.652089870622939549e-01	-5.654428419813820050e-02
1.500000000000000000e+01	2.480978191960368229e-01	6.784223040779178981e-02
1.600000000000000000e+01	1.773567277523752650e-01	1.661985730662544347e-01
1.700000000000000000e+01	7.283902942638878497e-02	2.170850228350835742e-01
1.800000000000000000e+01	-3.797747007592416207e-02	2.116841628014771437e-01
1.900000000000000000e+01	-1.274346461242927553e-01	1.560226287695237191e-01
2.000000000000000000e+01	-1.752296484975894852e-01	6.859451430298789398e-02
2.100000000000000000e+01	-1.734638105763783023e-01	-2.525757604745533860e-02
2.200000000000000000e+01	-1.279560028877742561e-01	-1.007438553904969336e-01
2.300000000000000000e+01	-5.557053484349914335e-02	-1.403596801317414933e-01
2.400000000000000000e+01	2.143328756223095849e-02	-1.380472346039529064e-01
2.500000000000000000e+01	8.207197546197982085e-02	-9.972121595375028902e-02
2.600000000000000000e+01	1.123079179471655198e-01	-4.034180233284577477e-02
2.700000000000000000e+01	1.081421876671158494e-01	2.129117323509758380e-02
2.800000000000000000e+01	7.548148178195174252e-02	6.823299521328293760e-02
2.900000000000000000e+01	2.720943847467977017e-02	8.984922104803219622e-02
3.000000000000000000e+01	-2.131428805908489044e-02	8.391206832081732347e-02
3.100000000000000000e+01	-5.683733237234003116e-02	5.604972974771024047e-02
3.200000000000000000e+01	-7.156646700662952498e-02	1.708997085904258653e-02
3.300000000000000000e+01	-6.454916519735479086e-02	-2.066397275317802956e-02
3.400000000000000000e+01	-4.096076011549661111e-02	-4.703850506640779722e-02
3.500000000000000000e+01	-9.765726687910940632e-03	-5.649818033417015190e-02
3.600000000000000000e+01	1.930455133957021188e-02	-4.899962747909532290e-02
3.700000000000000000e+01	3.856753442224104128e-02	-2.918085673882377454e-02
3.800000000000000000e+01	4.421363273491198814e-02	-4.384389570641790586e-03
3.900000000000000000e+01	3.678744393722678530e-02	1.780195852149968685e-02
4.000000000000000000e+01	2.033349793970545480e-02	3.166748648896812457e-02
4.100000000000000000e+01	7.792600415893602547e-04	3.466610138388593471e-02
4.200000000000000000e+01	-1.600161072142116531e-02	2.764665761724861837e-02
4.300000000000000000e+01	-2.580782979915101708e-02	1.409391837869111534e-02
4.400000000000000000e+01	-2.700624852547993740e-02	-1.240391280400851169e-03
4.500000000000000000e+01	-2.060024748967766509e-02	-1.384363190387074422e-02
4.600000000000000000e+01	-9.533890182238368219e-03	-2.065123647612403593e-02
4.700000000000000000e+01	2.401274690690337506e-03	-2.069009416411958513e-02
4.800000000000000000e+01	1.177862844400747420e-02	-1.500555120320313726e-02
4.900000000000000000e+01	1.639354549474032058e-02	-6.047233600815909126e-03
5.000000000000000000e+01	1.569667119850115186e-02	3.180079292176356178e-03
5.100000000000000000e+01	1.072954571290443519e-02	1.006450695784189518e-02
5.200000000000000000e+01	3.550655763765436963e-03	1.308068476232965120e-02
5.300000000000000000e+01	-3.511826042038053170e-03	1.199485546245299995e-02
5.400000000000000000e+01	-8.510793404357430356e-03	7.757976591603119552e-03
5.500000000000000000e+01	-1.037772987628363466e-02	2.050001355949137866e-03
5.600000000000000000e+01	-9.115864533426934133e-03	-3.304872572873901026e-03
5.700000000000000000e+01	-5.569452490072048824e-03	-6.894543479022916324e-03
5.800000000000000000e+01	-1.070477151898598317e-03	-7.986829130272597374e-03
5.900000000000000000e+01	2.966331122427862555e-03	-6.686689141003303652e-03
6.000000000000000000e+01	5.500555794027399241e-03	-3.740383213597904891e-03
6.100000000000000000e+01	6.063606503868090511e-03	-2.232994181666731002e-04
6.200000000000000000e+01	4.818646039046303731e-03	2.791850759407895309e-03
6.300000000000000000e+01	2.402718354381118936e-03	4.551262221251110678e-03
6.400000000000000000e+01	-3.274446454524974708e-04	4.763482656241558796e-03
6.500000000000000000e+01	-2.559925556029006045e-03	3.621339365842617813e-03
6.600000000000000000e+01	-3.757427059199233439e-03	1.661127452644774617e-03
6.700000000000000000e+01	-3.751304081563238812e-03	-4.441929594296549640e-04
6.800000000000000000e+01	-2.737337836483977414e-03	-2.085848121520074774e-03
6.900000000000000000e+01	-1.157836435812042465e-03	-2.881923619801739656e-03
7.000000000000000000e+01	4.582769051894684397e-04	-2.748107259931644852e-03
7.100000000000000000e+01	1.656581950371213002e-03	-1.865419220149191083e-03
7.200000000000000000e+01	2.167245458772498658e-03	-5.983045541210424770e-04
7.300000000000000000e+01	1.957849209992104655e-03	6.376007347481883920e-04
7.400000000000000000e+01	1.193991796876263476e-03	1.497568367887424636e-03
7.500000000000000000e+01	1.853110825343742883e-04	1.802641602778837053e-03
7.600000000000000000e+01	-7.491230931482568793e-04	1.555213212116319686e-03
7.700000000000000000e+01	-1.352398259855590052e-03	9.076669371275499377e-04
7.800000000000000000e+01	-1.514603362560925075e-03	1.149385180172312861e-04
7.900000000000000000e+01	-1.266061500224761318e-03	-5.846626163498453007e-04
8.000000000000000000e+01	-7.266136567115922011e-04	-1.003621574158259245e-03
8.100000000000000000e+01	-1.072151376511165752e-04	-1.075631685455350536e-03
8.200000000000000000e+01	4.141671042142207023e-04	-8.386440155987148542e-04
8.300000000000000000e+01	7.077961670871123863e-04	-3.978960424180321537e-04
8.400000000000000000e+01	7.120210963264556742e-04	8.917836140891842304e-05
8.500000000000000000e+01	4.927474274193065218e-04	4.757352319111061750e-04
8.600000000000000000e+01	1.300382417948095883e-04	6.656894814204895351e-04
8.700000000000000000e+01	-2.423390457694212104e-04	6.358821019011020800e-04
8.800000000000000000e+01	-5.129882004417451536e-04	4.325074205661065692e-04
8.900000000000000000e+01	-6.348035785653902315e-04	1.495576072415135608e-04
9.000000000000000000e+01	-6.031546241958632426e-04	-1.336831587115452631e-04
9.100000000000000000e+01	-4.391754567387695630e-04	-3.433978055903752296e-04
9.200000000000000000e+01	-2.019365891806973120e-04	-4.199932549069675114e-04
9.300000000000000000e+01	2.050322124719520652e-05	-3.634437157273073056e-04
9.400000000000000000e+01	1.675360904236132076e-04	-2.146641498156884635e-04
9.500000000000000000e+01	2.097788219243539997e-04	-2.852511561361929337e-05
9.600000000000000000e+01	1.551143330458918692e-04	1.384610095566395115e-04
9.700000000000000000e+01	2.897212285473352723e-05	2.377186388766076939e-04
9.800000000000000000e+01	-1.161541389013893727e-04	2.586272604785912676e-04
9.900000000000000000e+01	-2.405828747128924041e-04	2.057680033832305438e-04
1.000000000000000000e+02	-3.135744162980974516e-04	1.037717910782200268e-04
1.010000000000000000e+02	-3.209726581072770506e-04	-1.202294203595375129e-05
1.020000000000000000e+02	-2.708059819796017928e-04	-1.071711823105576765e-04
1.030000000000000000e+02	-1.850713275230112659e-04	-1.578134595125710077e-04
1.040000000000000000e+02	-9.452503027157311080e-05	-1.562884913835651092e-04
1.050000000000000000e+02	-2.474360853198035029e-05	-1.110343101409726988e-04
1.060000000000000000e+02	8.910970873634085909e-06	-4.276520305269895778e-05
1.070000000000000000e+02	1.433663449556076076e-06	2.946184161365167221e-05
