# # Time 	 h_plus 	 h_cross 
# 
-4.090000000000000000e+02	-8.080435378176659134e-02	-1.408404463747300883e-01
-4.080000000000000000e+02	-7.043089664952890960e-02	-1.463974615237855215e-01
-4.070000000000000000e+02	-5.966734150212803928e-02	-1.511949283754321638e-01
-4.060000000000000000e+02	-4.856899334447014466e-02	-1.552048566566378573e-01
-4.050000000000000000e+02	-3.719320951889567434e-02	-1.584032593132612132e-01
-4.040000000000000000e+02	-2.559911190371198797e-02	-1.607703060122822047e-01
-4.030000000000000000e+02	-1.384728743752194381e-02	-1.622904561246439614e-01
-4.020000000000000000e+02	-1.999478417167347821e-03	-1.629525702896319761e-01
-4.010000000000000000e+02	9.881735913194408111e-03	-1.627499997625403150e-01
-4.000000000000000000e+02	2.173372386440746568e-02	-1.616805911586924882e-01
-3.990000000000000000e+02	3.349303268487696661e-02	-1.597467872995917693e-01
-3.980000000000000000e+02	4.509612594905164362e-02	-1.569557682198163273e-01
-3.970000000000000000e+02	5.648035501002984099e-02	-1.533193102622936732e-01
-3.960000000000000000e+02	6.758387506190435823e-02	-1.488537109012388338e-01
-3.950000000000000000e+02	7.834606497409439541e-02	-1.435799429550792539e-01
-3.940000000000000000e+02	8.870779148098233147e-02	-1.375233665612124456e-01
-3.930000000000000000e+02	9.861175405012939654e-02	-1.307136872803148497e-01
-3.920000000000000000e+02	1.080028073496366592e-01	-1.231848305285637019e-01
-3.910000000000000000e+02	1.168282736637568098e-01	-1.149747887788520051e-01
-3.900000000000000000e+02	1.250382447558752719e-01	-1.061254455387296847e-01
-3.890000000000000000e+02	1.325861009522970313e-01	-9.668206207853717593e-02
-3.880000000000000000e+02	1.394280654920931617e-01	-8.669394533142957271e-02
-3.870000000000000000e+02	1.455241645932759675e-01	-7.621346329146624909e-02
-3.860000000000000000e+02	1.508383151172451031e-01	-6.529590565297652138e-02
-3.850000000000000000e+02	1.553385051591007482e-01	-5.399925525432413415e-02
-3.840000000000000000e+02	1.589969985051657153e-01	-4.238389028502115297e-02
-3.830000000000000000e+02	1.617905174655875633e-01	-3.051227074118138816e-02
-3.820000000000000000e+02	1.637004028541868272e-01	-1.844861068668490756e-02
-3.810000000000000000e+02	1.647127499988442212e-01	-6.258537973586554906e-03
-3.800000000000000000e+02	1.648185198963500186e-01	5.991253751943271741e-03
-3.790000000000000000e+02	1.640136246521062824e-01	1.823337334846275928e-02
-3.780000000000000000e+02	1.622989853588313325e-01	3.040009301169590769e-02
-3.770000000000000000e+02	1.596805638561148988e-01	4.242372094716814063e-02
-3.760000000000000000e+02	1.561693665567214229e-01	5.423697747419481408e-02
-3.750000000000000000e+02	1.517814202932697143e-01	6.577337146784414945e-02
-3.740000000000000000e+02	1.465377200531193802e-01	7.696757579146930317e-02
-3.730000000000000000e+02	1.404641485958631475e-01	8.775579962094202935e-02
-3.720000000000000000e+02	1.335913681042375234e-01	9.807615555382337424e-02
-3.710000000000000000e+02	1.259546841769683956e-01	1.078690194002790703e-01
-3.700000000000000000e+02	1.175938826302534018e-01	1.170773805678461676e-01
-3.690000000000000000e+02	1.085530397322765073e-01	1.256471809794217354e-01
-3.680000000000000000e+02	9.888030665133920594e-02	1.335276405031108893e-01
-3.670000000000000000e+02	8.862685133355002742e-02	1.406702690235206166e-01
-3.660000000000000000e+02	7.784899317858279266e-02	1.470324571330040853e-01
-3.650000000000000000e+02	6.660568038236197586e-02	1.525749835757445605e-01
-3.640000000000000000e+02	5.495884529270384650e-02	1.572630274551809482e-01
-3.630000000000000000e+02	4.297308854443897264e-02	1.610664189762186782e-01
-3.620000000000000000e+02	3.071564651611235347e-02	1.639597898897822703e-01
-3.610000000000000000e+02	1.825554536495231292e-02	1.659229317875187126e-01
-3.600000000000000000e+02	5.662684985844817533e-03	1.669409033452496360e-01
-3.590000000000000000e+02	-6.991329789816905574e-03	1.670039450400095660e-01
-3.580000000000000000e+02	-1.963410576211317704e-02	1.661077159100524947e-01
-3.570000000000000000e+02	-3.219287081707794540e-02	1.642533626141249314e-01
-3.560000000000000000e+02	-4.459488976093688856e-02	1.614475576194508155e-01
-3.550000000000000000e+02	-5.676788421482882596e-02	1.577025059137745489e-01
-3.540000000000000000e+02	-6.864045419345915500e-02	1.530359198099662810e-01
-3.530000000000000000e+02	-8.014249894595462664e-02	1.474709615904152282e-01
-3.520000000000000000e+02	-9.120563460589702076e-02	1.410361539216055393e-01
-3.510000000000000000e+02	-1.017631616312901499e-01	1.337655963506702850e-01
-3.500000000000000000e+02	-1.117517592558132655e-01	1.256979495558797899e-01
-3.490000000000000000e+02	-1.211108082298808508e-01	1.168768211748695274e-01
-3.480000000000000000e+02	-1.297828394293313592e-01	1.073505886071998705e-01
-3.470000000000000000e+02	-1.377140416068090845e-01	9.717206242482241685e-02
-3.460000000000000000e+02	-1.448546071033753602e-01	8.639821484355519887e-02
-3.450000000000000000e+02	-1.511590578530884188e-01	7.508988097517314830e-02
-3.440000000000000000e+02	-1.565865495212530323e-01	6.331143424907650918e-02
-3.430000000000000000e+02	-1.611011517112158620e-01	5.113043756411932150e-02
-3.420000000000000000e+02	-1.646721022818438129e-01	3.861727189799285531e-02
-3.410000000000000000e+02	-1.672739672467114525e-01	2.584517590793905875e-02
-3.400000000000000000e+02	-1.688870995205003223e-01	1.288861893739029311e-02
-3.390000000000000000e+02	-1.694974990967793860e-01	-1.760552111006020266e-04
-3.380000000000000000e+02	-1.690970421614101105e-01	-1.327131418254422560e-02
-3.370000000000000000e+02	-1.676835911408879332e-01	-2.631893139850180474e-02
-3.360000000000000000e+02	-1.652610602961014641e-01	-3.924044710224203203e-02
-3.350000000000000000e+02	-1.618394459552469355e-01	-5.195763594409668479e-02
-3.340000000000000000e+02	-1.574348207233136621e-01	-6.439297841278358858e-02
-3.330000000000000000e+02	-1.520687132589323143e-01	-7.646984272195746224e-02
-3.320000000000000000e+02	-1.457696181435430560e-01	-8.811362240779493926e-02
-3.310000000000000000e+02	-1.385715777697814066e-01	-9.925177596247775069e-02
-3.300000000000000000e+02	-1.305142596617833162e-01	-1.098143358915246726e-01
-3.290000000000000000e+02	-1.216428171162497740e-01	-1.197343767772395956e-01
-3.280000000000000000e+02	-1.120076616779007023e-01	-1.289484479407656536e-01
-3.270000000000000000e+02	-1.016642013557818580e-01	-1.373969895938397245e-01
-3.260000000000000000e+02	-9.067254573160428432e-02	-1.450247297637599075e-01
-3.250000000000000000e+02	-7.909717932703141940e-02	-1.517810593503632066e-01
-3.240000000000000000e+02	-6.700653476457740787e-02	-1.576204125430925862e-01
-3.230000000000000000e+02	-5.447269743803093145e-02	-1.625025290046322457e-01
-3.220000000000000000e+02	-4.157118542388389681e-02	-1.663927122747533016e-01
-3.210000000000000000e+02	-2.838015803136070478e-02	-1.692622401762598761e-01
-3.200000000000000000e+02	-1.498010113231840711e-02	-1.710885197750558473e-01
-3.190000000000000000e+02	-1.453349334376444766e-03	-1.718552819640210838e-01
-3.180000000000000000e+02	1.211640853101196048e-02	-1.715527390844838462e-01
-3.170000000000000000e+02	2.564463777624441040e-02	-1.701777041305420068e-01
-3.160000000000000000e+02	3.904676487956326714e-02	-1.677336033084133315e-01
-3.150000000000000000e+02	5.223782969081496724e-02	-1.642306704812049600e-01
-3.140000000000000000e+02	6.513385080355289791e-02	-1.596858551956770456e-01
-3.130000000000000000e+02	7.765213717576086028e-02	-1.541227852249907049e-01
-3.120000000000000000e+02	8.971180118399298131e-02	-1.475716817969974781e-01
-3.110000000000000000e+02	1.012342863583248070e-01	-1.400692292089338320e-01
-3.100000000000000000e+02	1.121438863505949957e-01	-1.316584021024207740e-01
-3.090000000000000000e+02	1.223682517375623141e-01	-1.223882509226330850e-01
-3.080000000000000000e+02	1.318390081552288651e-01	-1.123134974312870599e-01
-3.070000000000000000e+02	1.404918796197663355e-01	-1.014945889393624456e-01
-3.060000000000000000e+02	1.482673700769821801e-01	-8.999720855821614907e-02
-3.050000000000000000e+02	1.551112584229568658e-01	-7.789179057845606324e-02
-3.040000000000000000e+02	1.609749237379229925e-01	-6.525318490571913044e-02
-3.030000000000000000e+02	1.658163032733365738e-01	-5.216040255108676804e-02
-3.020000000000000000e+02	1.695988088458000032e-01	-3.869556538611586965e-02
-3.010000000000000000e+02	1.722922664481187915e-01	-2.494386089966275574e-02
-3.000000000000000000e+02	1.738737100651860379e-01	-1.099311261991508908e-02
-2.990000000000000000e+02	1.743272370965423812e-01	3.066925702076342668e-03
-2.980000000000000000e+02	1.736441758158997484e-01	1.714513425550730219e-02
-2.970000000000000000e+02	1.718232212444124329e-01	3.114953656665310835e-02
-2.960000000000000000e+02	1.688705152581383429e-01	4.498799215110044908e-02
-2.950000000000000000e+02	1.647996767974613253e-01	5.856876419609464979e-02
-2.940000000000000000e+02	1.596317854616711440e-01	7.180112741727449899e-02
-2.930000000000000000e+02	1.533953156442511845e-01	8.459597661943946134e-02
-2.920000000000000000e+02	1.461260209284228617e-01	9.686643193953314857e-02
-2.910000000000000000e+02	1.378667687884128912e-01	1.085284367048209853e-01
-2.900000000000000000e+02	1.286675799598687442e-01	1.195015797122208623e-01
-2.890000000000000000e+02	1.185852088019055395e-01	1.297097045710423613e-01
-2.880000000000000000e+02	1.076822317817877073e-01	1.390795054829758459e-01
-2.870000000000000000e+02	9.602700226412144713e-02	1.475442869241327393e-01
-2.860000000000000000e+02	8.369352311667443978e-02	1.550426813749297417e-01
-2.850000000000000000e+02	7.076113117414074838e-02	1.615191488877363024e-01
-2.840000000000000000e+02	5.731381550356164783e-02	1.669245971026355468e-01
-2.830000000000000000e+02	4.343969935749650985e-02	1.712167794517419073e-01
-2.820000000000000000e+02	2.923048739726021722e-02	1.743606523165036892e-01
-2.810000000000000000e+02	1.478088137970666981e-02	1.763286880644391597e-01
-2.800000000000000000e+02	1.879677756734000882e-04	1.771011411340239483e-01
-2.790000000000000000e+02	-1.444941895499134328e-02	1.766662646033493600e-01
-2.780000000000000000e+02	-2.903135346986751922e-02	1.750204749684353411e-01
-2.770000000000000000e+02	-4.345751216225950120e-02	1.721685396615377783e-01
-2.760000000000000000e+02	-5.762786826889410019e-02	1.681235609332768499e-01
-2.750000000000000000e+02	-7.144327442215242518e-02	1.629067096192561570e-01
-2.740000000000000000e+02	-8.480626309935053453e-02	1.565475952485138877e-01
-2.730000000000000000e+02	-9.762171214549725251e-02	1.490839830021843948e-01
-2.720000000000000000e+02	-1.097960147109787038e-01	1.405628037811017250e-01
-2.710000000000000000e+02	-1.212423795885706340e-01	1.310367345187047061e-01
-2.700000000000000000e+02	-1.318770628413976354e-01	1.205664993946029273e-01
-2.690000000000000000e+02	-1.416210829304237750e-01	1.092200635129095126e-01
-2.680000000000000000e+02	-1.504010445948030517e-01	9.707209396071368734e-02
-2.670000000000000000e+02	-1.581497152226946090e-01	8.420351051645781626e-02
-2.660000000000000000e+02	-1.648065660720777759e-01	7.070098622333575999e-02
-2.650000000000000000e+02	-1.703182739442758720e-01	5.665640047498524123e-02
-2.640000000000000000e+02	-1.746391791014826611e-01	4.216624764733019337e-02
-2.630000000000000000e+02	-1.777316954414187855e-01	2.733100468638096150e-02
-2.620000000000000000e+02	-1.795666691983105745e-01	1.225446142104747588e-02
-2.610000000000000000e+02	-1.801236827273886287e-01	-2.956982287375908586e-03
-2.600000000000000000e+02	-1.793913002499235021e-01	-1.819504812665809212e-02
-2.590000000000000000e+02	-1.773672527854691094e-01	-3.335033491663748351e-02
-2.580000000000000000e+02	-1.740586971560724450e-01	-4.831259860920055632e-02
-2.570000000000000000e+02	-1.694820162368770866e-01	-6.297285594817941812e-02
-2.560000000000000000e+02	-1.636628372248054575e-01	-7.722331444111886489e-02
-2.550000000000000000e+02	-1.566360803560123138e-01	-9.095796767257688376e-02
-2.540000000000000000e+02	-1.484457677298743061e-01	-1.040736331986827218e-01
-2.530000000000000000e+02	-1.391448095564643550e-01	-1.164707382021986232e-01
-2.520000000000000000e+02	-1.287947223582675549e-01	-1.280540905271586316e-01
-2.510000000000000000e+02	-1.174659001215993120e-01	-1.387343616642305044e-01
-2.500000000000000000e+02	-1.052355803614409835e-01	-1.484272386267356525e-01
-2.490000000000000000e+02	-9.218859780493778022e-02	-1.570551474856932417e-01
-2.480000000000000000e+02	-7.841662607083356440e-02	-1.645477616870792414e-01
-2.470000000000000000e+02	-6.401752363277610214e-02	-1.708425505574579506e-01
-2.460000000000000000e+02	-4.909404389266601443e-02	-1.758855110012920719e-01
-2.450000000000000000e+02	-3.375494216584501439e-02	-1.796310372401066502e-01
-2.440000000000000000e+02	-1.811263540420869969e-02	-1.820430578945796685e-01
-2.430000000000000000e+02	-2.282750199967173085e-03	-1.830952134965071754e-01
-2.420000000000000000e+02	1.361662955595681519e-02	-1.827711401437898120e-01
-2.410000000000000000e+02	2.946582299038830524e-02	-1.810647116357322062e-01
-2.400000000000000000e+02	4.514443728356166974e-02	-1.779802080546300791e-01
-2.390000000000000000e+02	6.053227119850033977e-02	-1.735324082274867785e-01
-2.380000000000000000e+02	7.551023061193720687e-02	-1.677466040207348796e-01
-2.370000000000000000e+02	8.996124932952380415e-02	-1.606585349675296315e-01
-2.360000000000000000e+02	1.037712082887442128e-01	-1.523142422980242883e-01
-2.350000000000000000e+02	1.168298461208997635e-01	-1.427698420345988040e-01
-2.340000000000000000e+02	1.290316539617041014e-01	-1.320912174222580171e-01
-2.330000000000000000e+02	1.402770596004498938e-01	-1.203532676679316127e-01
-2.320000000000000000e+02	1.504725089528019810e-01	-1.076401426030730163e-01
-2.310000000000000000e+02	1.595315143709015726e-01	-9.404475058128378140e-02
-2.300000000000000000e+02	1.673759496396821367e-01	-7.966745465983297858e-02
-2.290000000000000000e+02	1.739364451114709942e-01	-6.461569408235588730e-02
-2.280000000000000000e+02	1.791530416149563210e-01	-4.900323064918414573e-02
-2.270000000000000000e+02	1.829757805943461046e-01	-3.294933368665441120e-02
-2.260000000000000000e+02	1.853652246499052636e-01	-1.657790889083016542e-02
-2.250000000000000000e+02	1.862929030737601743e-01	-1.657687769152999796e-05
-2.240000000000000000e+02	1.857416774508154345e-01	1.660429220447305620e-02
-2.230000000000000000e+02	1.837060229212445495e-01	3.315258115753619284e-02
-2.220000000000000000e+02	1.801922212758081121e-01	4.949545802400116129e-02
-2.210000000000000000e+02	1.752184638604820932e-01	6.550042732886057761e-02
-2.200000000000000000e+02	1.688155380092329905e-01	8.103641405702563527e-02
-2.190000000000000000e+02	1.610250561315687556e-01	9.597518619190782696e-02
-2.180000000000000000e+02	1.519002919779958438e-01	1.101916535919472417e-01
-2.170000000000000000e+02	1.415060341052358228e-01	1.235653520112120068e-01
-2.160000000000000000e+02	1.299180692363325618e-01	1.359814307340495021e-01
-2.150000000000000000e+02	1.172227156766829509e-01	1.473316671595424066e-01
-2.140000000000000000e+02	1.035162623465313847e-01	1.575154447630408572e-01
-2.130000000000000000e+02	8.890431605124719805e-02	1.664406856081201702e-01
-2.120000000000000000e+02	7.350106043686621682e-02	1.740247287381322672e-01
-2.110000000000000000e+02	5.742914081023455658e-02	1.801949197582088935e-01
-2.100000000000000000e+02	4.081755476329143595e-02	1.848899697228792161e-01
-2.090000000000000000e+02	2.380003395652540918e-02	1.880604431383018915e-01
-2.080000000000000000e+02	6.515932987595104975e-03	1.896687565539662279e-01
-2.070000000000000000e+02	-1.089166781934400655e-02	1.896900048864466615e-01
-2.060000000000000000e+02	-2.827710852692804852e-02	1.881123517984303051e-01
-2.050000000000000000e+02	-4.549333810534975098e-02	1.849373174486595994e-01
-2.040000000000000000e+02	-6.239313630216349743e-02	1.801799589248621880e-01
-2.030000000000000000e+02	-7.883035928330689446e-02	1.738689394537116517e-01
-2.020000000000000000e+02	-9.466119901267346093e-02	1.660464833210924529e-01
-2.010000000000000000e+02	-1.097454459548142386e-01	1.567682143270777706e-01
-2.000000000000000000e+02	-1.239477443791733996e-01	1.461028765376054805e-01
-1.990000000000000000e+02	-1.371384166158981233e-01	1.341323590279310252e-01
-1.980000000000000000e+02	-1.491947715407922759e-01	1.209514925762657928e-01
-1.970000000000000000e+02	-1.600048744687852520e-01	1.066641596710543732e-01
-1.960000000000000000e+02	-1.694648671103579918e-01	9.138630010764309253e-02
-1.950000000000000000e+02	-1.774814835366114174e-01	7.524382215888150705e-02
-1.940000000000000000e+02	-1.839726038446458101e-01	5.837152238867396314e-02
-1.930000000000000000e+02	-1.888690106670469493e-01	4.091244182968718085e-02
-1.920000000000000000e+02	-1.921152197212004920e-01	2.301650655706885887e-02
-1.910000000000000000e+02	-1.936692963533875322e-01	4.839075773065693899e-03
-1.900000000000000000e+02	-1.935038584127783678e-01	-1.346017165341913645e-02
-1.890000000000000000e+02	-1.916065463073448605e-01	-3.171859013110305686e-02
-1.880000000000000000e+02	-1.879803687214409713e-01	-4.977197319319581065e-02
-1.870000000000000000e+02	-1.826439179560395420e-01	-6.745600102171629697e-02
-1.860000000000000000e+02	-1.756315328095917061e-01	-8.460754550097121518e-02
-1.850000000000000000e+02	-1.669935047037320042e-01	-1.010659015373665259e-01
-1.840000000000000000e+02	-1.567938991265087623e-01	-1.166756845070555659e-01
-1.830000000000000000e+02	-1.451136468903015120e-01	-1.312872678436377838e-01
-1.820000000000000000e+02	-1.320479488234333754e-01	-1.447583782111445394e-01
-1.810000000000000000e+02	-1.177055837266887534e-01	-1.569552929133041230e-01
-1.800000000000000000e+02	-1.022084521015111241e-01	-1.677544029744527931e-01
-1.790000000000000000e+02	-8.569066514669772261e-02	-1.770435182910105043e-01
-1.780000000000000000e+02	-6.829750275213203325e-02	-1.847230942371900775e-01
-1.770000000000000000e+02	-5.018424682102815698e-02	-1.907073665317092492e-01
-1.760000000000000000e+02	-3.151489757633326588e-02	-1.949253816250717808e-01
-1.750000000000000000e+02	-1.246078180625709818e-02	-1.973219104513258548e-01
-1.740000000000000000e+02	6.800860045697969432e-03	-1.978582367395808894e-01
-1.730000000000000000e+02	2.608867241367650996e-02	-1.965123933548562629e-01
-1.720000000000000000e+02	4.521857157977875880e-02	-1.932806978446146018e-01
-1.710000000000000000e+02	6.400561214239322561e-02	-1.881774917285855830e-01
-1.700000000000000000e+02	8.226571024200472759e-02	-1.812350864116927807e-01
-1.690000000000000000e+02	9.981743821180191767e-02	-1.725039798166233818e-01
-1.680000000000000000e+02	1.164838249678585708e-01	-1.620526854037078190e-01
-1.670000000000000000e+02	1.320941524664876188e-01	-1.499673832635937953e-01
-1.660000000000000000e+02	1.464857307664781672e-01	-1.363513919943547259e-01
-1.650000000000000000e+02	1.595056339029315151e-01	-1.213244617639323147e-01
-1.640000000000000000e+02	1.710123786066285734e-01	-1.050218907054421141e-01
-1.630000000000000000e+02	1.808775278990989444e-01	-8.759346858059000041e-02
-1.620000000000000000e+02	1.889881895916272758e-01	-6.920261517827761000e-02
-1.610000000000000000e+02	1.952457289726992895e-01	-5.002376586476107306e-02
-1.600000000000000000e+02	1.995691826892372067e-01	-3.024210861901191136e-02
-1.590000000000000000e+02	2.018961311802453251e-01	-1.005162046159302665e-02
-1.580000000000000000e+02	2.021834854951364835e-01	1.034681274281118273e-02
-1.570000000000000000e+02	2.004082911327393079e-01	3.074730353168557764e-02
-1.560000000000000000e+02	1.965683479508962828e-01	5.094096276910692334e-02
-1.550000000000000000e+02	1.906826263156438384e-01	7.071800462214843097e-02
-1.540000000000000000e+02	1.827914789377741156e-01	8.986987493478618139e-02
-1.530000000000000000e+02	1.729566394372226423e-01	1.081914299512515831e-01
-1.520000000000000000e+02	1.612610494124417926e-01	1.254830709319716409e-01
-1.510000000000000000e+02	1.478082993929676903e-01	1.415531145007561942e-01
-1.500000000000000000e+02	1.327219010119217169e-01	1.562199221629445856e-01
-1.490000000000000000e+02	1.161445159393330456e-01	1.693138458462155327e-01
-1.480000000000000000e+02	9.823716030011593603e-02	1.806799511887900445e-01
-1.470000000000000000e+02	7.917669846976066461e-02	1.901784336871605030e-01
-1.460000000000000000e+02	5.915518570081698679e-02	1.976872697929478728e-01
-1.450000000000000000e+02	3.837846670030099078e-02	2.031041320068543432e-01
-1.440000000000000000e+02	1.706348064929009978e-02	2.063478200401626383e-01
-1.430000000000000000e+02	-4.563555255231508193e-03	2.073594179441252683e-01
-1.420000000000000000e+02	-2.626933398617430429e-02	2.061034103273401141e-01
-1.410000000000000000e+02	-4.781591087300905707e-02	2.025685895284531357e-01
-1.400000000000000000e+02	-6.896321987533766962e-02	1.967687050612201838e-01
-1.390000000000000000e+02	-8.947163963195779723e-02	1.887428759249216437e-01
-1.380000000000000000e+02	-1.091048240987738949e-01	1.785556466888151006e-01
-1.370000000000000000e+02	-1.276323026122782867e-01	1.662968363961764839e-01
-1.360000000000000000e+02	-1.448321649790544619e-01	1.520811139513155441e-01
-1.350000000000000000e+02	-1.604939145022592772e-01	1.360470962931069616e-01
-1.340000000000000000e+02	-1.744208828195881189e-01	1.183564634793494857e-01
-1.330000000000000000e+02	-1.864327954981998825e-01	9.919273658959715245e-02
-1.320000000000000000e+02	-1.963682625939238424e-01	7.875953813558536631e-02
-1.310000000000000000e+02	-2.040870882807856723e-01	5.727877102032059159e-02
-1.300000000000000000e+02	-2.094724166648790631e-01	3.498847881116975284e-02
-1.290000000000000000e+02	-2.124325833487311355e-01	1.214063373677237538e-02
-1.280000000000000000e+02	-2.129025932591704362e-01	-1.100212542491711513e-02
-1.270000000000000000e+02	-2.108465948371322507e-01	-3.416903595016215767e-02
-1.260000000000000000e+02	-2.062576497224707095e-01	-5.708393409334679841e-02
-1.250000000000000000e+02	-1.991589466446629098e-01	-7.946872213921078731e-02
-1.240000000000000000e+02	-1.896043418917013890e-01	-1.010465116228418669e-01
-1.230000000000000000e+02	-1.776782716084182034e-01	-1.215449301172408098e-01
-1.220000000000000000e+02	-1.634956629880797707e-01	-1.406995442769457538e-01
-1.210000000000000000e+02	-1.472013285551583284e-01	-1.582573167365763644e-01
-1.200000000000000000e+02	-1.289689257805105016e-01	-1.739800038721562581e-01
-1.190000000000000000e+02	-1.089993471577536122e-01	-1.876473717636423788e-01
-1.180000000000000000e+02	-8.751944187141862119e-02	-1.990608470068697955e-01
-1.170000000000000000e+02	-6.477955062834499234e-02	-2.080460740362765626e-01
-1.160000000000000000e+02	-4.105057543291005390e-02	-2.144559496402974053e-01
-1.150000000000000000e+02	-1.662153880325353481e-02	-2.181728736923518042e-01
-1.140000000000000000e+02	8.203582307071757840e-03	-2.191120547053199696e-01
-1.130000000000000000e+02	3.310962608659107076e-02	-2.172223701997362255e-01
-1.120000000000000000e+02	5.777373631328131670e-02	-2.124886251806875626e-01
-1.110000000000000000e+02	8.186951171519742110e-02	-2.049321762914248779e-01
-1.100000000000000000e+02	1.050712459089991474e-01	-1.946113146179267173e-01
-1.090000000000000000e+02	1.270580098440857453e-01	-1.816224540935525711e-01
-1.080000000000000000e+02	1.475180796263682870e-01	-1.660996197595848711e-01
-1.070000000000000000e+02	1.661532817611174329e-01	-1.482137350930174124e-01
-1.060000000000000000e+02	1.826828647074174861e-01	-1.281710759121123810e-01
-1.050000000000000000e+02	1.968500921216709831e-01	-1.062129509059733801e-01
-1.040000000000000000e+02	2.084242018034784816e-01	-8.261145692190276224e-02
-1.030000000000000000e+02	2.172048170924995025e-01	-5.766770870070751093e-02
-1.020000000000000000e+02	2.230259036266865891e-01	-3.170835975848906862e-02
-1.010000000000000000e+02	2.257599355077674619e-01	-5.082152310027888281e-03
-1.000000000000000000e+02	2.253175151552719302e-01	2.184545749322119521e-02
-9.900000000000000000e+01	2.216532357581339485e-01	4.869643280413372965e-02
-9.800000000000000000e+01	2.147665188158961458e-01	7.508418084223721090e-02
-9.700000000000000000e+01	2.047029833324540138e-01	1.006182981246398767e-01
-9.600000000000000000e+01	1.915556830514731357e-01	1.249141253556130260e-01
-9.500000000000000000e+01	1.754660814050706952e-01	1.475929247598757876e-01
-9.400000000000000000e+01	1.566232575178755082e-01	1.682911201833472703e-01
-9.300000000000000000e+01	1.352606284613699084e-01	1.866643025703567382e-01
-9.200000000000000000e+01	1.116554813399322221e-01	2.023952326207010821e-01
-9.100000000000000000e+01	8.612571513267637535e-02	2.151987069086316040e-01
-9.000000000000000000e+01	5.902664681283919385e-02	2.248261896842061180e-01
-8.900000000000000000e+01	3.074722348807899103e-02	2.310713860778409734e-01
-8.800000000000000000e+01	1.705616305713824991e-03	2.337749050384954064e-01
-8.700000000000000000e+01	-2.765562328873340595e-02	2.328286744774965555e-01
-8.600000000000000000e+01	-5.687652676664033818e-02	2.281788168353892921e-01
-8.500000000000000000e+01	-8.548787350040423783e-02	2.198279399667615319e-01
-8.400000000000000000e+01	-1.130148280773599911e-01	2.078396853501322805e-01
-8.300000000000000000e+01	-1.389955996506485325e-01	1.923422498942334025e-01
-8.200000000000000000e+01	-1.629713832233640192e-01	1.735176796046735415e-01
-8.100000000000000000e+01	-1.845057268328084144e-01	1.516093026705130631e-01
-8.000000000000000000e+01	-2.031903983749360765e-01	1.269188728405208078e-01
-7.900000000000000000e+01	-2.186489836343721016e-01	9.980355627704338983e-02
-7.800000000000000000e+01	-2.305478737502932030e-01	7.067489390850785480e-02
-7.700000000000000000e+01	-2.386035207027859817e-01	3.999244499532118163e-02
-7.600000000000000000e+01	-2.425937972819952604e-01	8.259097644341307706e-03
-7.500000000000000000e+01	-2.423610846478832237e-01	-2.399029446643300215e-02
-7.400000000000000000e+01	-2.378188839537099808e-01	-5.619484321228938872e-02
-7.300000000000000000e+01	-2.289567959265899066e-01	-8.777828177113837504e-02
-7.200000000000000000e+01	-2.158364185900059629e-01	-1.181557424079249519e-01
-7.100000000000000000e+01	-1.986017564935056434e-01	-1.467439725173372289e-01
-7.000000000000000000e+01	-1.774695079518587848e-01	-1.729748111207548567e-01
-6.900000000000000000e+01	-1.527375344392393197e-01	-1.962998869806033553e-01
-6.800000000000000000e+01	-1.247823854526563386e-01	-2.162055909427792189e-01
-6.700000000000000000e+01	-9.406278458212793958e-02	-2.322266197738653282e-01
-6.600000000000000000e+01	-6.110798069759287160e-02	-2.439538823863452721e-01
-6.500000000000000000e+01	-2.650857154530330412e-02	-2.510489212480460641e-01
-6.400000000000000000e+01	9.089030293479511205e-03	-2.532526255367561485e-01
-6.300000000000000000e+01	4.499706691029720096e-02	-2.503945413499366612e-01
-6.200000000000000000e+01	8.049724837969456093e-02	-2.423991902363872297e-01
-6.100000000000000000e+01	1.148509462853488233e-01	-2.292908765743127408e-01
-6.000000000000000000e+01	1.473108431636901139e-01	-2.112012888826315105e-01
-5.900000000000000000e+01	1.771377399379240603e-01	-1.883725685995609744e-01
-5.800000000000000000e+01	2.036178502959171688e-01	-1.611592745489306699e-01
-5.700000000000000000e+01	2.260812525365353820e-01	-1.300236139661002932e-01
-5.600000000000000000e+01	2.439162837524757044e-01	-9.553352136916987147e-02
-5.500000000000000000e+01	2.565865669315802733e-01	-5.835717728121816300e-02
-5.400000000000000000e+01	2.636481341003270029e-01	-1.925297551757198730e-02
-5.300000000000000000e+01	2.647643261812496207e-01	2.094459770034392057e-02
-5.200000000000000000e+01	2.597200582505895805e-01	6.133474135718589015e-02
-5.100000000000000000e+01	2.484354191450229010e-01	1.009683992803215163e-01
-5.000000000000000000e+01	2.309743688705441222e-01	1.388721038439354183e-01
-4.900000000000000000e+01	2.075535818012036737e-01	1.740638361805108003e-01
-4.800000000000000000e+01	1.785485327585799864e-01	2.055775671210360311e-01
-4.700000000000000000e+01	1.444935719989660916e-01	2.324911032604118355e-01
-4.600000000000000000e+01	1.060777373727679607e-01	2.539522150726691296e-01
-4.500000000000000000e+01	6.414650608893880668e-02	2.692008459796605968e-01
-4.400000000000000000e+01	1.967480317915577467e-02	2.776029799519208474e-01
-4.300000000000000000e+01	-2.623626238003519059e-02	2.786698627443635057e-01
-4.200000000000000000e+01	-7.238213845318908213e-02	2.720845097432809667e-01
-4.100000000000000000e+01	-1.174790883054754043e-01	2.577248125922205757e-01
-4.000000000000000000e+01	-1.601899537897115144e-01	2.356859941515765666e-01
-3.900000000000000000e+01	-1.991824662652785238e-01	2.062836655048825574e-01
-3.800000000000000000e+01	-2.331388765181355849e-01	1.700736287596012197e-01
-3.700000000000000000e+01	-2.608037797765268562e-01	1.278597068290568683e-01
-3.600000000000000000e+01	-2.810383717104327217e-01	8.068034770380680398e-02
-3.500000000000000000e+01	-2.928611190821485688e-01	2.979111506146563809e-02
-3.400000000000000000e+01	-2.954904630726959414e-01	-2.333712909761325935e-02
-3.300000000000000000e+01	-2.883903203926261316e-01	-7.705282438937670342e-02
-3.200000000000000000e+01	-2.713156078582724673e-01	-1.295594086633702069e-01
-3.100000000000000000e+01	-2.443484230177430383e-01	-1.789659811435950210e-01
-3.000000000000000000e+01	-2.079291937211240615e-01	-2.233520692542407537e-01
-2.900000000000000000e+01	-1.628773627547288327e-01	-2.608241984626558096e-01
-2.800000000000000000e+01	-1.104036617480752963e-01	-2.895886870107560740e-01
-2.700000000000000000e+01	-5.211253663072938636e-02	-3.080336013125830052e-01
-2.600000000000000000e+01	1.002514133327130942e-02	-3.148174663879154678e-01
-2.500000000000000000e+01	7.369627404955700345e-02	-3.089546847402318552e-01
-2.400000000000000000e+01	1.363171600537232686e-01	-2.899013341059115678e-01
-2.300000000000000000e+01	1.950935733351819024e-01	-2.576337625470839776e-01
-2.200000000000000000e+01	2.471211453345536491e-01	-2.127274692739921369e-01
-2.100000000000000000e+01	2.895203076179744262e-01	-1.564032180863694776e-01
-2.000000000000000000e+01	3.195684893776498114e-01	-9.057189827734793419e-02
-1.900000000000000000e+01	3.348676868097589798e-01	-1.781778338445454482e-02
-1.800000000000000000e+01	3.335173978140028583e-01	5.860272632994951297e-02
-1.700000000000000000e+01	3.142988267485141707e-01	1.348663161832412971e-01
-1.600000000000000000e+01	2.768454568068955957e-01	2.066860481458641097e-01
-1.500000000000000000e+01	2.218417918939943612e-01	2.694838924304637229e-01
-1.400000000000000000e+01	1.511466142714239236e-01	3.186433316876094435e-01
-1.300000000000000000e+01	6.791391475781435871e-02	3.498409562821004903e-01
-1.200000000000000000e+01	-2.342724232933465420e-02	3.594036240030849538e-01
-1.100000000000000000e+01	-1.172511810418160882e-01	3.446134259380309595e-01
-1.000000000000000000e+01	-2.068695575855650504e-01	3.041956760889662492e-01
-9.000000000000000000e+00	-2.848892824407096569e-01	2.387458159813093117e-01
-8.000000000000000000e+00	-3.437190019671501062e-01	1.510986967046129559e-01
-7.000000000000000000e+00	-3.762185734693331285e-01	4.657555913798270414e-02
-6.000000000000000000e+00	-3.766158964911092699e-01	-6.693863384590550969e-02
-5.000000000000000000e+00	-3.414678135594476083e-01	-1.792794127271834237e-01
-4.000000000000000000e+00	-2.706401902652305069e-01	-2.786789670129470320e-01
-3.000000000000000000e+00	-1.681094142297359928e-01	-3.528209342574517016e-01
-2.000000000000000000e+00	-4.247934263946095967e-02	-3.903210823826258613e-01
-1.000000000000000000e+00	9.302406830263934556e-02	-3.825792016596309963e-01
0.000000000000000000e+00	2.213417644249066341e-01	-3.258796855591230002e-01
1.000000000000000000e+00	3.234297781609641320e-01	-2.233789402980899119e-01
2.000000000000000000e+00	3.812418925352469845e-01	-8.637114481849224312e-02
3.000000000000000000e+00	3.816124326940256162e-01	6.586504538153738209e-02
4.000000000000000000e+00	3.202238367867756841e-01	2.083223443982809286e-01
5.000000000000000000e+00	2.044192959091746808e-01	3.146136291005586227e-01
6.000000000000000000e+00	5.364073800454749463e-02	3.628475365569927558e-01
7.000000000000000000e+00	-1.033331612501727781e-01	3.415206807953041768e-01
8.000000000000000000e+00	-2.341692419465510600e-01	2.537689141632588630e-01
9.000000000000000000e+00	-3.107004280478499747e-01	1.182257143390360449e-01
1.000000000000000000e+01	-3.165499090503682278e-01	-3.436563678303981850e-02
1.100000000000000000e+01	-2.522947913374602447e-01	-1.685018799921118582e-01
1.200000000000000000e+01	-1.360680676209259365e-01	-2.533551216133975714e-01
1.300000000000000000e+01	1.097025609689977711e-03	-2.713105075340710992e-01
1.400000000000000000e+01	1.239155102052713203e-01	-2.227323250779695285e-01
1.500000000000000000e+01	2.028293558913664696e-01	-1.254410358199801734e-01
1.600000000000000000e+01	2.220022480842992474e-01	-8.794595235581806336e-03
1.700000000000000000e+01	1.828379215621072917e-01	9.522320811574683241e-02
1.800000000000000000e+01	1.021463268064962959e-01	1.610789074294795842e-01
1.900000000000000000e+01	6.038867291116761619e-03	1.761404735420239731e-01
2.000000000000000000e+01	-7.826179446017209052e-02	1.427861560060652013e-01
2.100000000000000000e+01	-1.299646023942353790e-01	7.612269615188882455e-02
2.200000000000000000e+01	-1.395720383078115634e-01	-1.656053426673578409e-03
2.300000000000000000e+01	-1.102358955832132698e-01	-6.811423742169538109e-02
2.400000000000000000e+01	-5.524840491275459509e-02	-1.068024771414408242e-01
2.500000000000000000e+01	6.791312838635497721e-03	-1.111003459784531550e-01
2.600000000000000000e+01	5.787383071063265799e-02	-8.472553687608312678e-02
2.700000000000000000e+01	8.548802175090292055e-02	-3.939582671590766139e-02
2.800000000000000000e+01	8.543156024194077658e-02	9.547855444602354122e-03
2.900000000000000000e+01	6.182928581138383284e-02	4.797926814532019885e-02
3.000000000000000000e+01	2.480965142621724406e-02	6.678887804948517581e-02
3.100000000000000000e+01	-1.325237484226206991e-02	6.369671844006692674e-02
3.200000000000000000e+01	-4.156312007298840899e-02	4.297299738164542249e-02
3.300000000000000000e+01	-5.371306136611420090e-02	1.312164114356253325e-02
3.400000000000000000e+01	-4.885347748406396878e-02	-1.606318920689371946e-02
3.500000000000000000e+01	-3.100496922681478945e-02	-3.652822654182961981e-02
3.600000000000000000e+01	-7.197530188661128113e-03	-4.392440929213112244e-02
3.700000000000000000e+01	1.497358614658388966e-02	-3.823004238415161904e-02
3.800000000000000000e+01	2.958292719146972741e-02	-2.311889626792996977e-02
3.900000000000000000e+01	3.371815107993977184e-02	-4.257981165959455472e-03
4.000000000000000000e+01	2.787075201327249979e-02	1.249217195806718445e-02
4.100000000000000000e+01	1.522965923025485814e-02	2.278955594939199164e-02
4.200000000000000000e+01	3.719629419523742147e-04	2.475118480867668364e-02
4.300000000000000000e+01	-1.219756209967060891e-02	1.913927810322776230e-02
4.400000000000000000e+01	-1.930029284117112595e-02	8.672176654244564964e-03
4.500000000000000000e+01	-1.980572228984767494e-02	-2.931362562773769283e-03
4.600000000000000000e+01	-1.461685748328154198e-02	-1.225051442302336861e-02
4.700000000000000000e+01	-6.054120498071476932e-03	-1.700793899486067323e-02
4.800000000000000000e+01	2.940873113403395713e-03	-1.662179073877063235e-02
4.900000000000000000e+01	9.782869057043272476e-03	-1.195317551819939823e-02
5.000000000000000000e+01	1.288810549644235116e-02	-4.998934726452748667e-03
5.100000000000000000e+01	1.196087166645651463e-02	1.939321549107121678e-03
5.200000000000000000e+01	7.907151656324346717e-03	6.931817104828448713e-03
5.300000000000000000e+01	2.310149338174205275e-03	8.881456177482332029e-03
5.400000000000000000e+01	-3.006848561526239902e-03	7.644652851773292568e-03
5.500000000000000000e+01	-6.571617280628734743e-03	4.142826663072453341e-03
5.600000000000000000e+01	-7.633971361548583419e-03	-3.139908716658036582e-04
5.700000000000000000e+01	-6.293039063650330070e-03	-4.290200617415508566e-03
5.800000000000000000e+01	-3.332954633185961947e-03	-6.739585913035198855e-03
5.900000000000000000e+01	1.535668760990050016e-04	-7.261498238531827014e-03
6.000000000000000000e+01	3.116290840109164819e-03	-5.933276923067266201e-03
6.100000000000000000e+01	4.828090641329971927e-03	-3.493923548321500525e-03
6.200000000000000000e+01	4.982373515553878245e-03	-7.482329836638809684e-04
6.300000000000000000e+01	3.805691012317106905e-03	1.473660172011602779e-03
6.400000000000000000e+01	1.822499003311926031e-03	2.642915688977549513e-03
6.500000000000000000e+01	-2.884564980498153424e-04	2.601436060792646898e-03
6.600000000000000000e+01	-1.917746677774247004e-03	1.554187023263663625e-03
6.700000000000000000e+01	-2.681009701279542939e-03	-4.689999928560982534e-05
6.800000000000000000e+01	-2.501046200975009463e-03	-1.662375725307568136e-03
6.900000000000000000e+01	-1.579173078948478302e-03	-2.842003895180157062e-03
7.000000000000000000e+01	-2.818340740907363797e-04	-3.301734299498005568e-03
7.100000000000000000e+01	9.565672674384870103e-04	-3.038314739381789160e-03
7.200000000000000000e+01	1.807419096944050656e-03	-2.240637412921707428e-03
7.300000000000000000e+01	2.085351163092104537e-03	-1.197573113628150245e-03
7.400000000000000000e+01	1.802556186108441455e-03	-2.448543077515365186e-04
7.500000000000000000e+01	1.123225585516236021e-03	3.651584121611280110e-04
7.600000000000000000e+01	3.070092867542205351e-04	5.209975498767099606e-04
7.700000000000000000e+01	-4.075792594222741173e-04	2.476527053147277988e-04
7.800000000000000000e+01	-8.335858531441687775e-04	-3.112292056398277009e-04
7.900000000000000000e+01	-8.837399719436806259e-04	-9.415583080965723431e-04
8.000000000000000000e+01	-6.195937520235187497e-04	-1.462120084103596396e-03
8.100000000000000000e+01	-1.579271553796128839e-04	-1.736104594550139622e-03
8.200000000000000000e+01	3.382548653466927575e-04	-1.723986952378741243e-03
8.300000000000000000e+01	7.241194405726916750e-04	-1.473311746337446423e-03
8.400000000000000000e+01	9.074108235648306858e-04	-1.087778981683770263e-03
8.500000000000000000e+01	8.668525240385195965e-04	-6.942051574978939975e-04
8.600000000000000000e+01	6.474323721763833306e-04	-4.030768451931650634e-04
8.700000000000000000e+01	3.433137435358157461e-04	-2.806753854694554870e-04
8.800000000000000000e+01	4.763340122653615612e-05	-3.299615315893757975e-04
8.900000000000000000e+01	-1.573401256559943525e-04	-5.085987311054584797e-04
9.000000000000000000e+01	-2.270795511729863873e-04	-7.405964881119085803e-04
9.100000000000000000e+01	-1.656982419371599337e-04	-9.556841654323895143e-04
9.200000000000000000e+01	-1.120786635660729998e-05	-1.090550274004396889e-03
9.300000000000000000e+01	1.780898455522224864e-04	-1.120862010916571496e-03
9.400000000000000000e+01	3.425406063785409769e-04	-1.049179055963460555e-03
9.500000000000000000e+01	4.356733859251834401e-04	-9.032124335871611004e-04
9.600000000000000000e+01	4.465988249340709592e-04	-7.442847205147272048e-04
9.700000000000000000e+01	3.865591206543430398e-04	-6.165092523411292227e-04
9.800000000000000000e+01	2.778646361032690248e-04	-5.416416394462533670e-04
9.900000000000000000e+01	1.589072046926216732e-04	-5.332205161116099863e-04
1.000000000000000000e+02	6.339380397406898116e-05	-5.779853968434172208e-04
1.010000000000000000e+02	1.504378430861246592e-05	-6.575161475580102149e-04
1.020000000000000000e+02	1.889881864016972261e-05	-7.407153469348492017e-04
1.030000000000000000e+02	6.524864838211291566e-05	-8.037078258578784704e-04
1.040000000000000000e+02	1.331906808541719956e-04	-8.241888296223491214e-04
1.050000000000000000e+02	1.990034255670493791e-04	-8.015646416565671249e-04
1.060000000000000000e+02	2.449209138989932454e-04	-7.517248441410755632e-04
1.070000000000000000e+02	2.613544198414158564e-04	-6.914752387581811835e-04
