# # Time 	 h_plus 	 h_cross 
# 
-4.090000000000000000e+02	-4.473721477616818265e-02	-9.149696969191010998e-02
-4.080000000000000000e+02	-3.609677483370187651e-02	-9.529493001037704636e-02
-4.070000000000000000e+02	-2.712863619663131651e-02	-9.828078666420193843e-02
-4.060000000000000000e+02	-1.790880838855859677e-02	-1.004255524354448065e-01
-4.050000000000000000e+02	-8.515952234385303077e-03	-1.017073328572859203e-01
-4.040000000000000000e+02	9.692846510135146336e-04	-1.021119506536096871e-01
-4.030000000000000000e+02	1.046506391646554769e-02	-1.016325159403158179e-01
-4.020000000000000000e+02	1.988899328032672428e-02	-1.002697687391921194e-01
-4.010000000000000000e+02	2.915892192946495376e-02	-9.803210370706041954e-02
-4.000000000000000000e+02	3.819352715689914440e-02	-9.493556150600032661e-02
-3.990000000000000000e+02	4.691284386184583349e-02	-9.100385955500292501e-02
-3.980000000000000000e+02	5.523936563869751709e-02	-8.626812636675632029e-02
-3.970000000000000000e+02	6.309858474268278949e-02	-8.076671522991919761e-02
-3.960000000000000000e+02	7.041966860632344061e-02	-7.454492143745723720e-02
-3.950000000000000000e+02	7.713611022045087362e-02	-6.765463589372630593e-02
-3.940000000000000000e+02	8.318646497082628211e-02	-6.015377346011192145e-02
-3.930000000000000000e+02	8.851451943587074211e-02	-5.210631873902487471e-02
-3.920000000000000000e+02	9.307028325216280817e-02	-4.358132977787412127e-02
-3.910000000000000000e+02	9.681033714536645129e-02	-3.465249116869821566e-02
-3.900000000000000000e+02	9.969826260045083766e-02	-2.539749912853745198e-02
-3.890000000000000000e+02	1.017050243308090102e-01	-1.589736257269342562e-02
-3.880000000000000000e+02	1.028092614643938973e-01	-6.235801068035800969e-03
-3.870000000000000000e+02	1.029975625247030041e-01	3.501555039992526163e-03
-3.860000000000000000e+02	1.022646395746482778e-01	1.322791659180682332e-02
-3.850000000000000000e+02	1.006134335883667186e-01	2.285609807978910765e-02
-3.840000000000000000e+02	9.805514580498098098e-02	3.229929802501251002e-02
-3.830000000000000000e+02	9.460918153350279802e-02	4.147187518188096000e-02
-3.820000000000000000e+02	9.030337973571730958e-02	5.029031006437640478e-02
-3.810000000000000000e+02	8.517303102329101816e-02	5.867369752792538085e-02
-3.800000000000000000e+02	7.926114528735891951e-02	6.654447464416657354e-02
-3.790000000000000000e+02	7.261807509338849553e-02	7.382927095442044785e-02
-3.780000000000000000e+02	6.530111297793121661e-02	8.045960282615681469e-02
-3.770000000000000000e+02	5.737403533655416332e-02	8.637252320636416847e-02
-3.760000000000000000e+02	4.890657288267688529e-02	9.151124346661068665e-02
-3.750000000000000000e+02	3.997382060785636265e-02	9.582570508761559247e-02
-3.740000000000000000e+02	3.065559194875141710e-02	9.927309520898051909e-02
-3.730000000000000000e+02	2.103586742690968792e-02	1.018182716378463054e-01
-3.720000000000000000e+02	1.120157517908594580e-02	1.034342700053125230e-01
-3.710000000000000000e+02	1.242231314271472669e-03	1.041024532934416019e-01
-3.700000000000000000e+02	-8.750915222137816557e-03	1.038127941068386628e-01
-3.690000000000000000e+02	-1.868571945968581366e-02	1.025640536962099808e-01
-3.680000000000000000e+02	-2.847015709527602606e-02	1.003638319436139237e-01
-3.670000000000000000e+02	-3.801296452282301730e-02	9.722857919902103130e-02
-3.660000000000000000e+02	-4.722468030383777937e-02	9.318345548532758205e-02
-3.650000000000000000e+02	-5.601848488334673637e-02	8.826290965830366209e-02
-3.640000000000000000e+02	-6.431007132593123676e-02	8.250845692241223772e-02
-3.630000000000000000e+02	-7.201955955658256858e-02	7.597033134947479838e-02
-3.620000000000000000e+02	-7.907236431451439285e-02	6.870681656556683337e-02
-3.610000000000000000e+02	-8.539974462565934343e-02	6.078328140167529869e-02
-3.600000000000000000e+02	-9.093914471547001610e-02	5.227213570759871308e-02
-3.590000000000000000e+02	-9.563562244998220774e-02	4.325108215759529418e-02
-3.580000000000000000e+02	-9.944189609253688278e-02	3.380276493441118635e-02
-3.570000000000000000e+02	-1.023186210308261596e-01	2.401443621800601266e-02
-3.560000000000000000e+02	-1.042354202487448950e-01	1.397708002966004115e-02
-3.550000000000000000e+02	-1.051697672618494422e-01	3.784208432479836508e-03
-3.540000000000000000e+02	-1.051080325623339473e-01	-6.468152501877689163e-03
-3.530000000000000000e+02	-1.040462669781571786e-01	-1.668286319172343490e-02
-3.520000000000000000e+02	-1.019901480535748972e-01	-2.676208989842858779e-02
-3.510000000000000000e+02	-9.895470461396850548e-02	-3.660832822321165997e-02
-3.500000000000000000e+02	-9.496475008015123342e-02	-4.612571462970424530e-02
-3.490000000000000000e+02	-9.005461337209685890e-02	-5.522086155035869914e-02
-3.480000000000000000e+02	-8.426694302695272865e-02	-6.380299899310931666e-02
-3.470000000000000000e+02	-7.765655300130312744e-02	-7.178846833048460607e-02
-3.460000000000000000e+02	-7.028478986519781646e-02	-7.909858265060834559e-02
-3.450000000000000000e+02	-6.222041333373382055e-02	-8.566049290445185149e-02
-3.440000000000000000e+02	-5.353829356184584137e-02	-9.140857016152366399e-02
-3.430000000000000000e+02	-4.432003981621669697e-02	-9.628489226612498009e-02
-3.420000000000000000e+02	-3.465224553090510279e-02	-1.002393566905601247e-01
-3.410000000000000000e+02	-2.462575046194813086e-02	-1.032281997767749843e-01
-3.400000000000000000e+02	-1.433568066706186403e-02	-1.052183020040999284e-01
-3.390000000000000000e+02	-3.878082274451660327e-03	-1.061839890294695998e-01
-3.380000000000000000e+02	6.645498462180860107e-03	-1.061086750257876493e-01
-3.370000000000000000e+02	1.713064349924794949e-02	-1.049844317467517746e-01
-3.360000000000000000e+02	2.747164833395921574e-02	-1.028190189535595767e-01
-3.350000000000000000e+02	3.755804951203978864e-02	-9.963214228877051437e-02
-3.340000000000000000e+02	4.728558423974235647e-02	-9.545538640723871815e-02
-3.330000000000000000e+02	5.655572654416882172e-02	-9.033139965287766138e-02
-3.320000000000000000e+02	6.528061493633161017e-02	-8.430880375711526098e-02
-3.310000000000000000e+02	7.337561136527945282e-02	-7.744302636359877423e-02
-3.300000000000000000e+02	8.076399470877713982e-02	-6.979674166505309141e-02
-3.290000000000000000e+02	8.737061806750434645e-02	-6.143920016405690632e-02
-3.280000000000000000e+02	9.312491923057895915e-02	-5.244882610053749200e-02
-3.270000000000000000e+02	9.796432446448130604e-02	-4.291205598520625442e-02
-3.260000000000000000e+02	1.018354000821169586e-01	-3.292099485957687005e-02
-3.250000000000000000e+02	1.046941465442392249e-01	-2.257220850720276922e-02
-3.240000000000000000e+02	1.065062490786646970e-01	-1.196748193855168632e-02
-3.230000000000000000e+02	1.072480418680734071e-01	-1.211853671914896917e-03
-3.220000000000000000e+02	1.069034250825425525e-01	9.586603411145354706e-03
-3.210000000000000000e+02	1.054685521191486286e-01	2.031758221753396723e-02
-3.200000000000000000e+02	1.029510851918219866e-01	3.086944827978668413e-02
-3.190000000000000000e+02	9.936916907428119949e-02	4.113071924133033380e-02
-3.180000000000000000e+02	9.475634978747000947e-02	5.099309617216463836e-02
-3.170000000000000000e+02	8.915687301696344214e-02	6.035101119505607847e-02
-3.160000000000000000e+02	8.262689873258902140e-02	6.910369772789932974e-02
-3.150000000000000000e+02	7.523288251756066192e-02	7.715842068830691680e-02
-3.140000000000000000e+02	6.705043475692283594e-02	8.442924469561122192e-02
-3.130000000000000000e+02	5.816585909185630066e-02	9.083912036023986114e-02
-3.120000000000000000e+02	4.866890233992566400e-02	9.632260015247044727e-02
-3.110000000000000000e+02	3.865703815469456739e-02	1.008243383412850552e-01
-3.100000000000000000e+02	2.823386963049484555e-02	1.043037057529154626e-01
-3.090000000000000000e+02	1.749867749834565708e-02	1.067140602461093685e-01
-3.080000000000000000e+02	6.556665826088816859e-03	1.080260976773637360e-01
-3.070000000000000000e+02	-4.484251288634807757e-03	1.082200483011032527e-01
-3.060000000000000000e+02	-1.551251611486005252e-02	1.072854197841668911e-01
-3.050000000000000000e+02	-2.641346887785736564e-02	1.052243696712226451e-01
-3.040000000000000000e+02	-3.707032818293756748e-02	1.020506737282159543e-01
-3.030000000000000000e+02	-4.736456303721889999e-02	9.779134077609158426e-02
-3.020000000000000000e+02	-5.718099427030495785e-02	9.248488184909853249e-02
-3.010000000000000000e+02	-6.641194652989704239e-02	8.618953936749969291e-02
-3.000000000000000000e+02	-7.495681032668258248e-02	7.897074610506349401e-02
-2.990000000000000000e+02	-8.272410681158935686e-02	7.090197780841243913e-02
-2.980000000000000000e+02	-8.963204496625709616e-02	6.206521249458750444e-02
-2.970000000000000000e+02	-9.560725198514870293e-02	5.254929870672998826e-02
-2.960000000000000000e+02	-1.005846855336285095e-01	4.245041122346940310e-02
-2.950000000000000000e+02	-1.045045471179193025e-01	3.187056082469909984e-02
-2.940000000000000000e+02	-1.073189036993430906e-01	2.091983356265996255e-02
-2.930000000000000000e+02	-1.089904291789469959e-01	9.714048507013179137e-03
-2.920000000000000000e+02	-1.094939926151392434e-01	-1.626315667006361307e-03
-2.910000000000000000e+02	-1.088159070854467919e-01	-1.297787035089430566e-02
-2.900000000000000000e+02	-1.069555000131784256e-01	-2.421570819360277863e-02
-2.890000000000000000e+02	-1.039318952549933978e-01	-3.521809260932339675e-02
-2.880000000000000000e+02	-9.977351571461334778e-02	-4.586495372468064879e-02
-2.870000000000000000e+02	-9.452111300243623560e-02	-5.603951551100165573e-02
-2.860000000000000000e+02	-8.822794238233894193e-02	-6.563052696556305465e-02
-2.850000000000000000e+02	-8.095886062593650456e-02	-7.453347010251447358e-02
-2.840000000000000000e+02	-7.278347759511680226e-02	-8.264517795789390331e-02
-2.830000000000000000e+02	-6.378634675362794548e-02	-8.987160430157931090e-02
-2.820000000000000000e+02	-5.406158839943388250e-02	-9.612694589398390610e-02
-2.810000000000000000e+02	-4.371378885601263919e-02	-1.013368834419938191e-01
-2.800000000000000000e+02	-3.285545869215907716e-02	-1.054380023136216593e-01
-2.790000000000000000e+02	-2.160565789514377541e-02	-1.083770542271945553e-01
-2.780000000000000000e+02	-1.008973433449581944e-02	-1.101184294736681779e-01
-2.770000000000000000e+02	1.565606864842953314e-03	-1.106391420897117617e-01
-2.760000000000000000e+02	1.323231153193118147e-02	-1.099307488018131107e-01
-2.750000000000000000e+02	2.478186949617959892e-02	-1.079923769531310057e-01
-2.740000000000000000e+02	3.608477389578861744e-02	-1.048381815853726695e-01
-2.730000000000000000e+02	4.701357003132641127e-02	-1.004966012766333183e-01
-2.720000000000000000e+02	5.744298196167015036e-02	-9.500997459630620978e-02
-2.710000000000000000e+02	6.725120618442215203e-02	-8.843459480625627533e-02
-2.700000000000000000e+02	7.632328920351121038e-02	-8.083954053073053037e-02
-2.690000000000000000e+02	8.455146430484891673e-02	-7.230672478803429337e-02
-2.680000000000000000e+02	9.183961814728755502e-02	-6.292952314598092289e-02
-2.670000000000000000e+02	9.810138149822630882e-02	-5.280965381554178495e-02
-2.660000000000000000e+02	1.032585743720909749e-01	-4.205677729517359742e-02
-2.650000000000000000e+02	1.072452429033762672e-01	-3.079158960042908955e-02
-2.640000000000000000e+02	1.100088776074481106e-01	-1.914134059894584405e-02
-2.630000000000000000e+02	1.115044127983523675e-01	-7.239005303072351682e-03
-2.620000000000000000e+02	1.117174525045459693e-01	4.778819595131324552e-03
-2.610000000000000000e+02	1.106412729046420129e-01	1.677537502496397395e-02
-2.600000000000000000e+02	1.082797489347368247e-01	2.861328363231417649e-02
-2.590000000000000000e+02	1.046520009949757773e-01	4.015339651298745899e-02
-2.580000000000000000e+02	9.979253292650232254e-02	5.125837213617488730e-02
-2.570000000000000000e+02	9.375018132249032798e-02	6.179624440733518659e-02
-2.560000000000000000e+02	8.658859103842962701e-02	7.164022743434377005e-02
-2.550000000000000000e+02	7.838303731506689187e-02	8.066965897588598833e-02
-2.540000000000000000e+02	6.922548650241730495e-02	8.877400553530341576e-02
-2.530000000000000000e+02	5.922017188756224099e-02	9.585261286475255105e-02
-2.520000000000000000e+02	4.848319095105747822e-02	1.018171035362934046e-01
-2.510000000000000000e+02	3.713783954632696865e-02	1.065900765446478604e-01
-2.500000000000000000e+02	2.531667874575323912e-02	1.101069263986520080e-01
-2.490000000000000000e+02	1.315797953144704283e-02	1.123190519158407674e-01
-2.480000000000000000e+02	8.042607288912103020e-04	1.131929524767145562e-01
-2.470000000000000000e+02	-1.159875784136354254e-02	1.127102191336549486e-01
-2.460000000000000000e+02	-2.390275554010561423e-02	1.108677809459428648e-01
-2.450000000000000000e+02	-3.595878901812205736e-02	1.076799803985832304e-01
-2.440000000000000000e+02	-4.761963298552959745e-02	1.031776211160412987e-01
-2.430000000000000000e+02	-5.874099055392656421e-02	9.740739936083810113e-02
-2.420000000000000000e+02	-6.918398774244134686e-02	9.043253421832055106e-02
-2.410000000000000000e+02	-7.881573365734066694e-02	8.233003260537129220e-02
-2.400000000000000000e+02	-8.751629791830770055e-02	7.319702381079591647e-02
-2.390000000000000000e+02	-9.516910995405429563e-02	6.313165575573999322e-02
-2.380000000000000000e+02	-1.016772609981151654e-01	5.225727851205004548e-02
-2.370000000000000000e+02	-1.069524835200284241e-01	4.070172728077244007e-02
-2.360000000000000000e+02	-1.109220094277514751e-01	2.860337021248740216e-02
-2.350000000000000000e+02	-1.135284676974466084e-01	1.610857071682248939e-02
-2.340000000000000000e+02	-1.147307625694137106e-01	3.370004883011666185e-03
-2.330000000000000000e+02	-1.145047360045628182e-01	-9.454996729506786809e-03
-2.320000000000000000e+02	-1.128438331589105836e-01	-2.220625913852955144e-02
-2.310000000000000000e+02	-1.097594208113181341e-01	-3.472312376413812240e-02
-2.300000000000000000e+02	-1.052810835067833906e-01	-4.684586837678625382e-02
-2.290000000000000000e+02	-9.945654556081003073e-02	-5.841841018124215024e-02
-2.280000000000000000e+02	-9.235072278676638435e-02	-6.929041085897723329e-02
-2.270000000000000000e+02	-8.404550407418281965e-02	-7.931889404448806691e-02
-2.260000000000000000e+02	-7.463900086232182207e-02	-8.837007751625988727e-02
-2.250000000000000000e+02	-6.424494406624293996e-02	-9.632201020767278132e-02
-2.240000000000000000e+02	-5.299035459559345990e-02	-1.030650146489282548e-01
-2.230000000000000000e+02	-4.101453353840136401e-02	-1.085041648982447565e-01
-2.220000000000000000e+02	-2.846755617160428090e-02	-1.125605231589549282e-01
-2.210000000000000000e+02	-1.550832328081414371e-02	-1.151723366569649409e-01
-2.200000000000000000e+02	-2.302487476748009323e-03	-1.162966176438478688e-01
-2.190000000000000000e+02	1.097989067248031185e-02	-1.159086426099337624e-01
-2.180000000000000000e+02	2.416615806019123056e-02	-1.140028654010303150e-01
-2.170000000000000000e+02	3.708165838757541966e-02	-1.105940168115362165e-01
-2.160000000000000000e+02	4.955496436675474459e-02	-1.057165610795995497e-01
-2.150000000000000000e+02	6.141805943496256304e-02	-9.942486692553136052e-02
-2.140000000000000000e+02	7.250990526345131582e-02	-9.179223861205250412e-02
-2.130000000000000000e+02	8.267718165949541897e-02	-8.291093510133143440e-02
-2.120000000000000000e+02	9.177746811687212403e-02	-7.289113934646916648e-02
-2.110000000000000000e+02	9.968171182773269412e-02	-6.185929392960844153e-02
-2.100000000000000000e+02	1.062756932827156608e-01	-4.995630643746034466e-02
-2.090000000000000000e+02	1.114616174396948350e-01	-3.733607478278737346e-02
-2.080000000000000000e+02	1.151595159109225358e-01	-2.416388255168188531e-02
-2.070000000000000000e+02	1.173086768333313629e-01	-1.061424310634208855e-02
-2.060000000000000000e+02	1.178687727950797626e-01	3.130959440132150343e-03
-2.050000000000000000e+02	1.168214552243672238e-01	1.688580639239365896e-02
-2.040000000000000000e+02	1.141684806472545166e-01	3.046229701945656412e-02
-2.030000000000000000e+02	1.099344354444435068e-01	4.367233963838797195e-02
-2.020000000000000000e+02	1.041660764787359084e-01	5.633090515422262828e-02
-2.010000000000000000e+02	9.693226485569875206e-02	6.825797592027671445e-02
-2.000000000000000000e+02	8.832280227561496722e-02	7.928307099881440334e-02
-1.990000000000000000e+02	7.844762559119936030e-02	8.924597396322801746e-02
-1.980000000000000000e+02	6.743574789978630524e-02	9.799947655602263274e-02
-1.970000000000000000e+02	5.543336701343698492e-02	1.054119758199273532e-01
-1.960000000000000000e+02	4.260186456022025531e-02	1.113703695800156712e-01
-1.950000000000000000e+02	2.911533066624803767e-02	1.157790254369229221e-01
-1.940000000000000000e+02	1.515982363572476212e-02	1.185632926766535811e-01
-1.930000000000000000e+02	9.300558448064411097e-04	1.196709433831752434e-01
-1.920000000000000000e+02	-1.337257722175028488e-02	1.190730353718684742e-01
-1.910000000000000000e+02	-2.754319335722369907e-02	1.167644478120937745e-01
-1.900000000000000000e+02	-4.137657534444663665e-02	1.127657136658083287e-01
-1.890000000000000000e+02	-5.467028199125849308e-02	1.071218565870462325e-01
-1.880000000000000000e+02	-6.722791296452185206e-02	9.990186319904093004e-02
-1.870000000000000000e+02	-7.886136262221443705e-02	9.119861236177687069e-02
-1.860000000000000000e+02	-8.939352568537249633e-02	8.112722592518299691e-02
-1.850000000000000000e+02	-9.866136876215728102e-02	6.982437538262964427e-02
-1.840000000000000000e+02	-1.065184349619172494e-01	5.744681150747432685e-02
-1.830000000000000000e+02	-1.128381280302050149e-01	4.416720719132360279e-02
-1.820000000000000000e+02	-1.175139308983207953e-01	3.017535283367307405e-02
-1.810000000000000000e+02	-1.204624705071958984e-01	1.567373842866044698e-02
-1.800000000000000000e+02	-1.216261695582138425e-01	8.757328060446067626e-04
-1.790000000000000000e+02	-1.209737645486256147e-01	-1.399961817345140441e-02
-1.780000000000000000e+02	-1.184998294732268614e-01	-2.873032746803123177e-02
-1.770000000000000000e+02	-1.142257463566003356e-01	-4.309295661175038122e-02
-1.760000000000000000e+02	-1.082013093883974347e-01	-5.686641490962556639e-02
-1.750000000000000000e+02	-1.005041895077125047e-01	-6.983605694776945372e-02
-1.740000000000000000e+02	-9.123945980030803704e-02	-8.179656820723410493e-02
-1.730000000000000000e+02	-8.053326748647522682e-02	-9.255809629263403449e-02
-1.720000000000000000e+02	-6.853785420661183403e-02	-1.019427186882160968e-01
-1.710000000000000000e+02	-5.542902441124130525e-02	-1.097922899168199962e-01
-1.700000000000000000e+02	-4.140223631117621872e-02	-1.159726925872443387e-01
-1.690000000000000000e+02	-2.666721561497976262e-02	-1.203747066051925885e-01
-1.680000000000000000e+02	-1.144701011622993418e-02	-1.229129792257021014e-01
-1.670000000000000000e+02	4.021921698007920043e-03	-1.235302835215017631e-01
-1.660000000000000000e+02	1.949624685953111475e-02	-1.222018230205890454e-01
-1.650000000000000000e+02	3.473300837143761949e-02	-1.189330829425983144e-01
-1.640000000000000000e+02	4.948900350364146550e-02	-1.137572535096116888e-01
-1.630000000000000000e+02	6.352296981578854640e-02	-1.067383665097812323e-01
-1.620000000000000000e+02	7.660210915006263055e-02	-9.797469665345641399e-02
-1.610000000000000000e+02	8.850891663432805534e-02	-8.759262400913415958e-02
-1.600000000000000000e+02	9.904101344852102307e-02	-7.574414058154066431e-02
-1.590000000000000000e+02	1.080139162897527511e-01	-6.260747946516585782e-02
-1.580000000000000000e+02	1.152664391816986267e-01	-4.838624730309912247e-02
-1.570000000000000000e+02	1.206649761831123380e-01	-3.330362626891542749e-02
-1.560000000000000000e+02	1.241032479730831972e-01	-1.759881256143714517e-02
-1.550000000000000000e+02	1.255050491410337199e-01	-1.525974914253748699e-03
-1.540000000000000000e+02	1.248290253873503841e-01	1.465050757764542987e-02
-1.530000000000000000e+02	1.220678556718643865e-01	3.066281222043138951e-02
-1.520000000000000000e+02	1.172473143861446632e-01	4.624185786157006955e-02
-1.510000000000000000e+02	1.104287342271862565e-01	6.112075082388523234e-02
-1.500000000000000000e+02	1.017096016666799579e-01	7.504154361369874682e-02
-1.490000000000000000e+02	9.121995389631396001e-02	8.775995787806599446e-02
-1.480000000000000000e+02	7.912011284682070322e-02	9.904784818060388685e-02
-1.470000000000000000e+02	6.560103545045431472e-02	1.086974927010463110e-01
-1.460000000000000000e+02	5.088161882419334897e-02	1.165264465258417925e-01
-1.450000000000000000e+02	3.520521950887503526e-02	1.223823421867544919e-01
-1.440000000000000000e+02	1.883381436394333461e-02	1.261444917021131706e-01
-1.430000000000000000e+02	2.044980889869127665e-03	1.277257827723118355e-01
-1.420000000000000000e+02	-1.487030444152640137e-02	1.270759583809614457e-01
-1.410000000000000000e+02	-3.161543919033529132e-02	1.241845634908078505e-01
-1.400000000000000000e+02	-4.789335327460578218e-02	1.190800089120295363e-01
-1.390000000000000000e+02	-6.341012090670923584e-02	1.118303901327229039e-01
-1.380000000000000000e+02	-7.788086080569345260e-02	1.025431674268377363e-01
-1.370000000000000000e+02	-9.103465054768240805e-02	9.136293063279300741e-02
-1.360000000000000000e+02	-1.026207486334556329e-01	7.847172523910028730e-02
-1.350000000000000000e+02	-1.124127491827104780e-01	6.408509523803740393e-02
-1.340000000000000000e+02	-1.202132754340899112e-01	4.844911271822062437e-02
-1.330000000000000000e+02	-1.258582029837821692e-01	3.183673151161055259e-02
-1.320000000000000000e+02	-1.292202685361674985e-01	1.454342290318479461e-02
-1.310000000000000000e+02	-1.302127642259963969e-01	-3.118567072742869494e-03
-1.300000000000000000e+02	-1.287919801024122457e-01	-2.082546152995436509e-02
-1.290000000000000000e+02	-1.249579564968236328e-01	-3.824739507853446713e-02
-1.280000000000000000e+02	-1.187560894246550425e-01	-5.505453442916952850e-02
-1.270000000000000000e+02	-1.102765500367388907e-01	-7.092303349781071964e-02
-1.260000000000000000e+02	-9.965410460979738649e-02	-8.554130516925501082e-02
-1.250000000000000000e+02	-8.706669997528905525e-02	-9.861622500679850800e-02
-1.240000000000000000e+02	-7.273271827194319195e-02	-1.098788061572210512e-01
-1.230000000000000000e+02	-5.690814365589032947e-02	-1.190903693903726246e-01
-1.220000000000000000e+02	-3.988345981637800991e-02	-1.260488613852641104e-01
-1.210000000000000000e+02	-2.197709131920484379e-02	-1.305922625094816658e-01
-1.200000000000000000e+02	-3.530151596354568627e-03	-1.326033222986666982e-01
-1.190000000000000000e+02	1.510037783042856435e-02	-1.320128175040457541e-01
-1.180000000000000000e+02	3.354829413333211552e-02	-1.288014280041356874e-01
-1.170000000000000000e+02	5.144399545525161349e-02	-1.230014241672510583e-01
-1.160000000000000000e+02	6.842205131421015551e-02	-1.146973875874057053e-01
-1.150000000000000000e+02	8.412912876796287132e-02	-1.040257690549367536e-01
-1.140000000000000000e+02	9.823077155630935420e-02	-9.117367395141899589e-02
-1.130000000000000000e+02	1.104187278771344982e-01	-7.637672057364525147e-02
-1.120000000000000000e+02	1.204190404624056326e-01	-5.991433040805731886e-02
-1.110000000000000000e+02	1.279980152032037521e-01	-4.210494805309989569e-02
-1.100000000000000000e+02	1.329675753934964622e-01	-2.330101375380983289e-02
-1.090000000000000000e+02	1.351904601514610782e-01	-3.882327103386973982e-03
-1.080000000000000000e+02	1.345846084221986039e-01	1.575124771037582708e-02
-1.070000000000000000e+02	1.311257145181332628e-01	3.518757816653837051e-02
-1.060000000000000000e+02	1.248491661954359289e-01	5.401072738729924272e-02
-1.050000000000000000e+02	1.158514962441600515e-01	7.180986324314400648e-02
-1.040000000000000000e+02	1.042899110040508559e-01	8.818826370536679560e-02
-1.030000000000000000e+02	9.037936169830664002e-02	1.027711235257570965e-01
-1.020000000000000000e+02	7.439058558054310877e-02	1.152153003926822128e-01
-1.010000000000000000e+02	5.664602475002494114e-02	1.252171485160528397e-01
-1.000000000000000000e+02	3.751384608590987296e-02	1.325203971559634486e-01
-9.900000000000000000e+01	1.740084573063884962e-02	1.369246750275500690e-01
-9.800000000000000000e+01	-3.256861698813989098e-03	1.382900922956959433e-01
-9.700000000000000000e+01	-2.400094238333186705e-02	1.365419953819473065e-01
-9.600000000000000000e+01	-4.436163681897473815e-02	1.316748807981386882e-01
-9.500000000000000000e+01	-6.386898059549003803e-02	1.237544592067329197e-01
-9.400000000000000000e+01	-8.206089869291302574e-02	1.129157501464593399e-01
-9.300000000000000000e+01	-9.849539700969915657e-02	9.936524396265494774e-02
-9.200000000000000000e+01	-1.127612240543679895e-01	8.337722415286724642e-02
-9.100000000000000000e+01	-1.244877440226486442e-01	6.529024550746162503e-02
-9.000000000000000000e+01	-1.333553535807012191e-01	4.550021100349030401e-02
-8.900000000000000000e+01	-1.391077758061793901e-01	2.445405908031720102e-02
-8.800000000000000000e+01	-1.415565426630791546e-01	2.639114208230704511e-03
-8.700000000000000000e+01	-1.405889626324249853e-01	-1.942782898086678478e-02
-8.600000000000000000e+01	-1.361728521978151640e-01	-4.121282084240952825e-02
-8.500000000000000000e+01	-1.283589926416658089e-01	-6.217519432239178301e-02
-8.400000000000000000e+01	-1.172830621420017649e-01	-8.178042676444491343e-02
-8.300000000000000000e+01	-1.031653587574743874e-01	-9.951464721092972976e-02
-8.200000000000000000e+01	-8.630932358902111690e-02	-1.148964638500767355e-01
-8.100000000000000000e+01	-6.709595296061877934e-02	-1.274920244080675613e-01
-8.000000000000000000e+01	-4.597729794744370019e-02	-1.369271756431706122e-01
-7.900000000000000000e+01	-2.346634679427223730e-02	-1.428995286910150209e-01
-7.800000000000000000e+01	-1.262098125585820623e-04	-1.451916720795154159e-01
-7.700000000000000000e+01	2.344340301445341224e-02	-1.436753680785523291e-01
-7.600000000000000000e+01	4.662009847697710929e-02	-1.383198369918490211e-01
-7.500000000000000000e+01	6.877513628923256905e-02	-1.291959409858360053e-01
-7.400000000000000000e+01	8.928952348629538849e-02	-1.164781852564245879e-01
-7.300000000000000000e+01	1.075712454065171630e-01	-1.004439507452038333e-01
-7.200000000000000000e+01	1.230720930027778964e-01	-8.146939757278311156e-02
-7.100000000000000000e+01	1.353049821273315800e-01	-6.002341037825981857e-02
-7.000000000000000000e+01	1.438596769241104467e-01	-3.665820182498719104e-02
-6.900000000000000000e+01	1.484175093232882880e-01	-1.199706702736510686e-02
-6.800000000000000000e+01	1.487646704454837210e-01	1.328048288341569273e-02
-6.700000000000000000e+01	1.448012734154592029e-01	3.845597031044344083e-02
-6.600000000000000000e+01	1.365500951401281970e-01	6.279104005704905234e-02
-6.500000000000000000e+01	1.241614047999000242e-01	8.554798664259410934e-02
-6.400000000000000000e+01	1.079133599526718307e-01	1.060127074604901576e-01
-6.300000000000000000e+01	8.821033310139725359e-02	1.235168275120128167e-01
-6.200000000000000000e+01	6.557396664706990896e-02	1.374582440975883058e-01
-6.100000000000000000e+01	4.063303124032534991e-02	1.473251974330787584e-01
-6.000000000000000000e+01	1.411025313347193458e-02	1.527139042006552261e-01
-5.900000000000000000e+01	-1.319628596812379498e-02	1.533468163080863866e-01
-5.800000000000000000e+01	-4.043474656030057041e-02	1.490875031647397875e-01
-5.700000000000000000e+01	-6.672296084574348696e-02	1.399532338187645109e-01
-5.600000000000000000e+01	-9.117860482310290171e-02	1.261195606008941872e-01
-5.500000000000000000e+01	-1.129483237588678329e-01	1.079217760084580785e-01
-5.400000000000000000e+01	-1.312329976924017094e-01	8.585457767724979927e-02
-5.300000000000000000e+01	-1.453196940648185664e-01	6.056304786470848023e-02
-5.200000000000000000e+01	-1.546099435913389497e-01	3.283035530946597919e-02
-5.100000000000000000e+01	-1.586494648258479634e-01	3.553122990822287636e-03
-5.000000000000000000e+01	-1.571494259221863643e-01	-2.628031648187753935e-02
-4.900000000000000000e+01	-1.500049461256357797e-01	-5.561890983565738467e-02
-4.800000000000000000e+01	-1.373105645505669492e-01	-8.338320040287584833e-02
-4.700000000000000000e+01	-1.193703008393202092e-01	-1.085083570461407854e-01
-4.600000000000000000e+01	-9.669524355685545081e-02	-1.299785068455011072e-01
-4.500000000000000000e+01	-6.999877956695774173e-02	-1.468691988360388834e-01
-4.400000000000000000e+01	-4.018066474799766169e-02	-1.583892915838197857e-01
-4.300000000000000000e+01	-8.303037429012533055e-03	-1.639192843970271873e-01
-4.200000000000000000e+01	2.443870427322644701e-02	-1.630457098482021860e-01
-4.100000000000000000e+01	5.675314764665034817e-02	-1.555897419062763631e-01
-4.000000000000000000e+01	8.730613582912977177e-02	-1.416373813209527155e-01
-3.900000000000000000e+01	1.147676514726045371e-01	-1.215453760109238696e-01
-3.800000000000000000e+01	1.378679978071667422e-01	-9.594832760709924580e-02
-3.700000000000000000e+01	1.554568477069297461e-01	-6.575285650769140122e-02
-3.600000000000000000e+01	1.665655746570489371e-01	-3.211009828215617007e-02
-3.500000000000000000e+01	1.704574203094921525e-01	3.609574361609639744e-03
-3.400000000000000000e+01	1.666806729579355939e-01	3.986383677621470334e-02
-3.300000000000000000e+01	1.551140977231630635e-01	7.499647955651199405e-02
-3.200000000000000000e+01	1.359937890689130180e-01	1.073052270452805601e-01
-3.100000000000000000e+01	1.099296245255301507e-01	1.351231245991101060e-01
-3.000000000000000000e+01	7.791067999771153496e-02	1.568988980939529099e-01
-2.900000000000000000e+01	4.128683694138316623e-02	1.712836977136285299e-01
-2.800000000000000000e+01	1.732769334234950153e-03	1.772179721379531780e-01
-2.700000000000000000e+01	-3.881530848856377947e-02	1.740187137482112623e-01
-2.600000000000000000e+01	-7.823355234156732785e-02	1.614318840419745882e-01
-2.500000000000000000e+01	-1.143115414239314204e-01	1.397024374025446491e-01
-2.400000000000000000e+01	-1.448604451281985395e-01	1.096086184321041490e-01
-2.300000000000000000e+01	-1.678507463345955408e-01	7.246341676479067795e-02
-2.200000000000000000e+01	-1.815398368695093911e-01	3.009709429988536786e-02
-2.100000000000000000e+01	-1.846122724810500548e-01	-1.519629992195330181e-02
-2.000000000000000000e+01	-1.763041542894543401e-01	-6.075469444966298538e-02
-1.900000000000000000e+01	-1.565160674491053172e-01	-1.036796021039085303e-01
-1.800000000000000000e+01	-1.258981529953005218e-01	-1.409939329145819265e-01
-1.700000000000000000e+01	-8.589763841208347683e-02	-1.698363408800571961e-01
-1.600000000000000000e+01	-3.875165478958432497e-02	-1.876822389682430703e-01
-1.500000000000000000e+01	1.257303799479605848e-02	-1.925625059827875130e-01
-1.400000000000000000e+01	6.450828208597703117e-02	-1.832955579618743835e-01
-1.300000000000000000e+01	1.130842061372508700e-01	-1.596861950838900923e-01
-1.200000000000000000e+01	1.541918426504435280e-01	-1.226635914829179441e-01
-1.100000000000000000e+01	1.839132145732417234e-01	-7.438667226556570922e-02
-1.000000000000000000e+01	1.989029047340389322e-01	-1.822989087271535344e-02
-9.000000000000000000e+00	1.967795819307502081e-01	4.134989739223369348e-02
-8.000000000000000000e+00	1.764843272489929893e-01	9.905655203094025640e-02
-7.000000000000000000e+00	1.386433044223169819e-01	1.491651762806621151e-01
-6.000000000000000000e+00	8.576204689777203183e-02	1.860490980234356662e-01
-5.000000000000000000e+00	2.225700029059068941e-02	2.047795142358861675e-01
-4.000000000000000000e+00	-4.567715052280362648e-02	2.018773378664398543e-01
-3.000000000000000000e+00	-1.105458694721483670e-01	1.760319342952922084e-01
-2.000000000000000000e+00	-1.642393889755893732e-01	1.285236431269161650e-01
-1.000000000000000000e+00	-1.990355227166386576e-01	6.370650347420801773e-02
0.000000000000000000e+00	-2.088182984772717909e-01	-1.107803470444215788e-02
1.000000000000000000e+00	-1.904041343714462098e-01	-8.610104248204993038e-02
2.000000000000000000e+00	-1.443402290040033675e-01	-1.502854261988087747e-01
3.000000000000000000e+00	-7.588753865993264069e-02	-1.928754888606883655e-01
4.000000000000000000e+00	5.187234430676437857e-03	-2.055505373356695809e-01
5.000000000000000000e+00	8.573526603053764628e-02	-1.844501122011694139e-01
6.000000000000000000e+00	1.513260973727929837e-01	-1.316384097281145804e-01
7.000000000000000000e+00	1.890535117827617240e-01	-5.566587781790094391e-02
8.000000000000000000e+00	1.906843274098257157e-01	2.938836313790332486e-02
9.000000000000000000e+00	1.551061418848960483e-01	1.064904892501143951e-01
1.000000000000000000e+01	8.940195562830333120e-02	1.593707169015216585e-01
1.100000000000000000e+01	7.852877709355540747e-03	1.765721658103001357e-01
1.200000000000000000e+01	-7.109078251091192902e-02	1.546829036179727668e-01
1.300000000000000000e+01	-1.293094024161074440e-01	9.968442273858940661e-02
1.400000000000000000e+01	-1.537818010607781005e-01	2.575880082326616194e-02
1.500000000000000000e+01	-1.402011896454495032e-01	-4.830337675191281183e-02
1.600000000000000000e+01	-9.418130889520211213e-02	-1.042082459695666263e-01
1.700000000000000000e+01	-2.957605015320684608e-02	-1.292007067205552528e-01
1.800000000000000000e+01	3.564605396940104254e-02	-1.194312782938360268e-01
1.900000000000000000e+01	8.461856506599600702e-02	-8.058127582251822796e-02
2.000000000000000000e+01	1.062063750154784991e-01	-2.565723645435159447e-02
2.100000000000000000e+01	9.766504906010600728e-02	2.921139705433902292e-02
2.200000000000000000e+01	6.464946829788709159e-02	6.950543517669625915e-02
2.300000000000000000e+01	1.886898177581977296e-02	8.620688156608095898e-02
2.400000000000000000e+01	-2.581007520509779815e-02	7.774138027715009336e-02
2.500000000000000000e+01	-5.745768998339360195e-02	4.962514889444762101e-02
2.600000000000000000e+01	-6.921734229134086924e-02	1.210399298222433230e-02
2.700000000000000000e+01	-6.061749166876585770e-02	-2.331606265542143785e-02
2.800000000000000000e+01	-3.687223821682665548e-02	-4.727986303856408778e-02
2.900000000000000000e+01	-6.627691259963268584e-03	-5.490939498397359037e-02
3.000000000000000000e+01	2.093677848522264989e-02	-4.649723928574474308e-02
3.100000000000000000e+01	3.871244598406941434e-02	-2.668597428754011444e-02
3.200000000000000000e+01	4.328571685592549900e-02	-2.531609933392940399e-03
3.300000000000000000e+01	3.533605960210272484e-02	1.873936735611943585e-02
3.400000000000000000e+01	1.886138009436228238e-02	3.172690865997071508e-02
3.500000000000000000e+01	-3.688436445734950483e-04	3.407258410562415823e-02
3.600000000000000000e+01	-1.665421203856989885e-02	2.668897075774565725e-02
3.700000000000000000e+01	-2.593326711652018529e-02	1.304154035817364256e-02
3.800000000000000000e+01	-2.668443682436013459e-02	-2.168636813357605053e-03
3.900000000000000000e+01	-1.996406460740288158e-02	-1.450376982597934711e-02
4.000000000000000000e+01	-8.746424969576315975e-03	-2.097880541883047345e-02
4.100000000000000000e+01	3.196468783560774910e-03	-2.067161271473734463e-02
4.200000000000000000e+01	1.244524343141721265e-02	-1.467775755946121308e-02
4.300000000000000000e+01	1.682858037477525867e-02	-5.508287860918381455e-03
4.400000000000000000e+01	1.584927955603725180e-02	3.807960599015010762e-03
4.500000000000000000e+01	1.058695430901187250e-02	1.064777172530387804e-02
4.600000000000000000e+01	3.162305644273060053e-03	1.347414472080858683e-02
4.700000000000000000e+01	-4.018970404077617901e-03	1.211547942446822464e-02
4.800000000000000000e+01	-8.989010155409999508e-03	7.592853345677607300e-03
4.900000000000000000e+01	-1.071270376424242679e-02	1.662735226283846733e-03
5.000000000000000000e+01	-9.221838390907883751e-03	-3.812720454499709914e-03
5.100000000000000000e+01	-5.424416332206473748e-03	-7.393331650138305552e-03
5.200000000000000000e+01	-7.253002777809856166e-04	-8.378759043696669059e-03
5.300000000000000000e+01	3.435661913708597508e-03	-6.898029071293157108e-03
5.400000000000000000e+01	5.991488735989846867e-03	-3.738659450902774399e-03
5.500000000000000000e+01	6.480385288691227139e-03	-2.966415604904190591e-05
5.600000000000000000e+01	5.083938227188249635e-03	3.118836005260741760e-03
5.700000000000000000e+01	2.475935884011643690e-03	4.920687957651697503e-03
5.800000000000000000e+01	-4.361755215276456312e-04	5.081109967232816729e-03
5.900000000000000000e+01	-2.800103726567638486e-03	3.809883615356603800e-03
6.000000000000000000e+01	-4.047996292064100221e-03	1.676497878382214720e-03
6.100000000000000000e+01	-4.005171201698054170e-03	-6.001780047353793375e-04
6.200000000000000000e+01	-2.876411301025847637e-03	-2.367499419255679124e-03
6.300000000000000000e+01	-1.140676256573467306e-03	-3.215092635521379135e-03
6.400000000000000000e+01	6.331530797524654967e-04	-3.048916287098726776e-03
6.500000000000000000e+01	1.947897836193683389e-03	-2.063709735726709966e-03
6.600000000000000000e+01	2.504029759063063770e-03	-6.539105056126366710e-04
6.700000000000000000e+01	2.261843468612823385e-03	7.204462625271237583e-04
6.800000000000000000e+01	1.411257057333028695e-03	1.684060895896241552e-03
6.900000000000000000e+01	2.781680608112903266e-04	2.027080048569344841e-03
7.000000000000000000e+01	-7.756064969126855602e-04	1.753242234795810957e-03
7.100000000000000000e+01	-1.471773613394084445e-03	1.032839983324852990e-03
7.200000000000000000e+01	-1.662082029887667484e-03	1.311804269171608578e-04
7.300000000000000000e+01	-1.382747888608475573e-03	-6.662795994447906619e-04
7.400000000000000000e+01	-7.852726687279384206e-04	-1.162876792802534530e-03
7.500000000000000000e+01	-7.592305469670247394e-05	-1.270558772965023342e-03
7.600000000000000000e+01	5.352162901272354209e-04	-1.009178986297842992e-03
7.700000000000000000e+01	8.888197059248162174e-04	-5.063508969662578081e-04
7.800000000000000000e+01	9.180511466716166072e-04	5.963643025862010340e-05
7.900000000000000000e+01	6.702190175193296299e-04	5.158480773034933168e-04
8.000000000000000000e+01	2.592717477520653361e-04	7.573852305304112345e-04
8.100000000000000000e+01	-1.786866478997685068e-04	7.448890621268993177e-04
8.200000000000000000e+01	-5.129313316296658931e-04	5.237002532605522769e-04
8.300000000000000000e+01	-6.715391506216201794e-04	1.932280221507458242e-04
8.400000000000000000e+01	-6.435275562138281086e-04	-1.426540519786168384e-04
8.500000000000000000e+01	-4.561087770150752652e-04	-3.916331991603078295e-04
8.600000000000000000e+01	-1.889496376785170016e-04	-4.957950946382452036e-04
8.700000000000000000e+01	7.074988661283963343e-05	-4.536724914224124364e-04
8.800000000000000000e+01	2.571017101448305037e-04	-2.965088660750468176e-04
8.900000000000000000e+01	3.265532738743130280e-04	-8.004095940938085177e-05
9.000000000000000000e+01	2.715357781648422369e-04	1.224274997504583133e-04
9.100000000000000000e+01	1.360704783307003422e-04	2.590220752746893963e-04
9.200000000000000000e+01	-3.741533452651902788e-05	2.968016895190365599e-04
9.300000000000000000e+01	-1.899016394446087508e-04	2.424026849785365255e-04
9.400000000000000000e+01	-2.847605964251218058e-04	1.284404885623974984e-04
9.500000000000000000e+01	-3.078712768072108677e-04	-6.638691408848633657e-06
9.600000000000000000e+01	-2.571421275908312098e-04	-1.230561818122282998e-04
9.700000000000000000e+01	-1.630135296546688034e-04	-1.913200099799523888e-04
9.800000000000000000e+01	-5.571907243332404784e-05	-1.975458375543450047e-04
9.900000000000000000e+01	3.091556942149125287e-05	-1.512542867624286889e-04
1.000000000000000000e+02	7.887093459018958987e-05	-7.593772444816123811e-05
1.010000000000000000e+02	7.938484250623022436e-05	9.101147088435981110e-06
1.020000000000000000e+02	3.629281381653110255e-05	7.486950489894764703e-05
1.030000000000000000e+02	-2.787194366227345623e-05	1.058405247493501226e-04
1.040000000000000000e+02	-9.342596525957227148e-05	1.001228563135440002e-04
1.050000000000000000e+02	-1.403387961904264654e-04	6.335334531475492767e-05
1.060000000000000000e+02	-1.605792407901880225e-04	1.240627896547805348e-05
1.070000000000000000e+02	-1.532496023083558556e-04	-3.750882832286786398e-05
