# # Time 	 h_plus 	 h_cross 
# 
-4.090000000000000000e+02	9.169589425132343430e-02	8.523604641122063674e-02
-4.080000000000000000e+02	8.496957904801197281e-02	9.203825985231642304e-02
-4.070000000000000000e+02	7.773444066384148365e-02	9.831554791880112165e-02
-4.060000000000000000e+02	7.003105967441375368e-02	1.040294570317067402e-01
-4.050000000000000000e+02	6.190295674884746524e-02	1.091446448690954057e-01
-4.040000000000000000e+02	5.339635593485361070e-02	1.136291079600489501e-01
-4.030000000000000000e+02	4.455993010512404595e-02	1.174543914040229453e-01
-4.020000000000000000e+02	3.544452990395528802e-02	1.205957793006931650e-01
-4.010000000000000000e+02	2.610289764657332603e-02	1.230324645747541690e-01
-4.000000000000000000e+02	1.658956902102041997e-02	1.247492106469505202e-01
-3.990000000000000000e+02	6.959743192739824974e-03	1.257323042871075491e-01
-3.980000000000000000e+02	-2.730074144260221693e-03	1.259730238099406041e-01
-3.970000000000000000e+02	-1.242191141730434982e-02	1.254674433548381152e-01
-3.960000000000000000e+02	-2.205908681494288953e-02	1.242160032819870086e-01
-3.950000000000000000e+02	-3.158414845292763229e-02	1.222235291438573818e-01
-3.940000000000000000e+02	-4.094001330016987239e-02	1.194992782043737267e-01
-3.930000000000000000e+02	-5.007030962392391288e-02	1.160569154680769210e-01
-3.920000000000000000e+02	-5.891971828492707786e-02	1.119144632021999569e-01
-3.910000000000000000e+02	-6.743431082797614329e-02	1.070942239569060012e-01
-3.900000000000000000e+02	-7.556188230491964197e-02	1.016226772482540924e-01
-3.890000000000000000e+02	-8.325227677093377521e-02	9.553035022928176023e-02
-3.880000000000000000e+02	-9.045737341558489353e-02	8.885199879535521372e-02
-3.870000000000000000e+02	-9.713240234557544983e-02	8.162550838510904128e-02
-3.860000000000000000e+02	-1.032353166471181999e-01	7.389238547721622974e-02
-3.850000000000000000e+02	-1.087272031630387992e-01	6.569748814569489892e-02
-3.840000000000000000e+02	-1.135724376944133723e-01	5.708860740342997647e-02
-3.830000000000000000e+02	-1.177378243549541820e-01	4.811584080314717377e-02
-3.820000000000000000e+02	-1.211972054090802303e-01	3.883327209908081501e-02
-3.810000000000000000e+02	-1.239270138441931624e-01	2.929623374230499316e-02
-3.800000000000000000e+02	-1.259079729471453690e-01	1.956207777474881435e-02
-3.790000000000000000e+02	-1.271253603124120057e-01	9.689249081470863514e-03
-3.780000000000000000e+02	-1.275689682986957119e-01	-2.624641500282258585e-04
-3.770000000000000000e+02	-1.272332585997683341e-01	-1.023247433649033221e-02
-3.760000000000000000e+02	-1.261174289706056273e-01	-2.015975780880875992e-02
-3.750000000000000000e+02	-1.242254518340429464e-01	-2.998322400164601942e-02
-3.740000000000000000e+02	-1.215660842301086175e-01	-3.964208836218792442e-02
-3.730000000000000000e+02	-1.181528487344779971e-01	-4.907624676757130905e-02
-3.720000000000000000e+02	-1.140039851415149547e-01	-5.822664920245163023e-02
-3.710000000000000000e+02	-1.091423728801747123e-01	-6.703567042316022073e-02
-3.700000000000000000e+02	-1.035954243067096908e-01	-7.544747532291530556e-02
-3.690000000000000000e+02	-9.739494919562577402e-02	-8.340837671405999798e-02
-3.680000000000000000e+02	-9.057699092880075464e-02	-9.086718325833943732e-02
-3.670000000000000000e+02	-8.317994136651099546e-02	-9.777354445885452772e-02
-3.660000000000000000e+02	-7.524958841407464183e-02	-1.040837965264926890e-01
-3.650000000000000000e+02	-6.683367145072857674e-02	-1.097564844645209231e-01
-3.640000000000000000e+02	-5.798302700903235768e-02	-1.147537173468621274e-01
-3.630000000000000000e+02	-4.875148720107542327e-02	-1.190416231460859897e-01
-3.620000000000000000e+02	-3.919556505786280648e-02	-1.225905882410118081e-01
-3.610000000000000000e+02	-2.937359288189890158e-02	-1.253755961943858188e-01
-3.600000000000000000e+02	-1.934624490702771885e-02	-1.273760668237420846e-01
-3.590000000000000000e+02	-9.176858914613962234e-03	-1.285761183576522859e-01
-3.580000000000000000e+02	1.070769694036192727e-03	-1.289650937721671109e-01
-3.570000000000000000e+02	1.133199524414777934e-02	-1.285374121690799065e-01
-3.560000000000000000e+02	2.154172475334717105e-02	-1.272926406137471489e-01
-3.550000000000000000e+02	3.163482724281686115e-02	-1.252355340912149340e-01
-3.540000000000000000e+02	4.154654688327694134e-02	-1.223760430041385683e-01
-3.530000000000000000e+02	5.121291741245187490e-02	-1.187292878323342321e-01
-3.520000000000000000e+02	6.057117522256434683e-02	-1.143155007751312235e-01
-3.510000000000000000e+02	6.956016849450526174e-02	-1.091599344026278895e-01
-3.500000000000000000e+02	7.812122323733655671e-02	-1.032924216193946698e-01
-3.490000000000000000e+02	8.619748044540234688e-02	-9.674776983640706596e-02
-3.480000000000000000e+02	9.373447171169888015e-02	-8.956576508452557261e-02
-3.470000000000000000e+02	1.006813772046706856e-01	-8.179025937747774755e-02
-3.460000000000000000e+02	1.069909036598027940e-01	-7.346919967712020605e-02
-3.450000000000000000e+02	1.126196176372814689e-01	-6.465434711020685843e-02
-3.440000000000000000e+02	1.175282566390993544e-01	-5.540096882407818946e-02
-3.430000000000000000e+02	1.216820158228404114e-01	-4.576750420969107752e-02
-3.420000000000000000e+02	1.250508081827803042e-01	-3.581520740870610536e-02
-3.410000000000000000e+02	1.276094962182078851e-01	-2.560776819917328848e-02
-3.400000000000000000e+02	1.293381115539593007e-01	-1.521075807681205108e-02
-3.390000000000000000e+02	1.302219522090167225e-01	-4.691456343474437359e-03
-3.380000000000000000e+02	1.302523605860338163e-01	5.881370826593401713e-03
-3.370000000000000000e+02	1.294264192066449382e-01	1.643864245086287465e-02
-3.360000000000000000e+02	1.277446608167095432e-01	2.691076970041943878e-02
-3.350000000000000000e+02	1.252146292566225783e-01	3.722824830874837954e-02
-3.340000000000000000e+02	1.218495308959453433e-01	4.732216942939994342e-02
-3.330000000000000000e+02	1.176681932708657785e-01	5.712468281942311571e-02
-3.320000000000000000e+02	1.126949856666300126e-01	6.656945769573950622e-02
-3.310000000000000000e+02	1.069597017107988268e-01	7.559213812427731383e-02
-3.300000000000000000e+02	1.004974043033024234e-01	8.413078979359356335e-02
-3.290000000000000000e+02	9.334848912660508036e-02	9.212607599154386262e-02
-3.280000000000000000e+02	8.555778036406960774e-02	9.952245517398218555e-02
-3.270000000000000000e+02	7.717476478300332177e-02	1.062678900066136856e-01
-3.260000000000000000e+02	6.825326945213874841e-02	1.123143277155652237e-01
-3.250000000000000000e+02	5.885134354136933171e-02	1.176186571816205673e-01
-3.240000000000000000e+02	4.903053769303183929e-02	1.221427920498302927e-01
-3.230000000000000000e+02	3.885471196665585270e-02	1.258516813883135410e-01
-3.220000000000000000e+02	2.839122411837764065e-02	1.287166986874138108e-01
-3.210000000000000000e+02	1.770981471896513823e-02	1.307147611338771442e-01
-3.200000000000000000e+02	6.882152473017471433e-03	1.318285346615893638e-01
-3.190000000000000000e+02	-4.018212836529288720e-03	1.320466148013479668e-01
-3.180000000000000000e+02	-1.491725548342977443e-02	1.313637286047522890e-01
-3.170000000000000000e+02	-2.574091071751668375e-02	1.297806348137009735e-01
-3.160000000000000000e+02	-3.641472602838040362e-02	1.273042323289100275e-01
-3.150000000000000000e+02	-4.686479400309822435e-02	1.239475887356788764e-01
-3.140000000000000000e+02	-5.701826440167953591e-02	1.197299045209117840e-01
-3.130000000000000000e+02	-6.680385468657815129e-02	1.146764347142159579e-01
-3.120000000000000000e+02	-7.615235546376805664e-02	1.088183679063159659e-01
-3.110000000000000000e+02	-8.499712726953609354e-02	1.021926628924659519e-01
-3.100000000000000000e+02	-9.327420844406800193e-02	9.484221395466611859e-02
-3.090000000000000000e+02	-1.009238675259238188e-01	8.681468224692254210e-02
-3.080000000000000000e+02	-1.078902238766862587e-01	7.816273014464576729e-02
-3.070000000000000000e+02	-1.141216051967157558e-01	6.894386008916073005e-02
-3.060000000000000000e+02	-1.195711177332785674e-01	5.921991488627423306e-02
-3.050000000000000000e+02	-1.241970164923754949e-01	4.905668639800700448e-02
-3.040000000000000000e+02	-1.279625552394917376e-01	3.852334505657305230e-02
-3.030000000000000000e+02	-1.308371060124456642e-01	2.769237791433063270e-02
-3.020000000000000000e+02	-1.327970426570697915e-01	1.663917859746271224e-02
-3.010000000000000000e+02	-1.338243439683575731e-01	5.440874385913532091e-03
-3.000000000000000000e+02	-1.339074737719730956e-01	-5.824173682291686020e-03
-2.990000000000000000e+02	-1.330414556480920552e-01	-1.707639813325106254e-02
-2.980000000000000000e+02	-1.312280104163306982e-01	-2.823577622216824970e-02
-2.970000000000000000e+02	-1.284756055990258494e-01	-3.922239230766676188e-02
-2.960000000000000000e+02	-1.247994578550010586e-01	-4.995700604695633290e-02
-2.950000000000000000e+02	-1.202214876911956165e-01	-6.036162250477560692e-02
-2.940000000000000000e+02	-1.147700863966546053e-01	-7.035997455465962946e-02
-2.930000000000000000e+02	-1.084792973915335718e-01	-7.987750009029842557e-02
-2.920000000000000000e+02	-1.013917153607417493e-01	-8.884400542278060586e-02
-2.910000000000000000e+02	-9.355473256417655425e-02	-9.719217020237336246e-02
-2.900000000000000000e+02	-8.502147592569665735e-02	-1.048586769442970273e-01
-2.890000000000000000e+02	-7.585047559431473685e-02	-1.117847027877555272e-01
-2.880000000000000000e+02	-6.610529114560403929e-02	-1.179163844505377867e-01
-2.870000000000000000e+02	-5.585409752754056517e-02	-1.232052527236594114e-01
-2.860000000000000000e+02	-4.516901683496668540e-02	-1.276087095845029329e-01
-2.850000000000000000e+02	-3.412547576034000163e-02	-1.310903306706102112e-01
-2.840000000000000000e+02	-2.280355673538321526e-02	-1.336197109008437911e-01
-2.830000000000000000e+02	-1.128510626010071315e-02	-1.351735334767104890e-01
-2.820000000000000000e+02	3.459726866694894988e-04	-1.357350329955621104e-01
-2.810000000000000000e+02	1.200426335152501335e-02	-1.352957945225323477e-01
-2.800000000000000000e+02	2.360364193222076051e-02	-1.338541552613290719e-01
-2.790000000000000000e+02	3.505780731695311292e-02	-1.314158628068772539e-01
-2.780000000000000000e+02	4.628091790889547058e-02	-1.279941009641208105e-01
-2.770000000000000000e+02	5.718823220776277777e-02	-1.236094609945586204e-01
-2.760000000000000000e+02	6.769728831946444925e-02	-1.182895488434081710e-01
-2.750000000000000000e+02	7.772734393691496657e-02	-1.120693469982981805e-01
-2.740000000000000000e+02	8.720014488950481035e-02	-1.049912635113617460e-01
-2.730000000000000000e+02	9.604160975031157677e-02	-9.710421666832524945e-02
-2.720000000000000000e+02	1.041818753755456711e-01	-8.846358304678314521e-02
-2.710000000000000000e+02	1.115558647971139072e-01	-7.913083997669650982e-02
-2.700000000000000000e+02	1.181042452647703550e-01	-6.917340364885202209e-02
-2.690000000000000000e+02	1.237737062293019080e-01	-5.866383174582221610e-02
-2.680000000000000000e+02	1.285156401065389031e-01	-4.767859758212816823e-02
-2.670000000000000000e+02	1.322890426085349957e-01	-3.629902459234098794e-02
-2.660000000000000000e+02	1.350599993267472543e-01	-2.461006977170290128e-02
-2.650000000000000000e+02	1.368020569127611219e-01	-1.269926580382229470e-02
-2.640000000000000000e+02	1.374962985170275764e-01	-6.574401892341662267e-04
-2.630000000000000000e+02	1.371318577562281316e-01	1.142331040470596741e-02
-2.620000000000000000e+02	1.357059631730853921e-01	2.344988018781490532e-02
-2.610000000000000000e+02	1.332240412390511552e-01	3.532886597823217678e-02
-2.600000000000000000e+02	1.296997567784650418e-01	4.696729007019163210e-02
-2.590000000000000000e+02	1.251549895804161261e-01	5.827332874088243103e-02
-2.580000000000000000e+02	1.196197464465188487e-01	6.915704076149246926e-02
-2.570000000000000000e+02	1.131320084198058906e-01	7.953109018273843422e-02
-2.560000000000000000e+02	1.057383561506143321e-01	8.931216940410906246e-02
-2.550000000000000000e+02	9.749251383443427454e-02	9.842042848575181802e-02
-2.540000000000000000e+02	8.845370382299426459e-02	1.067794254577260071e-01
-2.530000000000000000e+02	7.868836433868266200e-02	1.143196674911056837e-01
-2.520000000000000000e+02	6.826972714532980602e-02	1.209769582722674958e-01
-2.510000000000000000e+02	5.727680091390246336e-02	1.266935699901542145e-01
-2.500000000000000000e+02	4.579380752928258191e-02	1.314187729498096091e-01
-2.490000000000000000e+02	3.390956899030846128e-02	1.351093168372189401e-01
-2.480000000000000000e+02	2.171684896687555572e-02	1.377298589573647258e-01
-2.470000000000000000e+02	9.311653525845401541e-03	1.392533350996118802e-01
-2.460000000000000000e+02	-3.207504040438070771e-03	1.396612690599270679e-01
-2.450000000000000000e+02	-1.574036895772000857e-02	1.389440172661951522e-01
-2.440000000000000000e+02	-2.818573560269050857e-02	1.371009454085486412e-01
-2.430000000000000000e+02	-4.044225040601447108e-02	1.341405125204101212e-01
-2.420000000000000000e+02	-5.240687676061554778e-02	1.300812708296544273e-01
-2.410000000000000000e+02	-6.398249092431561313e-02	1.249497474149001003e-01
-2.400000000000000000e+02	-7.507301273475358583e-02	1.187814036875890766e-01
-2.390000000000000000e+02	-8.558491019330614902e-02	1.116206371872229819e-01
-2.380000000000000000e+02	-9.542858015138530603e-02	1.035203446066977340e-01
-2.370000000000000000e+02	-1.045191258656832656e-01	9.454158761309014447e-02
-2.360000000000000000e+02	-1.127771075824436503e-01	8.475318714285283439e-02
-2.350000000000000000e+02	-1.201292595498892612e-01	7.423124818155325821e-02
-2.340000000000000000e+02	-1.265091669875056946e-01	6.305861764732208219e-02
-2.330000000000000000e+02	-1.318578967261819779e-01	5.132427860078918325e-02
-2.320000000000000000e+02	-1.361245754748193204e-01	3.912268459698884510e-02
-2.310000000000000000e+02	-1.392669099663845222e-01	2.655303857155144262e-02
-2.300000000000000000e+02	-1.412516435887966881e-01	1.371852120936614683e-02
-2.290000000000000000e+02	-1.420549445123955590e-01	7.254742731092239704e-04
-2.280000000000000000e+02	-1.416627953256060224e-01	-1.231659780305864767e-02
-2.270000000000000000e+02	-1.400698806184408063e-01	-2.529776981575435416e-02
-2.260000000000000000e+02	-1.372806045454377788e-01	-3.810728686995771414e-02
-2.250000000000000000e+02	-1.333145073929505042e-01	-5.063543526688209229e-02
-2.240000000000000000e+02	-1.281981281182023036e-01	-6.277363579445524588e-02
-2.230000000000000000e+02	-1.219680566147589434e-01	-7.441565623594154077e-02
-2.220000000000000000e+02	-1.146707415922827433e-01	-8.545854323155124832e-02
-2.210000000000000000e+02	-1.063622121345307453e-01	-9.580354014244125971e-02
-2.200000000000000000e+02	-9.710771373966645137e-02	-1.053569829539609259e-01
-2.190000000000000000e+02	-8.698126037544226530e-02	-1.140311662705410650e-01
-2.180000000000000000e+02	-7.606510481533543255e-02	-1.217451715360704512e-01
-2.170000000000000000e+02	-6.444913025476328716e-02	-1.284256497617566051e-01
-2.160000000000000000e+02	-5.222955776540367384e-02	-1.340077886840286558e-01
-2.150000000000000000e+02	-3.950989925920868340e-02	-1.384351773061506807e-01
-2.140000000000000000e+02	-2.639876895582074848e-02	-1.416612393949303328e-01
-2.130000000000000000e+02	-1.300912969093792788e-02	-1.436495927204910761e-01
-2.120000000000000000e+02	5.424982889285013318e-04	-1.443744254418856954e-01
-2.110000000000000000e+02	1.413691313678279438e-02	-1.438197709283568493e-01
-2.100000000000000000e+02	2.765323922270103776e-02	-1.419824083458981201e-01
-2.090000000000000000e+02	4.097035907420282230e-02	-1.388708561288065080e-01
-2.080000000000000000e+02	5.396774529940543547e-02	-1.345043751700399359e-01
-2.070000000000000000e+02	6.652726372002573663e-02	-1.289132887211920930e-01
-2.060000000000000000e+02	7.853228285516331009e-02	-1.221396710057248286e-01
-2.050000000000000000e+02	8.987016061975974801e-02	-1.142367935618923552e-01
-2.040000000000000000e+02	1.004334912684651526e-01	-1.052685697279796551e-01
-2.030000000000000000e+02	1.101208336615163846e-01	-9.530923955936723702e-02
-2.020000000000000000e+02	1.188377136106363169e-01	-8.444282867293932682e-02
-2.010000000000000000e+02	1.264975787758758630e-01	-7.276250909411378920e-02
-2.000000000000000000e+02	1.330226964915334487e-01	-6.036986607957647855e-02
-1.990000000000000000e+02	1.383449852096722554e-01	-4.737407583410611911e-02
-1.980000000000000000e+02	1.424067711600477126e-01	-3.389099783163088131e-02
-1.970000000000000000e+02	1.451615092783907213e-01	-2.004183388372721142e-02
-1.960000000000000000e+02	1.465755146844291701e-01	-5.953311729170338885e-03
-1.950000000000000000e+02	1.466277533494899366e-01	8.245254091710443531e-03
-1.940000000000000000e+02	1.453046835408605408e-01	2.242208738755789230e-02
-1.930000000000000000e+02	1.426086593392025537e-01	3.644376595015230008e-02
-1.920000000000000000e+02	1.385550121105886268e-01	5.017687794261366241e-02
-1.910000000000000000e+02	1.331721251705961506e-01	6.348922850869127832e-02
-1.900000000000000000e+02	1.265012375892090590e-01	7.625137692650507670e-02
-1.890000000000000000e+02	1.185963303598509266e-01	8.833761658567901298e-02
-1.880000000000000000e+02	1.095237693374639526e-01	9.962732796165553462e-02
-1.870000000000000000e+02	9.936184750122478704e-02	1.100062099102944307e-01
-1.860000000000000000e+02	8.820020385942710373e-02	1.193674722616185346e-01
-1.850000000000000000e+02	7.613909259918709427e-02	1.276129948037714734e-01
-1.840000000000000000e+02	6.328866468729861527e-02	1.346543401353569036e-01
-1.830000000000000000e+02	4.976806836206851964e-02	1.404137898809987295e-01
-1.820000000000000000e+02	3.570408019882637812e-02	1.448253928697731674e-01
-1.810000000000000000e+02	2.123019579795999354e-02	1.478356230782145730e-01
-1.800000000000000000e+02	6.485456388113509767e-03	1.494048099056552725e-01
-1.790000000000000000e+02	-8.387231665155432669e-03	1.495081517780846025e-01
-1.780000000000000000e+02	-2.324207974134782570e-02	1.481301071057039842e-01
-1.770000000000000000e+02	-3.793117699485960143e-02	1.452726100344453319e-01
-1.760000000000000000e+02	-5.230675892762597784e-02	1.409523364302469051e-01
-1.750000000000000000e+02	-6.622245392039530221e-02	1.352007588515967140e-01
-1.740000000000000000e+02	-7.953476255707409015e-02	1.280640680324848235e-01
-1.730000000000000000e+02	-9.210452965821960825e-02	1.196029560593632607e-01
-1.720000000000000000e+02	-1.037985284132551117e-01	1.098921455773885641e-01
-1.710000000000000000e+02	-1.144907860381817050e-01	9.901990125295133394e-02
-1.700000000000000000e+02	-1.240638862310310397e-01	8.708747740734242015e-02
-1.690000000000000000e+02	-1.324103362544112317e-01	7.420838661841408501e-02
-1.680000000000000000e+02	-1.394341536412111726e-01	6.050694070298034272e-02
-1.670000000000000000e+02	-1.450521903834045279e-01	4.611734311553618987e-02
-1.660000000000000000e+02	-1.491936322367462819e-01	3.118227672745804702e-02
-1.650000000000000000e+02	-1.518026627413908147e-01	1.585222357296767540e-02
-1.640000000000000000e+02	-1.528387174667147352e-01	2.843113500683089041e-04
-1.630000000000000000e+02	-1.522773067342902964e-01	-1.536036636139188373e-02
-1.620000000000000000e+02	-1.501104067698662003e-01	-3.091774286285332851e-02
-1.610000000000000000e+02	-1.463468464376057598e-01	-4.622257988965742387e-02
-1.600000000000000000e+02	-1.410124964050845919e-01	-6.111020088507439912e-02
-1.590000000000000000e+02	-1.341496159888033723e-01	-7.541943245993124045e-02
-1.580000000000000000e+02	-1.258180536060231336e-01	-8.899122621063225436e-02
-1.570000000000000000e+02	-1.160939556866919381e-01	-1.016730638056672770e-01
-1.560000000000000000e+02	-1.050694795231402051e-01	-1.133199588095141763e-01
-1.550000000000000000e+02	-9.285203348217502262e-02	-1.237960793996951830e-01
-1.540000000000000000e+02	-7.956345486620843011e-02	-1.329763511610760618e-01
-1.530000000000000000e+02	-6.533930009629661251e-02	-1.407487802007261202e-01
-1.520000000000000000e+02	-5.032683740552422458e-02	-1.470150513071751541e-01
-1.510000000000000000e+02	-3.468400412510082298e-02	-1.516921525686366901e-01
-1.500000000000000000e+02	-1.857788009318329589e-02	-1.547130251392162259e-01
-1.490000000000000000e+02	-2.182954662694003376e-03	-1.560282512668255683e-01
-1.480000000000000000e+02	1.432068729163683656e-02	-1.556065507043344065e-01
-1.470000000000000000e+02	3.074894870615316883e-02	-1.534346176931466188e-01
-1.460000000000000000e+02	4.691608007016297155e-02	-1.495193589728832650e-01
-1.450000000000000000e+02	6.263531243300213269e-02	-1.438894466420873874e-01
-1.440000000000000000e+02	7.772245702130289868e-02	-1.365935193553050875e-01
-1.430000000000000000e+02	9.200130006324280796e-02	-1.277010855320325211e-01
-1.420000000000000000e+02	1.053002733612097841e-01	-1.172917420432064983e-01
-1.410000000000000000e+02	1.174564560538883390e-01	-1.054686571292640651e-01
-1.400000000000000000e+02	1.283166640023409855e-01	-9.235492389762364751e-02
-1.390000000000000000e+02	1.377389916278659865e-01	-7.809419495680185175e-02
-1.380000000000000000e+02	1.455981653429066214e-01	-6.284300482530064125e-02
-1.370000000000000000e+02	1.517870652447396163e-01	-4.676907697409258408e-02
-1.360000000000000000e+02	1.562166217981439120e-01	-3.005013564426187167e-02
-1.350000000000000000e+02	1.588151385381567360e-01	-1.287872056248578340e-02
-1.340000000000000000e+02	1.595324472781554925e-01	4.543508824390469006e-03
-1.330000000000000000e+02	1.583406276811034907e-01	2.201283730468790376e-02
-1.320000000000000000e+02	1.552320920138361982e-01	3.932378851555890648e-02
-1.310000000000000000e+02	1.502200262112216300e-01	5.627004961676973505e-02
-1.300000000000000000e+02	1.433408783133571229e-01	7.263534738398542967e-02
-1.290000000000000000e+02	1.346564544841364064e-01	8.820033557318522621e-02
-1.280000000000000000e+02	1.242617379827337526e-01	1.027599656265371780e-01
-1.270000000000000000e+02	1.122719003420291073e-01	1.161219961424901220e-01
-1.260000000000000000e+02	9.882223431624974352e-02	1.281185758042590050e-01
-1.250000000000000000e+02	8.406250212399919708e-02	1.386001264471613814e-01
-1.240000000000000000e+02	6.815310386862881431e-02	1.474217275116933012e-01
-1.230000000000000000e+02	5.127241649438503412e-02	1.544452411494018906e-01
-1.220000000000000000e+02	3.362061982962095269e-02	1.595537613516196107e-01
-1.210000000000000000e+02	1.541768092867544689e-02	1.626489548789504802e-01
-1.200000000000000000e+02	-3.104105426353576374e-03	1.636703265594178225e-01
-1.190000000000000000e+02	-2.170591385139077067e-02	1.625824069973163533e-01
-1.180000000000000000e+02	-4.014695208584144470e-02	1.593772398466551110e-01
-1.170000000000000000e+02	-5.818664027472247868e-02	1.540696989132664674e-01
-1.160000000000000000e+02	-7.558530934862681128e-02	1.467019283237698257e-01
-1.150000000000000000e+02	-9.210695767258553213e-02	1.373455245155029980e-01
-1.140000000000000000e+02	-1.075216092549123592e-01	1.260988944820445323e-01
-1.130000000000000000e+02	-1.216100108502312926e-01	1.130868213137108114e-01
-1.120000000000000000e+02	-1.341631268903965835e-01	9.846039000925321805e-02
-1.110000000000000000e+02	-1.449885883180585255e-01	8.239555268807730037e-02
-1.100000000000000000e+02	-1.539198698187716485e-01	6.509521576667745557e-02
-1.090000000000000000e+02	-1.608099520369522806e-01	4.677877815223069335e-02
-1.080000000000000000e+02	-1.655366702982041249e-01	2.768374016672849394e-02
-1.070000000000000000e+02	-1.680057234225804108e-01	8.062061624404854784e-03
-1.060000000000000000e+02	-1.681490019869417429e-01	-1.181971335639220820e-02
-1.050000000000000000e+02	-1.659326456015888795e-01	-3.168547369868885549e-02
-1.040000000000000000e+02	-1.613554999538172330e-01	-5.125425936041842073e-02
-1.030000000000000000e+02	-1.544497378090717576e-01	-7.024469048311335340e-02
-1.020000000000000000e+02	-1.452806534857222220e-01	-8.837725959899736528e-02
-1.010000000000000000e+02	-1.339468891791541771e-01	-1.053784806512273881e-01
-1.000000000000000000e+02	-1.205807861301555067e-01	-1.209852509114836827e-01
-9.900000000000000000e+01	-1.053473336492126433e-01	-1.349488863811134642e-01
-9.800000000000000000e+01	-8.844216962270309845e-02	-1.470400257408419620e-01
-9.700000000000000000e+01	-7.008997256470866910e-02	-1.570515819153944226e-01
-9.600000000000000000e+01	-5.054178541072366915e-02	-1.648023565545993219e-01
-9.500000000000000000e+01	-3.007233305671704396e-02	-1.701408708730822450e-01
-9.400000000000000000e+01	-8.976610750432682459e-03	-1.729487838663932575e-01
-9.300000000000000000e+01	1.243419313486113058e-02	-1.731443318346063687e-01
-9.200000000000000000e+01	3.383705695324455004e-02	-1.706823401969720100e-01
-9.100000000000000000e+01	5.490154256645164016e-02	-1.655577779310653808e-01
-9.000000000000000000e+01	7.529425457574866198e-02	-1.578067603667987207e-01
-8.900000000000000000e+01	9.468432780207786115e-02	-1.475074471367388007e-01
-8.800000000000000000e+01	1.127486722931718977e-01	-1.347798655169451520e-01
-8.700000000000000000e+01	1.291769974163472223e-01	-1.197852303027054782e-01
-8.600000000000000000e+01	1.436774246701138513e-01	-1.027253386905982446e-01
-8.500000000000000000e+01	1.559818134994375438e-01	-8.384038223909733023e-02
-8.400000000000000000e+01	1.658510148696890896e-01	-6.340597491471336444e-02
-8.300000000000000000e+01	1.730795583678814697e-01	-4.173051801393092702e-02
-8.200000000000000000e+01	1.774998712701528480e-01	-1.915103422008073916e-02
-8.100000000000000000e+01	1.789864482105979204e-01	3.971704183896318692e-03
-8.000000000000000000e+01	1.774598124254727627e-01	2.725795420543021194e-02
-7.900000000000000000e+01	1.728893137792052725e-01	5.031469916350331945e-02
-7.800000000000000000e+01	1.652956531970959930e-01	7.274148324202447946e-02
-7.700000000000000000e+01	1.547523244143670651e-01	9.413886086650397056e-02
-7.600000000000000000e+01	1.413853117390175274e-01	1.141130027084988480e-01
-7.500000000000000000e+01	1.253740230056344662e-01	1.322835428865237750e-01
-7.400000000000000000e+01	1.069499945070983005e-01	1.482910103474800456e-01
-7.300000000000000000e+01	8.639462694521231334e-02	1.618039260272211843e-01
-7.200000000000000000e+01	6.403666720123905864e-02	1.725255535569483467e-01
-7.100000000000000000e+01	4.024799107494076572e-02	1.802010361266648542e-01
-7.000000000000000000e+01	1.543775257387927126e-02	1.846239679460055516e-01
-6.900000000000000000e+01	-9.953078093392245945e-03	1.856418368167433997e-01
-6.800000000000000000e+01	-3.545913368540175997e-02	1.831622365667125163e-01
-6.700000000000000000e+01	-6.059707114502015796e-02	1.771531236262121056e-01
-6.600000000000000000e+01	-8.487536653270369436e-02	1.676494283653376105e-01
-6.500000000000000000e+01	-1.078021178302547012e-01	1.547554874249524037e-01
-6.400000000000000000e+01	-1.288942165169660314e-01	1.386461011505263075e-01
-6.300000000000000000e+01	-1.476895051216171040e-01	1.195646594269440116e-01
-6.200000000000000000e+01	-1.637550769958979191e-01	9.782215984101666484e-02
-6.100000000000000000e+01	-1.766967567581978205e-01	7.379536169094999543e-02
-6.000000000000000000e+01	-1.861698067613385410e-01	4.792212251192459055e-02
-5.900000000000000000e+01	-1.918891378082751287e-01	2.069236469840043599e-02
-5.800000000000000000e+01	-1.936364924005696542e-01	-7.355688092924092016e-03
-5.700000000000000000e+01	-1.912692101878094020e-01	-3.564533451410887427e-02
-5.600000000000000000e+01	-1.847284146167139651e-01	-6.357146396410623401e-02
-5.500000000000000000e+01	-1.740448295363573317e-01	-9.051207429834649820e-02
-5.400000000000000000e+01	-1.593390664540761947e-01	-1.158460572464390242e-01
-5.300000000000000000e+01	-1.408266712667970710e-01	-1.389596561002342801e-01
-5.200000000000000000e+01	-1.188182703523738976e-01	-1.592630760247565058e-01
-5.100000000000000000e+01	-9.371939774240888033e-02	-1.762045471780392947e-01
-5.000000000000000000e+01	-6.602164482501945986e-02	-1.892856003457014102e-01
-4.900000000000000000e+01	-3.630219803437307463e-02	-1.980770536733154896e-01
-4.800000000000000000e+01	-5.215973214743143023e-03	-2.022362598137576184e-01
-4.700000000000000000e+01	2.652098369591427557e-02	-2.015149627799670551e-01
-4.600000000000000000e+01	5.814623455450432243e-02	-1.957726046207692028e-01
-4.500000000000000000e+01	8.886075729864813255e-02	-1.849864558817458926e-01
-4.400000000000000000e+01	1.178484731371777644e-01	-1.692605127702125623e-01
-4.300000000000000000e+01	1.442958674158850152e-01	-1.488315470800506968e-01
-4.200000000000000000e+01	1.674112272054238126e-01	-1.240722213017630693e-01
-4.100000000000000000e+01	1.864512630119981029e-01	-9.549851777902081118e-02
-4.000000000000000000e+01	2.007499495580986337e-01	-6.374422827087523891e-02
-3.900000000000000000e+01	2.097292577353553900e-01	-2.957206708136215015e-02
-3.800000000000000000e+01	2.129278570709307317e-01	6.143170586815564771e-03
-3.700000000000000000e+01	2.100236160287570208e-01	4.243078210599936229e-02
-3.600000000000000000e+01	2.008558955891188158e-01	7.824089480327262036e-02
-3.500000000000000000e+01	1.854394932132612528e-01	1.124847398074156346e-01
-3.400000000000000000e+01	1.639808482729241679e-01	1.440516619799269427e-01
-3.300000000000000000e+01	1.368886885597042913e-01	1.718290076159921798e-01
-3.200000000000000000e+01	1.047690160850748009e-01	1.947674360047740028e-01
-3.100000000000000000e+01	6.843588919048164410e-02	2.118952825450677868e-01
-3.000000000000000000e+01	2.890109640407845931e-02	2.223644744503059933e-01
-2.900000000000000000e+01	-1.264052012924172380e-02	2.254918396659457425e-01
-2.800000000000000000e+01	-5.483291479212359931e-02	2.208004076286604334e-01
-2.700000000000000000e+01	-9.619410543486099641e-02	2.080579427468584874e-01
-2.600000000000000000e+01	-1.351657019691059614e-01	1.873082296626746857e-01
-2.500000000000000000e+01	-1.701500368240455308e-01	1.588947973657822699e-01
-2.400000000000000000e+01	-1.995662237385791848e-01	1.234853363606218252e-01
-2.300000000000000000e+01	-2.219156076472856287e-01	8.208714272599015871e-02
-2.200000000000000000e+01	-2.358577519808000844e-01	3.603985818733611290e-02
-2.100000000000000000e+01	-2.402827447856001886e-01	-1.299373262166969231e-02
-2.000000000000000000e+01	-2.343908797346327955e-01	-6.306348867708537476e-02
-1.900000000000000000e+01	-2.177696032221515809e-01	-1.119782427635084149e-01
-1.800000000000000000e+01	-1.904684387087225428e-01	-1.573787317318807721e-01
-1.700000000000000000e+01	-1.530563435039956066e-01	-1.968245724442027333e-01
-1.600000000000000000e+01	-1.066745237557259612e-01	-2.279088453424886751e-01
-1.500000000000000000e+01	-5.306988993422324941e-02	-2.483882766468613890e-01
-1.400000000000000000e+01	5.413251596708544555e-03	-2.563420921215856518e-01
-1.300000000000000000e+01	6.586972163134223457e-02	-2.503284588874438166e-01
-1.200000000000000000e+01	1.249064230547544119e-01	-2.295534983259866768e-01
-1.100000000000000000e+01	1.787768912897892415e-01	-1.940482138771705556e-01
-1.000000000000000000e+01	2.235734913754161557e-01	-1.448197304818719111e-01
-9.000000000000000000e+00	2.554675746657368296e-01	-8.395929522462175498e-02
-8.000000000000000000e+00	2.710261110203044943e-01	-1.470853202754207611e-02
-7.000000000000000000e+00	2.675462965776864710e-01	5.856202306893809606e-02
-6.000000000000000000e+00	2.434810157675524334e-01	1.304796208832371129e-01
-5.000000000000000000e+00	1.988452468460837341e-01	1.949652318807321427e-01
-4.000000000000000000e+00	1.355155114197340860e-01	2.456482974406994646e-01
-3.000000000000000000e+00	5.749509551859514206e-02	2.764445594222885716e-01
-2.000000000000000000e+00	-2.899753620910066124e-02	2.823431659056666598e-01
-1.000000000000000000e+00	-1.157659878493104005e-01	2.602891091633230958e-01
0.000000000000000000e+00	-1.932176027896236881e-01	2.100137418133062872e-01
1.000000000000000000e+00	-2.513513588594343262e-01	1.347971912808423600e-01
2.000000000000000000e+00	-2.811684249514712630e-01	4.184855521647856680e-02
3.000000000000000000e+00	-2.763874518622186360e-01	-5.797342246225394014e-02
4.000000000000000000e+00	-2.350758593786146933e-01	-1.511803806975253739e-01
5.000000000000000000e+00	-1.610204754116438264e-01	-2.234844822566640909e-01
6.000000000000000000e+00	-6.405510580259322906e-02	-2.625040056300881885e-01
7.000000000000000000e+00	4.085148714165381945e-02	-2.605324955065099202e-01
8.000000000000000000e+00	1.359939685882879945e-01	-2.169633647635718088e-01
9.000000000000000000e+00	2.044321834276195959e-01	-1.391133194892058833e-01
1.000000000000000000e+01	2.338841244993926927e-01	-4.150862701924916409e-02
1.100000000000000000e+01	2.197096220198123673e-01	5.705805651511515475e-02
1.200000000000000000e+01	1.663263431301615913e-01	1.375747613455042262e-01
1.300000000000000000e+01	8.629824689618657840e-02	1.851726983578251551e-01
1.400000000000000000e+01	-2.597579096911607679e-03	1.925402074590602808e-01
1.500000000000000000e+01	-8.161005176903311786e-02	1.612811169280468082e-01
1.600000000000000000e+01	-1.353328021765270173e-01	1.013270151147179915e-01
1.700000000000000000e+01	-1.551024452087296224e-01	2.805600716133289929e-02
1.800000000000000000e+01	-1.404397340146860407e-01	-4.164964978916002591e-02
1.900000000000000000e+01	-9.854188585805158385e-02	-9.339898759029131858e-02
2.000000000000000000e+01	-4.176332030005567436e-02	-1.183747894355026420e-01
2.100000000000000000e+01	1.573776103712604818e-02	-1.147414105539430185e-01
2.200000000000000000e+01	6.147479268788264700e-02	-8.720299016488418375e-02
2.300000000000000000e+01	8.722241610682386626e-02	-4.507230847365195636e-02
2.400000000000000000e+01	9.029921300885720981e-02	4.138452470614810072e-04
2.500000000000000000e+01	7.336020451425975808e-02	3.889602997006271629e-02
2.600000000000000000e+01	4.305987284167344525e-02	6.303433670670408051e-02
2.700000000000000000e+01	8.026947065642811921e-03	6.972605768428276340e-02
2.800000000000000000e+01	-2.336445866682447525e-02	6.014344735699677508e-02
2.900000000000000000e+01	-4.477706035106795990e-02	3.886573818800023727e-02
3.000000000000000000e+01	-5.303741500617505794e-02	1.237767729637488309e-02
3.100000000000000000e+01	-4.835801422165855734e-02	-1.267749793671040133e-02
3.200000000000000000e+01	-3.379124568756268487e-02	-3.099319973165722691e-02
3.300000000000000000e+01	-1.410965394722749067e-02	-3.958997589616049251e-02
3.400000000000000000e+01	5.542488258848085256e-03	-3.808462825412844976e-02
3.500000000000000000e+01	2.082244698237671957e-02	-2.840929936830162775e-02
3.600000000000000000e+01	2.903789336108423061e-02	-1.399086723131346896e-02
3.700000000000000000e+01	2.948242912280735900e-02	1.232342115394909109e-03
3.800000000000000000e+01	2.328263911861036539e-02	1.375629285532650910e-02
3.900000000000000000e+01	1.285652156120026257e-02	2.121464349496025165e-02
4.000000000000000000e+01	1.206898046379114610e-03	2.275327981527877977e-02
4.100000000000000000e+01	-8.876867008274303208e-03	1.897393123143956140e-02
4.200000000000000000e+01	-1.539360953569133064e-02	1.156793250581466918e-02
4.300000000000000000e+01	-1.747043333889175890e-02	2.776782911611737695e-03
4.400000000000000000e+01	-1.535514651318656103e-02	-5.220364289243865745e-03
4.500000000000000000e+01	-1.020481334276468650e-02	-1.077038679127518064e-02
4.600000000000000000e+01	-3.658882068764978106e-03	-1.304696625477119037e-02
4.700000000000000000e+01	2.613795795913509933e-03	-1.207494505288301753e-02
4.800000000000000000e+01	7.266957485288439746e-03	-8.586606423469049856e-03
4.900000000000000000e+01	9.525939562916484887e-03	-3.762708887190735832e-03
5.000000000000000000e+01	9.283843185843781293e-03	1.110928674796659481e-03
5.100000000000000000e+01	6.987223823042078806e-03	4.950066916700260333e-03
5.200000000000000000e+01	3.471762950674333725e-03	7.060272645124925084e-03
5.300000000000000000e+01	-2.776495116791801300e-04	7.254753445849110305e-03
5.400000000000000000e+01	-3.393705661037590450e-03	5.801797837452171008e-03
5.500000000000000000e+01	-5.287152584859301438e-03	3.284420336004820456e-03
5.600000000000000000e+01	-5.739383214485771836e-03	4.333958572130603478e-04
5.700000000000000000e+01	-4.869921721626519970e-03	-2.065478662671601986e-03
5.800000000000000000e+01	-3.094543495573063435e-03	-3.714710238089836448e-03
5.900000000000000000e+01	-9.486691837727005824e-04	-4.291017255191259018e-03
6.000000000000000000e+01	1.037796591235553038e-03	-3.826201481003211214e-03
6.100000000000000000e+01	2.444791905046488686e-03	-2.593493514462339149e-03
6.200000000000000000e+01	3.051993444550332550e-03	-9.895905144647035214e-04
6.300000000000000000e+01	2.848167325240795640e-03	5.692943683552049820e-04
6.400000000000000000e+01	2.013359900991911009e-03	1.742404278854344261e-03
6.500000000000000000e+01	8.311060836775607244e-04	2.327470718693929342e-03
6.600000000000000000e+01	-3.754662322486635785e-04	2.291861095674699138e-03
6.700000000000000000e+01	-1.335600095013871709e-03	1.744030322757301283e-03
6.800000000000000000e+01	-1.869085193678891432e-03	8.855482427292273419e-04
6.900000000000000000e+01	-1.935248569633823490e-03	-3.596268192848258019e-05
7.000000000000000000e+01	-1.601169522059102488e-03	-8.132075049734816853e-04
7.100000000000000000e+01	-9.840454393182092134e-04	-1.287061373591844244e-03
7.200000000000000000e+01	-2.853507844867625215e-04	-1.409513660536761180e-03
7.300000000000000000e+01	3.332719330777987837e-04	-1.214335745123248456e-03
7.400000000000000000e+01	7.436847549928037255e-04	-7.805203164845737245e-04
7.500000000000000000e+01	8.882360077537143758e-04	-2.571358993278559705e-04
7.600000000000000000e+01	7.935962914673484487e-04	2.292286457401718864e-04
7.700000000000000000e+01	5.030247552186178136e-04	5.846169036417854644e-04
7.800000000000000000e+01	1.102240764259118438e-04	7.413094586157467246e-04
7.900000000000000000e+01	-2.741591008641889649e-04	6.989313978886742317e-04
8.000000000000000000e+01	-5.658140777734806766e-04	4.986341452258087788e-04
8.100000000000000000e+01	-7.137593126443151758e-04	2.111829857640600320e-04
8.200000000000000000e+01	-7.143113006612339996e-04	-8.467172238249692242e-05
8.300000000000000000e+01	-5.889416174770904528e-04	-3.258156381483575856e-04
8.400000000000000000e+01	-3.800523926133616073e-04	-4.642148420271132478e-04
8.500000000000000000e+01	-1.511223032751702298e-04	-4.850155769658128987e-04
8.600000000000000000e+01	4.248374187693018130e-05	-4.044273318351827135e-04
8.700000000000000000e+01	1.639824801846365631e-04	-2.555607533345294682e-04
8.800000000000000000e+01	1.999865254915685054e-04	-8.419488186859308391e-05
8.900000000000000000e+01	1.545025559302052372e-04	7.117821921861167622e-05
9.000000000000000000e+01	4.999192488764303782e-05	1.776473841280967780e-04
9.100000000000000000e+01	-7.903332532871802619e-05	2.140884753337287587e-04
9.200000000000000000e+01	-2.012224705825547814e-04	1.926783055318482759e-04
9.300000000000000000e+01	-2.890057551179409968e-04	1.215156851892828935e-04
9.400000000000000000e+01	-3.306390633740937638e-04	2.628299845646187445e-05
9.500000000000000000e+01	-3.224182252930239169e-04	-6.864095253888745439e-05
9.600000000000000000e+01	-2.757260175363980157e-04	-1.423747364913395834e-04
9.700000000000000000e+01	-2.054800519155454484e-04	-1.813854012607609182e-04
9.800000000000000000e+01	-1.322928045026558182e-04	-1.832780217977275660e-04
9.900000000000000000e+01	-7.193447800640650352e-05	-1.524616294169101689e-04
1.000000000000000000e+02	-3.627534183682519763e-05	-1.013085861255662133e-04
1.010000000000000000e+02	-2.981078453074636106e-05	-4.576478385084044114e-05
1.020000000000000000e+02	-4.834807675935639051e-05	2.962525211005752291e-06
1.030000000000000000e+02	-8.451466338227868599e-05	3.404572099813508665e-05
1.040000000000000000e+02	-1.274179192183673881e-04	4.370550886398496876e-05
1.050000000000000000e+02	-1.650264121176131765e-04	3.280317642329427889e-05
1.060000000000000000e+02	-1.918403265834319079e-04	7.680257662804682909e-06
1.070000000000000000e+02	-2.023202172937864807e-04	-2.407511455291095213e-05
