# # Time 	 h_plus 	 h_cross 
# 
-4.090000000000000000e+02	-1.541090512759342168e-01	-4.902212458479474760e-02
-4.080000000000000000e+02	-1.498778636811026743e-01	-6.098375460176248125e-02
-4.070000000000000000e+02	-1.447140912289236747e-01	-7.259456429609904837e-02
-4.060000000000000000e+02	-1.386453863763382754e-01	-8.378079693428443220e-02
-4.050000000000000000e+02	-1.317058685990537548e-01	-9.447116348818579423e-02
-4.040000000000000000e+02	-1.239352672303540986e-01	-1.045971730197622629e-01
-4.030000000000000000e+02	-1.153786822181594729e-01	-1.140935492802632595e-01
-4.020000000000000000e+02	-1.060859841037812834e-01	-1.228978350952202175e-01
-4.010000000000000000e+02	-9.611303854396829882e-02	-1.309527631853846519e-01
-4.000000000000000000e+02	-8.551863913446329513e-02	-1.382062425602804123e-01
-3.990000000000000000e+02	-7.436744254384997088e-02	-1.446092310962098781e-01
-3.980000000000000000e+02	-6.272729903461876644e-02	-1.501183127007598983e-01
-3.970000000000000000e+02	-5.066961405546437092e-02	-1.546958360755089357e-01
-3.960000000000000000e+02	-3.826843892120877083e-02	-1.583088616967113782e-01
-3.950000000000000000e+02	-2.560062328370044799e-02	-1.609306126859759711e-01
-3.940000000000000000e+02	-1.274519258801339906e-02	-1.625403092249549375e-01
-3.930000000000000000e+02	2.171148916894688127e-04	-1.631237593768879723e-01
-3.920000000000000000e+02	1.320442361545237468e-02	-1.626733915316549428e-01
-3.910000000000000000e+02	2.613430660122273777e-02	-1.611880097482388252e-01
-3.900000000000000000e+02	3.892415095215870369e-02	-1.586730107218453090e-01
-3.890000000000000000e+02	5.149177937825801660e-02	-1.551403729919991759e-01
-3.880000000000000000e+02	6.375599868021368521e-02	-1.506086438125496529e-01
-3.870000000000000000e+02	7.563707304433481271e-02	-1.451028738987918676e-01
-3.860000000000000000e+02	8.705724524279633003e-02	-1.386544889918834011e-01
-3.850000000000000000e+02	9.794138070774503768e-02	-1.313011483646778221e-01
-3.840000000000000000e+02	1.082172346897685156e-01	-1.230865992361936667e-01
-3.830000000000000000e+02	1.178159183172894087e-01	-1.140604294041876743e-01
-3.820000000000000000e+02	1.266726313978926433e-01	-1.042777159859926417e-01
-3.810000000000000000e+02	1.347269701646879592e-01	-9.379876982837398458e-02
-3.800000000000000000e+02	1.419234269736183163e-01	-8.268875432261682534e-02
-3.790000000000000000e+02	1.482114976503232928e-01	-7.101715497163685331e-02
-3.780000000000000000e+02	1.535453537470671537e-01	-5.885587075806054946e-02
-3.770000000000000000e+02	1.578901707909068086e-01	-4.628663320443724555e-02
-3.760000000000000000e+02	1.612105970956080603e-01	-3.338709665964516293e-02
-3.750000000000000000e+02	1.634812531236936317e-01	-2.024047757191583044e-02
-3.740000000000000000e+02	1.646829060753386142e-01	-6.932000367873451981e-03
-3.730000000000000000e+02	1.648031711203741534e-01	6.451504140207071913e-03
-3.720000000000000000e+02	1.638366631467910450e-01	1.982218888832149375e-02
-3.710000000000000000e+02	1.617851624420500178e-01	3.309168813752757371e-02
-3.700000000000000000e+02	1.586576622169193207e-01	4.617171855669986724e-02
-3.690000000000000000e+02	1.544704265500518314e-01	5.897471613155831627e-02
-3.680000000000000000e+02	1.492469673339457126e-01	7.141441984304604251e-02
-3.670000000000000000e+02	1.430176640801393007e-01	8.340639449790621107e-02
-3.660000000000000000e+02	1.358198237893496474e-01	9.486880495889205012e-02
-3.650000000000000000e+02	1.276968140461356149e-01	1.057231486736354004e-01
-3.640000000000000000e+02	1.186992540848742783e-01	1.158943087450123310e-01
-3.630000000000000000e+02	1.088842431833443314e-01	1.253108686566040686e-01
-3.620000000000000000e+02	9.831421620175384568e-02	1.339065796806458430e-01
-3.610000000000000000e+02	8.705730304126273189e-02	1.416206633200196852e-01
-3.600000000000000000e+02	7.518629315006755687e-02	1.483975398385632971e-01
-3.590000000000000000e+02	6.277843768817398251e-02	1.541867286893737476e-01
-3.580000000000000000e+02	4.991536581271318468e-02	1.589446187381370612e-01
-3.570000000000000000e+02	3.668229528872381934e-02	1.626343192457059827e-01
-3.560000000000000000e+02	2.316751175068396465e-02	1.652255132487404632e-01
-3.550000000000000000e+02	9.462073231094120934e-03	1.666957879550282629e-01
-3.540000000000000000e+02	-4.341137339485772947e-03	1.670306414572592379e-01
-3.530000000000000000e+02	-1.814819190494943932e-02	1.662228866007884609e-01
-3.520000000000000000e+02	-3.186411948282170253e-02	1.642732458630881409e-01
-3.510000000000000000e+02	-4.539417315362891114e-02	1.611911287638310986e-01
-3.500000000000000000e+02	-5.864449838805436271e-02	1.569919244032417227e-01
-3.490000000000000000e+02	-7.152278296604054619e-02	1.516995070187763806e-01
-3.480000000000000000e+02	-8.393849350421493660e-02	1.453454437827800538e-01
-3.470000000000000000e+02	-9.580364684687382726e-02	1.379688283114573755e-01
-3.460000000000000000e+02	-1.070335019215428035e-01	1.296158085559183937e-01
-3.450000000000000000e+02	-1.175471803206836058e-01	1.203394876869229302e-01
-3.440000000000000000e+02	-1.272678568964548118e-01	1.102012219456491166e-01
-3.430000000000000000e+02	-1.361239144327430761e-01	9.926813110150785324e-02
-3.420000000000000000e+02	-1.440494881619907297e-01	8.761344392991507468e-02
-3.410000000000000000e+02	-1.509845920674868502e-01	7.531585009479284387e-02
-3.400000000000000000e+02	-1.568756783369330832e-01	6.245957645872800973e-02
-3.390000000000000000e+02	-1.616770715960735016e-01	4.913157060102577717e-02
-3.380000000000000000e+02	-1.653498797026254907e-01	3.542354865593339008e-02
-3.370000000000000000e+02	-1.678628492084366375e-01	2.143058113065725301e-02
-3.360000000000000000e+02	-1.691928904122718402e-01	7.250483633084474008e-03
-3.350000000000000000e+02	-1.693253359993634188e-01	-7.017483286104850455e-03
-3.340000000000000000e+02	-1.682532457755282485e-01	-2.127181671524762396e-02
-3.330000000000000000e+02	-1.659785451177712423e-01	-3.541052262296592867e-02
-3.320000000000000000e+02	-1.625118154999684594e-01	-4.933178335905016171e-02
-3.310000000000000000e+02	-1.578723418612408003e-01	-6.293451801269990542e-02
-3.300000000000000000e+02	-1.520879604018662012e-01	-7.611942555800969845e-02
-3.290000000000000000e+02	-1.451944786054117920e-01	-8.878960874062180597e-02
-3.280000000000000000e+02	-1.372367726905034668e-01	-1.008514174165345834e-01
-3.270000000000000000e+02	-1.282674146817834593e-01	-1.122147951451421544e-01
-3.260000000000000000e+02	-1.183466096722332189e-01	-1.227940907827832773e-01
-3.250000000000000000e+02	-1.075419760144444015e-01	-1.325088796507516986e-01
-3.240000000000000000e+02	-9.592774194655262487e-02	-1.412841915971820572e-01
-3.230000000000000000e+02	-8.358462433079377751e-02	-1.490514973636250240e-01
-3.220000000000000000e+02	-7.059927953208518236e-02	-1.557490882840453505e-01
-3.210000000000000000e+02	-5.706372912747045834e-02	-1.613223234210655888e-01
-3.200000000000000000e+02	-4.307488522029871703e-02	-1.657249220801520762e-01
-3.190000000000000000e+02	-2.873360100995029850e-02	-1.689189490270823213e-01
-3.180000000000000000e+02	-1.414399172293000218e-02	-1.708749961362825698e-01
-3.170000000000000000e+02	5.872820190568493661e-04	-1.715726439576265028e-01
-3.160000000000000000e+02	1.535182073693080324e-02	-1.710007059644067240e-01
-3.150000000000000000e+02	3.004008231753459157e-02	-1.691569427293874717e-01
-3.140000000000000000e+02	4.454243051203560233e-02	-1.660487358064795527e-01
-3.130000000000000000e+02	5.875003131611674506e-02	-1.616929132031317551e-01
-3.120000000000000000e+02	7.255499352336497454e-02	-1.561156320508360063e-01
-3.110000000000000000e+02	8.585178786716642085e-02	-1.493523967771224203e-01
-3.100000000000000000e+02	9.853782061601618070e-02	-1.414481700546681986e-01
-3.090000000000000000e+02	1.105142777041192292e-01	-1.324567998778617972e-01
-3.080000000000000000e+02	1.216873210388542681e-01	-1.224411301110445299e-01
-3.070000000000000000e+02	1.319684485703580268e-01	-1.114711137995532120e-01
-3.060000000000000000e+02	1.412734366729135604e-01	-9.962622434812319627e-02
-3.050000000000000000e+02	1.495279664448158907e-01	-8.699148117976628070e-02
-3.040000000000000000e+02	1.566635457420416655e-01	-7.365922663939498960e-02
-3.030000000000000000e+02	1.626185210421617899e-01	-5.972764752665885718e-02
-3.020000000000000000e+02	1.673450822218880141e-01	-4.530019751689816354e-02
-3.010000000000000000e+02	1.707973692541511768e-01	-3.048589022066688914e-02
-3.000000000000000000e+02	1.729433343415859858e-01	-1.539643265351448367e-02
-2.990000000000000000e+02	1.737598280992591337e-01	-1.468492989659035501e-04
-2.980000000000000000e+02	1.732339044712588594e-01	1.514617495854680626e-02
-2.970000000000000000e+02	1.713623163365239066e-01	3.036457410071851520e-02
-2.960000000000000000e+02	1.681521164291375769e-01	4.538974916626481448e-02
-2.950000000000000000e+02	1.636209325853817120e-01	6.010368738483969075e-02
-2.940000000000000000e+02	1.577970952724637999e-01	7.438991017070338552e-02
-2.930000000000000000e+02	1.507192415211439096e-01	8.813387376427116171e-02
-2.920000000000000000e+02	1.424362433844845732e-01	1.012245626239128560e-01
-2.910000000000000000e+02	1.330071000942878445e-01	1.135554290392276205e-01
-2.900000000000000000e+02	1.225010742226531613e-01	1.250258437460239069e-01
-2.890000000000000000e+02	1.109949817101333891e-01	1.355396726985675093e-01
-2.880000000000000000e+02	9.857422550556869945e-02	1.450087928922362268e-01
-2.870000000000000000e+02	8.533243441245355609e-02	1.533523045012206987e-01
-2.860000000000000000e+02	7.137044833655435683e-02	1.604974095382630805e-01
-2.850000000000000000e+02	5.679523921123280639e-02	1.663808317184814478e-01
-2.840000000000000000e+02	4.172091497388387416e-02	1.709482091529701264e-01
-2.830000000000000000e+02	2.626601933892184007e-02	1.741556183777947797e-01
-2.820000000000000000e+02	1.055307607921136814e-02	1.759700113712109326e-01
-2.810000000000000000e+02	-5.292128188345136472e-03	1.763690879073507023e-01
-2.800000000000000000e+02	-2.114245324759123079e-02	1.753417271907666275e-01
-2.790000000000000000e+02	-3.686925549303101540e-02	1.728884184624870368e-01
-2.780000000000000000e+02	-5.234379824578082319e-02	1.690211540227009035e-01
-2.770000000000000000e+02	-6.743934874344344188e-02	1.637634379862641654e-01
-2.760000000000000000e+02	-8.203100871642597658e-02	1.571502897675146060e-01
-2.750000000000000000e+02	-9.599632555699084968e-02	1.492281072337946768e-01
-2.740000000000000000e+02	-1.092175115555000797e-01	1.400546056957885921e-01
-2.730000000000000000e+02	-1.215809300478311178e-01	1.296978051136128962e-01
-2.720000000000000000e+02	-1.329790391066780486e-01	1.182363865695524319e-01
-2.710000000000000000e+02	-1.433115242624104224e-01	1.057589923532964438e-01
-2.700000000000000000e+02	-1.524861704182686462e-01	9.236344000141934185e-02
-2.690000000000000000e+02	-1.604193691232426444e-01	7.815615817799188847e-02
-2.680000000000000000e+02	-1.670377699807348570e-01	6.325041151465614353e-02
-2.670000000000000000e+02	-1.722783854694948658e-01	4.776793794116532960e-02
-2.660000000000000000e+02	-1.760892820802618108e-01	3.183526022287222479e-02
-2.650000000000000000e+02	-1.784300318435555199e-01	1.558404948235046945e-02
-2.640000000000000000e+02	-1.792722772323133429e-01	-8.503429898436274444e-04
-2.630000000000000000e+02	-1.786000851449825455e-01	-1.732994163073512534e-02
-2.620000000000000000e+02	-1.764101826650285310e-01	-3.371526021235691367e-02
-2.610000000000000000e+02	-1.727120438766353017e-01	-4.986664650994353937e-02
-2.600000000000000000e+02	-1.675281148172594603e-01	-6.564472300707764607e-02
-2.590000000000000000e+02	-1.608936192329429027e-01	-8.091213822944080813e-02
-2.580000000000000000e+02	-1.528567179304368695e-01	-9.553488006974385216e-02
-2.570000000000000000e+02	-1.434779738314036213e-01	-1.093831838344742069e-01
-2.560000000000000000e+02	-1.328305093089759137e-01	-1.223327024061382634e-01
-2.550000000000000000e+02	-1.209983352947447827e-01	-1.342653995044877369e-01
-2.540000000000000000e+02	-1.080772090317634881e-01	-1.450708286811956127e-01
-2.530000000000000000e+02	-9.417208859355301331e-02	-1.546474450845741477e-01
-2.520000000000000000e+02	-7.939848598179764794e-02	-1.629039750359280725e-01
-2.510000000000000000e+02	-6.388067474008959912e-02	-1.697604369598212370e-01
-2.500000000000000000e+02	-4.775009057511546418e-02	-1.751480051489421597e-01
-2.490000000000000000e+02	-3.114557871785983076e-02	-1.790101429322701054e-01
-2.480000000000000000e+02	-1.421092660085805648e-02	-1.813035964817890366e-01
-2.470000000000000000e+02	2.906004775246104951e-03	-1.819972654557623637e-01
-2.460000000000000000e+02	2.005410699901547661e-02	-1.810746579533480671e-01
-2.450000000000000000e+02	3.708055725568965011e-02	-1.785335568872784273e-01
-2.440000000000000000e+02	5.383206923817292211e-02	-1.743859452437031832e-01
-2.430000000000000000e+02	7.015653176009854775e-02	-1.686590737866237588e-01
-2.420000000000000000e+02	8.590428630979365932e-02	-1.613944638024338851e-01
-2.410000000000000000e+02	1.009295816583767186e-01	-1.526479703216272465e-01
-2.400000000000000000e+02	1.150916348179115700e-01	-1.424891110929908111e-01
-2.390000000000000000e+02	1.282565419720208821e-01	-1.310005999717260006e-01
-2.380000000000000000e+02	1.402979277597241614e-01	-1.182781515355745550e-01
-2.370000000000000000e+02	1.510983994026140753e-01	-1.044296292831472933e-01
-2.360000000000000000e+02	1.605506478086839717e-01	-8.957418045123721750e-02
-2.350000000000000000e+02	1.685588845749268760e-01	-7.384118617597332235e-02
-2.340000000000000000e+02	1.750393002355982441e-01	-5.737019805413955120e-02
-2.330000000000000000e+02	1.799215929721076079e-01	-4.030889069977432182e-02
-2.320000000000000000e+02	1.831496844790338474e-01	-2.281178363493840608e-02
-2.310000000000000000e+02	1.846818394766076288e-01	-5.039019066235679752e-03
-2.300000000000000000e+02	1.844919375123287575e-01	1.284498679308959494e-02
-2.290000000000000000e+02	1.825699638584445672e-01	3.067238762127525928e-02
-2.280000000000000000e+02	1.789226769847220566e-01	4.827548758810713825e-02
-2.270000000000000000e+02	1.735726552837741354e-01	6.548751209409085783e-02
-2.260000000000000000e+02	1.665587421366410414e-01	8.214320732195132257e-02
-2.250000000000000000e+02	1.579358386980919959e-01	9.808094140375725467e-02
-2.240000000000000000e+02	1.477748049563423482e-01	1.131439704789500844e-01
-2.230000000000000000e+02	1.361621533179374066e-01	1.271829330805056002e-01
-2.220000000000000000e+02	1.231983098005514504e-01	1.400557886987774947e-01
-2.210000000000000000e+02	1.089981286596529153e-01	1.516299971273425695e-01
-2.200000000000000000e+02	9.368987507722191521e-02	1.617844166199350620e-01
-2.190000000000000000e+02	7.741377115532233066e-02	1.704103974300594515e-01
-2.180000000000000000e+02	6.032067458225665035e-02	1.774132056765124199e-01
-2.170000000000000000e+02	4.257122840396348334e-02	1.827129134509536124e-01
-2.160000000000000000e+02	2.433437162477246340e-02	1.862452288945266876e-01
-2.150000000000000000e+02	5.785574756201695805e-03	1.879627305314221786e-01
-2.140000000000000000e+02	-1.289481149387195977e-02	1.878353310027290890e-01
-2.130000000000000000e+02	-3.152312375618571832e-02	1.858503541020102845e-01
-2.120000000000000000e+02	-4.991436556075828229e-02	1.820136668448164019e-01
-2.110000000000000000e+02	-6.788385919476573604e-02	1.763495899698701852e-01
-2.100000000000000000e+02	-8.524894207663648305e-02	1.689009601344570732e-01
-2.090000000000000000e+02	-1.018317052544308043e-01	1.597284110451772654e-01
-2.080000000000000000e+02	-1.174587579408781501e-01	1.489117264522086259e-01
-2.070000000000000000e+02	-1.319655313089244664e-01	1.365473312697133845e-01
-2.060000000000000000e+02	-1.451967361391373335e-01	1.227483811325335433e-01
-2.050000000000000000e+02	-1.570080147061522213e-01	1.076440812159720622e-01
-2.040000000000000000e+02	-1.672679660839306859e-01	9.137823487503851649e-02
-2.030000000000000000e+02	-1.758594707281863345e-01	7.410821789930903403e-02
-2.020000000000000000e+02	-1.826811587393813163e-01	5.600353807012765223e-02
-2.010000000000000000e+02	-1.876487143555262416e-01	3.724421744532627199e-02
-2.000000000000000000e+02	-1.906963120464286454e-01	1.801924174135389328e-02
-1.990000000000000000e+02	-1.917769360818596114e-01	-1.475519200289119714e-03
-1.980000000000000000e+02	-1.908634471716232073e-01	-2.103908525406016083e-02
-1.970000000000000000e+02	-1.879492828933816695e-01	-4.046729296537782128e-02
-1.960000000000000000e+02	-1.830487930764359006e-01	-5.955494701700613652e-02
-1.950000000000000000e+02	-1.761973708333662847e-01	-7.809808776615370651e-02
-1.940000000000000000e+02	-1.674514550357957821e-01	-9.589596186303739334e-02
-1.930000000000000000e+02	-1.568882720495440031e-01	-1.127532573369829927e-01
-1.920000000000000000e+02	-1.446053517624944773e-01	-1.284822749336450853e-01
-1.910000000000000000e+02	-1.307198200754119133e-01	-1.429050528537474385e-01
-1.900000000000000000e+02	-1.153675482482316578e-01	-1.558553712849212181e-01
-1.890000000000000000e+02	-9.870192301094297960e-02	-1.671808394514495977e-01
-1.880000000000000000e+02	-8.089252849354448827e-02	-1.767447816802515392e-01
-1.870000000000000000e+02	-6.212437553622511544e-02	-1.844305811817467944e-01
-1.860000000000000000e+02	-4.259348972288314050e-02	-1.901369961899189165e-01
-1.850000000000000000e+02	-2.250732730892712405e-02	-1.937844827609312426e-01
-1.840000000000000000e+02	-2.082033653449413563e-03	-1.953150832616691313e-01
-1.830000000000000000e+02	1.845945620674964080e-02	-1.946934397094717273e-01
-1.820000000000000000e+02	3.889019222427769068e-02	-1.919076367816775208e-01
-1.810000000000000000e+02	5.898150971304445128e-02	-1.869697121764106185e-01
-1.800000000000000000e+02	7.850568109119461513e-02	-1.799158918556666154e-01
-1.790000000000000000e+02	9.723841541018074519e-02	-1.708065755205643577e-01
-1.780000000000000000e+02	1.149614878682430896e-01	-1.597260081200576054e-01
-1.770000000000000000e+02	1.314649790313637268e-01	-1.467821091732585959e-01
-1.760000000000000000e+02	1.465500211218942472e-01	-1.321051570902747885e-01
-1.750000000000000000e+02	1.600313259587153869e-01	-1.158470324831669951e-01
-1.740000000000000000e+02	1.717395215277160159e-01	-9.817979085544326079e-02
-1.730000000000000000e+02	1.815234333891333762e-01	-7.929386564864332465e-02
-1.720000000000000000e+02	1.892518867425599660e-01	-5.939673318587702228e-02
-1.710000000000000000e+02	1.948159358400678443e-01	-3.871027813109590571e-02
-1.700000000000000000e+02	1.981308749986012696e-01	-1.746865577766664249e-02
-1.690000000000000000e+02	1.991361259643912862e-01	4.084566730888908835e-03
-1.680000000000000000e+02	1.977979291970547449e-01	2.569836949820129141e-02
-1.670000000000000000e+02	1.941097942784769659e-01	4.711761544303856575e-02
-1.660000000000000000e+02	1.880930582363107839e-01	6.808591137668228155e-02
-1.650000000000000000e+02	1.797971793230267457e-01	8.834857242600745175e-02
-1.640000000000000000e+02	1.692997850652132874e-01	1.076559617889669140e-01
-1.630000000000000000e+02	1.567059502429439810e-01	1.257667061451343271e-01
-1.620000000000000000e+02	1.421468447113240774e-01	1.424496901322163667e-01
-1.610000000000000000e+02	1.257800493390406338e-01	1.574879433004994778e-01
-1.600000000000000000e+02	1.077873151334168278e-01	1.706815822372307612e-01
-1.590000000000000000e+02	8.837302283142182968e-02	1.818504400195758430e-01
-1.580000000000000000e+02	6.776201048227205315e-02	1.908364535262926931e-01
-1.570000000000000000e+02	4.619731677844990392e-02	1.975060782601217590e-01
-1.560000000000000000e+02	2.393748456136137251e-02	2.017526699230304532e-01
-1.550000000000000000e+02	1.253367181015815858e-03	2.034982486695155746e-01
-1.540000000000000000e+02	-2.157452986942743137e-02	2.026951821808885834e-01
-1.530000000000000000e+02	-4.425967001601865958e-02	1.993265933053811334e-01
-1.520000000000000000e+02	-6.651300164405142545e-02	1.934079879016418757e-01
-1.510000000000000000e+02	-8.804622669609044050e-02	1.849874721659048316e-01
-1.500000000000000000e+02	-1.085758407930964703e-01	1.741463121476646003e-01
-1.490000000000000000e+02	-1.278267195129700884e-01	1.609980169600481736e-01
-1.480000000000000000e+02	-1.455361434344543681e-01	1.456879797446481717e-01
-1.470000000000000000e+02	-1.614564420895610863e-01	1.283916304909743233e-01
-1.460000000000000000e+02	-1.753592153341950732e-01	1.093138891299460236e-01
-1.450000000000000000e+02	-1.870400509810393186e-01	8.868474660644126706e-02
-1.440000000000000000e+02	-1.963193041113879822e-01	6.675912857949986567e-02
-1.430000000000000000e+02	-2.030471946599970712e-01	4.381386085290537441e-02
-1.420000000000000000e+02	-2.071049827028878798e-01	2.014368681390767829e-02
-1.410000000000000000e+02	-2.084068642596299814e-01	-3.942122760761408891e-03
-1.400000000000000000e+02	-2.069043517605226312e-01	-2.812317061648306540e-02
-1.390000000000000000e+02	-2.025857796353300877e-01	-5.207231693728690131e-02
-1.380000000000000000e+02	-1.954774853033023618e-01	-7.546033779752372994e-02
-1.370000000000000000e+02	-1.856449972570602402e-01	-9.796045859699954728e-02
-1.360000000000000000e+02	-1.731912884105525630e-01	-1.192520230211385340e-01
-1.350000000000000000e+02	-1.582576305172269104e-01	-1.390247138391685344e-01
-1.340000000000000000e+02	-1.410215719606948970e-01	-1.569855089453026653e-01
-1.330000000000000000e+02	-1.216961764279763103e-01	-1.728601105273524230e-01
-1.320000000000000000e+02	-1.005284327810393452e-01	-1.863992247178603845e-01
-1.310000000000000000e+02	-7.779553299599391292e-02	-1.973823147848005610e-01
-1.300000000000000000e+02	-5.380182524034561597e-02	-2.056207670895401629e-01
-1.290000000000000000e+02	-2.887646371797222486e-02	-2.109612825940261338e-01
-1.280000000000000000e+02	-3.367640857538882222e-03	-2.132900611631629029e-01
-1.270000000000000000e+02	2.236151004125658953e-02	-2.125349720298558009e-01
-1.260000000000000000e+02	4.793762865748552732e-02	-2.086674774321836956e-01
-1.250000000000000000e+02	7.298297406012550781e-02	-2.017040993511115266e-01
-1.240000000000000000e+02	9.712016889127435271e-02	-1.917070832386850443e-01
-1.230000000000000000e+02	1.199782954500288323e-01	-1.787856560395136851e-01
-1.220000000000000000e+02	1.411983404809776244e-01	-1.630944152484412879e-01
-1.210000000000000000e+02	1.604389186583206339e-01	-1.448325034263504285e-01
-1.200000000000000000e+02	1.773816171712651046e-01	-1.242423382810905058e-01
-1.190000000000000000e+02	1.917367955341121033e-01	-1.016062602353755284e-01
-1.180000000000000000e+02	2.032483116496285047e-01	-7.724345148660546889e-02
-1.170000000000000000e+02	2.116988620985421621e-01	-5.150642213011947385e-02
-1.160000000000000000e+02	2.169142373421028558e-01	-2.477625224498920808e-02
-1.150000000000000000e+02	2.187671885310405739e-01	2.542602284272274266e-03
-1.140000000000000000e+02	2.171807306836935070e-01	3.002800578839911333e-02
-1.130000000000000000e+02	2.121307614026106403e-01	5.724628134673340890e-02
-1.120000000000000000e+02	2.036478908870737736e-01	8.375894249867139874e-02
-1.110000000000000000e+02	1.918184009154968450e-01	1.091296210530757621e-01
-1.100000000000000000e+02	1.767845977061146268e-01	1.329307797573716921e-01
-1.090000000000000000e+02	1.587437320059635060e-01	1.547515236339924993e-01
-1.080000000000000000e+02	1.379458921089085632e-01	1.742034122977272337e-01
-1.070000000000000000e+02	1.146929926786974946e-01	1.909287936604582292e-01
-1.060000000000000000e+02	8.933454892847758622e-02	2.046072464697071269e-01
-1.050000000000000000e+02	6.226328286709811172e-02	2.149619808627102335e-01
-1.040000000000000000e+02	3.391012388179436704e-02	2.217658887599729955e-01
-1.030000000000000000e+02	4.737191603088736040e-03	2.248471165282417139e-01
-1.020000000000000000e+02	-2.476829115089670616e-02	2.240934062735608079e-01
-1.010000000000000000e+02	-5.410175229389700691e-02	2.194560216056284652e-01
-1.000000000000000000e+02	-8.275033062399066164e-02	2.109523311413860069e-01
-9.900000000000000000e+01	-1.102001453522095664e-01	1.986676553718197402e-01
-9.800000000000000000e+01	-1.359460356295923988e-01	1.827560832379678257e-01
-9.700000000000000000e+01	-1.595010399953544766e-01	1.634399373107170150e-01
-9.600000000000000000e+01	-1.804048958268621161e-01	1.410078765682931112e-01
-9.500000000000000000e+01	-1.982331004612627456e-01	1.158127464720161148e-01
-9.400000000000000000e+01	-2.126071107213984290e-01	8.826560222828307156e-02
-9.300000000000000000e+01	-2.232015799676098367e-01	5.883132270197131974e-02
-9.200000000000000000e+01	-2.297462287365188149e-01	2.802136896852436276e-02
-9.100000000000000000e+01	-2.320504732385351432e-01	-3.610212989308852951e-03
-9.000000000000000000e+01	-2.299938750260141496e-01	-3.548124893826592324e-02
-8.900000000000000000e+01	-2.235352479903954803e-01	-6.698983618109274896e-02
-8.800000000000000000e+01	-2.127165467161968027e-01	-9.752405139945193036e-02
-8.700000000000000000e+01	-1.976648997725523604e-01	-1.264742973177179763e-01
-8.600000000000000000e+01	-1.785932762620125458e-01	-1.532447258692142267e-01
-8.500000000000000000e+01	-1.558000003659673061e-01	-1.772649164056017135e-01
-8.400000000000000000e+01	-1.296653961063011506e-01	-1.980030205198544668e-01
-8.300000000000000000e+01	-1.006477376516940192e-01	-2.149771897297648449e-01
-8.200000000000000000e+01	-6.927724975209265112e-02	-2.277671919661045929e-01
-8.100000000000000000e+01	-3.614817407690219114e-02	-2.360254956075666655e-01
-8.000000000000000000e+01	-1.909189471427741184e-03	-2.394873628580009850e-01
-7.900000000000000000e+01	3.274652704401113945e-02	-2.379747385707430551e-01
-7.800000000000000000e+01	6.709668057680422126e-02	-2.314201263516387497e-01
-7.700000000000000000e+01	1.004032091751614897e-01	-2.198551395595507163e-01
-7.600000000000000000e+01	1.319267687730823202e-01	-2.034197471328429430e-01
-7.500000000000000000e+01	1.609427125772545930e-01	-1.823640252937301087e-01
-7.400000000000000000e+01	1.867569936407965370e-01	-1.570481502659249740e-01
-7.300000000000000000e+01	2.087245677282580092e-01	-1.279377005165483749e-01
-7.200000000000000000e+01	2.262645411915608085e-01	-9.559863971256613024e-02
-7.100000000000000000e+01	2.388759813507896623e-01	-6.068961859523309965e-02
-7.000000000000000000e+01	2.461533373319990392e-01	-2.395095831603683695e-02
-6.900000000000000000e+01	2.478002847783271068e-01	1.380815753996763803e-02
-6.800000000000000000e+01	2.436422630049260851e-01	5.172495894656010951e-02
-6.700000000000000000e+01	2.336363001987149801e-01	8.890613688698417727e-02
-6.600000000000000000e+01	2.178753350259736987e-01	1.244404951834554296e-01
-6.500000000000000000e+01	1.965962988706822234e-01	1.574226542489148561e-01
-6.400000000000000000e+01	1.701812060742597943e-01	1.869749500120169161e-01
-6.300000000000000000e+01	1.391539478204523173e-01	2.122721731559784053e-01
-6.200000000000000000e+01	1.041732095986879075e-01	2.325653268638048499e-01
-6.100000000000000000e+01	6.602546512954698965e-02	2.472002976227168358e-01
-6.000000000000000000e+01	2.561161572833103514e-02	2.556434438894379380e-01
-5.900000000000000000e+01	-1.607488411844636145e-02	2.575017254106750086e-01
-5.800000000000000000e+01	-5.796365635442267406e-02	2.525386225821010799e-01
-5.700000000000000000e+01	-9.893267430921154348e-02	2.406908181620489029e-01
-5.600000000000000000e+01	-1.378368372597502667e-01	2.220796592698775496e-01
-5.500000000000000000e+01	-1.735391173731066494e-01	1.970175372807003722e-01
-5.400000000000000000e+01	-2.049392863857233404e-01	1.660116584244341886e-01
-5.300000000000000000e+01	-2.310099597664445892e-01	1.297600825139403891e-01
-5.200000000000000000e+01	-2.508280663007862454e-01	8.914658513919276883e-02
-5.100000000000000000e+01	-2.636111824052310704e-01	4.522153476202590144e-02
-5.000000000000000000e+01	-2.687449860331216356e-01	-8.145647264779367703e-04
-4.900000000000000000e+01	-2.658206412810214525e-01	-4.763460501103195660e-02
-4.800000000000000000e+01	-2.546535750241926133e-01	-9.382678399449875806e-02
-4.700000000000000000e+01	-2.353057073800151888e-01	-1.379236138943920331e-01
-4.600000000000000000e+01	-2.081037889375950689e-01	-1.784452107614350469e-01
-4.500000000000000000e+01	-1.736463240361239557e-01	-2.139499724491363275e-01
-4.400000000000000000e+01	-1.327976935813637571e-01	-2.430843211343170496e-01
-4.300000000000000000e+01	-8.668764687106794709e-02	-2.646304931311678765e-01
-4.200000000000000000e+01	-3.669018199011174486e-02	-2.775602669881269136e-01
-4.100000000000000000e+01	1.560440695309224177e-02	-2.810848274700481486e-01
-4.000000000000000000e+01	6.843557744768956341e-02	-2.747017616354363034e-01
-3.900000000000000000e+01	1.199103709550810720e-01	-2.582342683241457548e-01
-3.800000000000000000e+01	1.680715559547660831e-01	-2.318693142120345219e-01
-3.700000000000000000e+01	2.109633628819109485e-01	-1.961760577237610936e-01
-3.600000000000000000e+01	2.467027710338522972e-01	-1.521203127191756987e-01
-3.500000000000000000e+01	2.735635765734938940e-01	-1.010601871781799527e-01
-3.400000000000000000e+01	2.900597343125581595e-01	-4.472579228478986563e-02
-3.300000000000000000e+01	2.950274859122531956e-01	1.481219873831296670e-02
-3.200000000000000000e+01	2.876997078741416192e-01	7.520641548806086818e-02
-3.100000000000000000e+01	2.677874116431355200e-01	1.338890851657776604e-01
-3.000000000000000000e+01	2.355320350325603718e-01	1.881885201608035074e-01
-2.900000000000000000e+01	1.917524870341558163e-01	2.354180337604369899e-01
-2.800000000000000000e+01	1.378757714510213395e-01	2.730059706655560414e-01
-2.700000000000000000e+01	7.592529949736970263e-02	2.986321371394646818e-01
-2.600000000000000000e+01	8.471790738392282957e-03	3.103692454819878543e-01
-2.500000000000000000e+01	-6.139668893463034322e-02	3.068203240105660257e-01
-2.400000000000000000e+01	-1.301801911683642399e-01	2.872671242531252833e-01
-2.300000000000000000e+01	-1.941483227958901714e-01	2.517768160182219384e-01
-2.200000000000000000e+01	-2.494699424670962784e-01	2.013088843626804625e-01
-2.100000000000000000e+01	-2.924195640123797846e-01	1.377724150503377154e-01
-2.000000000000000000e+01	-3.196440024700067939e-01	6.404903952582716165e-02
-1.900000000000000000e+01	-3.284204317655721184e-01	-1.606876439355674549e-02
-1.800000000000000000e+01	-3.168837527417371902e-01	-9.797560676063593599e-02
-1.700000000000000000e+01	-2.843143385981825588e-01	-1.764264999259008426e-01
-1.600000000000000000e+01	-2.313604507656347176e-01	-2.458190864617607607e-01
-1.500000000000000000e+01	-1.602105401642014704e-01	-3.005399913974329817e-01
-1.400000000000000000e+01	-7.467260028301800356e-02	-3.353996499247595686e-01
-1.300000000000000000e+01	1.983796792486960600e-02	-3.461192316526330859e-01
-1.200000000000000000e+01	1.164844913069533749e-01	-3.298146987925413276e-01
-1.100000000000000000e+01	2.073260093652329605e-01	-2.855388801532233733e-01
-1.000000000000000000e+01	2.838535419415385563e-01	-2.147413305255361782e-01
-9.000000000000000000e+00	3.377353219715386601e-01	-1.215909846913609260e-01
-8.000000000000000000e+00	3.616684906161718449e-01	-1.307327224348038205e-02
-7.000000000000000000e+00	3.504214434193131389e-01	1.011693249620070484e-01
-6.000000000000000000e+00	3.019075269553213592e-01	2.093997203083317049e-01
-5.000000000000000000e+00	2.180431499166855247e-01	2.987763743117492488e-01
-4.000000000000000000e+00	1.054805588614969730e-01	3.567943636347020164e-01
-3.000000000000000000e+00	-2.430073398557281578e-02	3.730853050755662537e-01
-2.000000000000000000e+00	-1.555763958713799189e-01	3.414662028065881816e-01
-1.000000000000000000e+00	-2.698611315470230698e-01	2.618713930825790071e-01
0.000000000000000000e+00	-3.483805708864073369e-01	1.418047472001719711e-01
1.000000000000000000e+00	-3.753935465363250623e-01	-3.227294099371588992e-03
2.000000000000000000e+00	-3.419271200158370827e-01	-1.508456072249097224e-01
3.000000000000000000e+00	-2.491281965853426317e-01	-2.748474875922278238e-01
4.000000000000000000e+00	-1.102189819565560780e-01	-3.500311578757682729e-01
5.000000000000000000e+00	5.001755711485408873e-02	-3.582237107824056688e-01
6.000000000000000000e+00	1.990066079699046586e-01	-2.940380736547603679e-01
7.000000000000000000e+00	3.033144442374533511e-01	-1.685688827238908116e-01
8.000000000000000000e+00	3.375019135956040528e-01	-9.021647603233155094e-03
9.000000000000000000e+00	2.922009230943253821e-01	1.467081876622879644e-01
1.000000000000000000e+01	1.786056921499428463e-01	2.596728340696935478e-01
1.100000000000000000e+01	2.692050251177629736e-02	3.012108116391007395e-01
1.200000000000000000e+01	-1.214745443424847665e-01	2.621182367126838608e-01
1.300000000000000000e+01	-2.261143150236262500e-01	1.562167766285144088e-01
1.400000000000000000e+01	-2.598940011475498468e-01	1.660357549134477279e-02
1.500000000000000000e+01	-2.175413578397177583e-01	-1.145865061353486120e-01
1.600000000000000000e+01	-1.170000127322230743e-01	-1.995785449538841350e-01
1.700000000000000000e+01	6.941254536573646626e-03	-2.168674832602855429e-01
1.800000000000000000e+01	1.146371844130665840e-01	-1.674829931997467436e-01
1.900000000000000000e+01	1.747862107976782542e-01	-7.341521793921415573e-02
2.000000000000000000e+01	1.739496623088419569e-01	3.142987122943095152e-02
2.100000000000000000e+01	1.193319352576174136e-01	1.131120118737412861e-01
2.200000000000000000e+01	3.455479555440871264e-02	1.486463071379956480e-01
2.300000000000000000e+01	-4.969789310734391841e-02	1.323967085388813580e-01
2.400000000000000000e+01	-1.064890620948908684e-01	7.609266666206723762e-02
2.500000000000000000e+01	-1.210325016701838258e-01	3.070841785240235183e-03
2.600000000000000000e+01	-9.414546859015734959e-02	-6.073367949926313653e-02
2.700000000000000000e+01	-4.015180202248348762e-02	-9.566497886481017954e-02
2.800000000000000000e+01	1.948635569787161154e-02	-9.416440551356732025e-02
2.900000000000000000e+01	6.427108402502682005e-02	-6.175251086747020335e-02
3.000000000000000000e+01	8.143297289025390462e-02	-1.356390513313678048e-02
3.100000000000000000e+01	6.922084262709667091e-02	3.212448730866006991e-02
3.200000000000000000e+01	3.595224058936864753e-02	6.045583178447694328e-02
3.300000000000000000e+01	-4.195411153891071346e-03	6.453068708217193916e-02
3.400000000000000000e+01	-3.683090123188640513e-02	4.657371051079556984e-02
3.500000000000000000e+01	-5.216987465036006938e-02	1.582293698755735112e-02
3.600000000000000000e+01	-4.767475667404951628e-02	-1.555998197343558959e-02
3.700000000000000000e+01	-2.777248048926159868e-02	-3.699960067837086003e-02
3.800000000000000000e+01	-1.412591192147353734e-03	-4.279205314303271418e-02
3.900000000000000000e+01	2.161471006239619810e-02	-3.331885298462807649e-02
4.000000000000000000e+01	3.408530945387279465e-02	-1.403328900258228595e-02
4.100000000000000000e+01	3.340227366783246610e-02	7.133582334408610469e-03
4.200000000000000000e+01	2.174667557953223473e-02	2.279379252359565317e-02
4.300000000000000000e+01	4.690494301768476440e-03	2.854765741270541904e-02
4.400000000000000000e+01	-1.126267860109225402e-02	2.393692627596886308e-02
4.500000000000000000e+01	-2.092356426768715583e-02	1.204090808222689317e-02
4.600000000000000000e+01	-2.198285696176401766e-02	-2.058928311603896999e-03
4.700000000000000000e+01	-1.535944725587179947e-02	-1.329643433023052802e-02
4.800000000000000000e+01	-4.421723457607390148e-03	-1.831114395392367811e-02
4.900000000000000000e+01	6.502751507992183232e-03	-1.634949763240942100e-02
5.000000000000000000e+01	1.373756395984044969e-02	-9.106329816820288303e-03
5.100000000000000000e+01	1.539870369882569666e-02	1.864291392736114696e-04
5.200000000000000000e+01	1.175591602297032870e-02	8.098871678072626368e-03
5.300000000000000000e+01	4.823670115623795648e-03	1.216882161302215021e-02
5.400000000000000000e+01	-2.569839527983315032e-03	1.160321978702954018e-02
5.500000000000000000e+01	-7.864854730862107929e-03	7.276194330382866615e-03
5.600000000000000000e+01	-9.591429670638172006e-03	1.209984288896305635e-03
5.700000000000000000e+01	-7.690088615299096701e-03	-4.285004544775752530e-03
5.800000000000000000e+01	-3.367801418624933891e-03	-7.447496448321903537e-03
5.900000000000000000e+01	1.568300606981702866e-03	-7.552616025435346381e-03
6.000000000000000000e+01	5.352363777109491946e-03	-5.031448604470234280e-03
6.100000000000000000e+01	6.865223658588418335e-03	-1.128423417634266722e-03
6.200000000000000000e+01	5.961704841010014196e-03	2.611718791901166889e-03
6.300000000000000000e+01	3.336993829440291961e-03	4.997060887063631968e-03
6.400000000000000000e+01	7.746239093570339010e-05	5.380051321395706333e-03
6.500000000000000000e+01	-2.594172033090764995e-03	3.971083710399030652e-03
6.600000000000000000e+01	-3.892414845225816711e-03	1.502358591614899510e-03
6.700000000000000000e+01	-3.551216820314643738e-03	-1.057105414286140140e-03
6.800000000000000000e+01	-1.942473877745288244e-03	-2.807884504154084873e-03
6.900000000000000000e+01	1.906847153835176890e-04	-3.291772696686413521e-03
7.000000000000000000e+01	2.046266077418212610e-03	-2.520139049504966765e-03
7.100000000000000000e+01	3.048076340437057708e-03	-9.714065400585711763e-04
7.200000000000000000e+01	3.004729828482364563e-03	7.289052403607236899e-04
7.300000000000000000e+01	2.064942366565222787e-03	1.987397823693820738e-03
7.400000000000000000e+01	6.967320448628074080e-04	2.461815815577071166e-03
7.500000000000000000e+01	-5.923294347765022897e-04	2.089026335490691555e-03
7.600000000000000000e+01	-1.371978664635987782e-03	1.126712968539511379e-03
7.700000000000000000e+01	-1.458307612976777025e-03	-1.136463056394365867e-05
7.800000000000000000e+01	-9.249496326156562542e-04	-9.197061186684756060e-04
7.900000000000000000e+01	-4.114421329602543199e-05	-1.322270344081390289e-03
8.000000000000000000e+01	8.379114960113094937e-04	-1.160727770362052430e-03
8.100000000000000000e+01	1.426396620700207292e-03	-5.791050377014926500e-04
8.200000000000000000e+01	1.559105177796537558e-03	1.748074681683497045e-04
8.300000000000000000e+01	1.246759459812437536e-03	8.078817527942554113e-04
8.400000000000000000e+01	6.866182954834491826e-04	1.132089330233409814e-03
8.500000000000000000e+01	9.152834368812596828e-05	1.087328023305094652e-03
8.600000000000000000e+01	-3.352342876991973200e-04	7.337773096771551401e-04
8.700000000000000000e+01	-4.709572139769917622e-04	2.415186312219074264e-04
8.800000000000000000e+01	-3.185352949663102190e-04	-2.006547418972082794e-04
8.900000000000000000e+01	2.989999764922199576e-05	-4.525166395543181713e-04
9.000000000000000000e+01	4.242845089759291984e-04	-4.587547169024517560e-04
9.100000000000000000e+01	7.305896655905649980e-04	-2.579389922833421733e-04
9.200000000000000000e+01	8.476675215532671276e-04	5.638737747234418116e-05
9.300000000000000000e+01	7.737611492714235439e-04	3.580247399806465547e-04
9.400000000000000000e+01	5.579386726762954269e-04	5.477216502993156270e-04
9.500000000000000000e+01	2.940183589433729115e-04	5.780767890275665495e-04
9.600000000000000000e+01	7.749900042417944750e-05	4.625586569431697432e-04
9.700000000000000000e+01	-2.634240225606501837e-05	2.618871889288587043e-04
9.800000000000000000e+01	-2.001043208715304098e-07	5.537693816337847851e-05
9.900000000000000000e+01	1.278928712773120180e-04	-8.555269595618182762e-05
1.000000000000000000e+02	2.979471239698773446e-04	-1.246726766659984225e-04
1.010000000000000000e+02	4.462975693257967519e-04	-6.440393775138507511e-05
1.020000000000000000e+02	5.260558437578022242e-04	5.991762690735047669e-05
1.030000000000000000e+02	5.201996255913274910e-04	1.970335285827144864e-04
1.040000000000000000e+02	4.427285669154213256e-04	2.986744500097280154e-04
1.050000000000000000e+02	3.290313150079686314e-04	3.351520249476744795e-04
1.060000000000000000e+02	2.232988827153247467e-04	3.048924567004192027e-04
1.070000000000000000e+02	1.586451431785680514e-04	2.270604395422016108e-04
