# # Time 	 h_plus 	 h_cross 
# 
-4.090000000000000000e+02	6.499821019482322770e-02	1.090055873235838413e-01
-4.080000000000000000e+02	5.627251592250857165e-02	1.138295969695611032e-01
-4.070000000000000000e+02	4.718298312341994566e-02	1.179593030668681930e-01
-4.060000000000000000e+02	3.778457952140609061e-02	1.213667409088355076e-01
-4.050000000000000000e+02	2.813446683285184338e-02	1.240282778060052410e-01
-4.040000000000000000e+02	1.829166088284791061e-02	1.259247888362549916e-01
-4.030000000000000000e+02	8.316677363965973430e-03	1.270418060559329321e-01
-4.020000000000000000e+02	-1.728834701583753823e-03	1.273696399787682398e-01
-4.010000000000000000e+02	-1.178246963515965084e-02	1.269034722882734223e-01
-4.000000000000000000e+02	-2.178144966054830142e-02	1.256434189168284810e-01
-3.990000000000000000e+02	-3.166301502324531114e-02	1.235945627997814961e-01
-3.980000000000000000e+02	-4.136481728299200994e-02	1.207669557946911693e-01
-3.970000000000000000e+02	-5.082530169723242092e-02	1.171755944953107170e-01
-3.960000000000000000e+02	-5.998413057512929497e-02	1.128403488956149919e-01
-3.950000000000000000e+02	-6.878255145581189944e-02	1.077858740211023736e-01
-3.940000000000000000e+02	-7.716377231369399292e-02	1.020414916144267575e-01
-3.930000000000000000e+02	-8.507334019460649488e-02	9.564103474363233603e-02
-3.920000000000000000e+02	-9.245950175348133238e-02	8.862266479379321549e-02
-3.910000000000000000e+02	-9.927354976765895289e-02	8.102865947931250923e-02
-3.900000000000000000e+02	-1.054701532847226036e-01	7.290517292610231015e-02
-3.890000000000000000e+02	-1.110076691399448923e-01	6.430196906275839619e-02
-3.880000000000000000e+02	-1.158485347428282186e-01	5.527217844394324842e-02
-3.870000000000000000e+02	-1.199597890372818276e-01	4.587203116131821634e-02
-3.860000000000000000e+02	-1.233119004311547112e-01	3.616009624106965997e-02
-3.850000000000000000e+02	-1.258806771616834685e-01	2.619732916499057165e-02
-3.840000000000000000e+02	-1.276467759163879834e-01	1.604669630559256432e-02
-3.830000000000000000e+02	-1.285958963752556750e-01	5.772731159845122077e-03
-3.820000000000000000e+02	-1.287189173631604899e-01	-4.558891085631475680e-03
-3.810000000000000000e+02	-1.280119925872686693e-01	-1.488176846707979332e-02
-3.800000000000000000e+02	-1.264766132063169513e-01	-2.512919554288765150e-02
-3.790000000000000000e+02	-1.241196364719418799e-01	-3.523459243596675089e-02
-3.780000000000000000e+02	-1.209532798921183622e-01	-4.513193690497134536e-02
-3.770000000000000000e+02	-1.169950805832087187e-01	-5.475619667649503364e-02
-3.760000000000000000e+02	-1.122678196989245064e-01	-6.404375923355883071e-02
-3.750000000000000000e+02	-1.067994120501600669e-01	-7.293285623696160735e-02
-3.740000000000000000e+02	-1.006227612579713437e-01	-8.136397975507655977e-02
-3.730000000000000000e+02	-9.377573467016213360e-02	-8.928012609947473532e-02
-3.720000000000000000e+02	-8.630064444210776287e-02	-9.662758234858709327e-02
-3.710000000000000000e+02	-7.824402890203832617e-02	-1.033561453200058655e-01
-3.700000000000000000e+02	-6.965657102029494674e-02	-1.094191901256082733e-01
-3.690000000000000000e+02	-6.059282066392025073e-02	-1.147743303158294398e-01
-3.680000000000000000e+02	-5.111072924073119944e-02	-1.193835685454405909e-01
-3.670000000000000000e+02	-4.127132498898876400e-02	-1.232136072424290796e-01
-3.660000000000000000e+02	-3.113834095097244362e-02	-1.262361142479411502e-01
-3.650000000000000000e+02	-2.077781332273363757e-02	-1.284279471124547545e-01
-3.640000000000000000e+02	-1.025766083886505732e-02	-1.297713451156099762e-01
-3.630000000000000000e+02	3.527522342498851278e-04	-1.302540873787319253e-01
-3.620000000000000000e+02	1.098306678131897966e-02	-1.298696156422985970e-01
-3.610000000000000000e+02	2.156239035531336279e-02	-1.286171204962181791e-01
-3.600000000000000000e+02	3.201976657769377982e-02	-1.265015900777551328e-01
-3.590000000000000000e+02	4.228443705723192170e-02	-1.235338931647751992e-01
-3.580000000000000000e+02	5.228686308147624529e-02	-1.197306127203301152e-01
-3.570000000000000000e+02	6.195887892950472514e-02	-1.151139972389499389e-01
-3.560000000000000000e+02	7.123374170451922394e-02	-1.097114844048528021e-01
-3.550000000000000000e+02	8.004713262016621700e-02	-1.035564266851265597e-01
-3.540000000000000000e+02	8.833788827004193656e-02	-9.668794605526548347e-02
-3.530000000000000000e+02	9.604777556363529312e-02	-8.914974594343330616e-02
-3.520000000000000000e+02	1.031221632068273220e-01	-8.099032387496316043e-02
-3.510000000000000000e+02	1.095104196531869606e-01	-7.226267902958229128e-02
-3.500000000000000000e+02	1.151662876989676537e-01	-6.302398651850646405e-02
-3.490000000000000000e+02	1.200482329215529359e-01	-5.333524021083294042e-02
-3.480000000000000000e+02	1.241197633008839923e-01	-4.326086617540880752e-02
-3.470000000000000000e+02	1.273497175233717915e-01	-3.286830903054820119e-02
-3.460000000000000000e+02	1.297125196469379738e-01	-2.222759370838695014e-02
-3.450000000000000000e+02	1.311884069539811515e-01	-1.141076243950440647e-02
-3.440000000000000000e+02	1.317635671624057814e-01	-4.917141492536064107e-04
-3.430000000000000000e+02	1.314303445984389973e-01	1.045461052211124446e-02
-3.420000000000000000e+02	1.301873141716832494e-01	2.135263451581246794e-02
-3.410000000000000000e+02	1.280393402007947434e-01	3.212666059054586354e-02
-3.400000000000000000e+02	1.249975925427868756e-01	4.270139470087458422e-02
-3.390000000000000000e+02	1.210795191990482467e-01	5.300247173039086129e-02
-3.380000000000000000e+02	1.163087750757413608e-01	6.295697996660847007e-02
-3.370000000000000000e+02	1.107151068751488221e-01	7.249398066385223660e-02
-3.360000000000000000e+02	1.043341456537086459e-01	8.154508139118814281e-02
-3.350000000000000000e+02	9.720728951889918978e-02	9.004479493537781432e-02
-3.340000000000000000e+02	8.938149467129240244e-02	9.793103622641728678e-02
-3.330000000000000000e+02	8.090887720586224796e-02	1.051457220700853373e-01
-3.320000000000000000e+02	7.184643384564365354e-02	1.116351426369453781e-01
-3.310000000000000000e+02	6.225567946280940318e-02	1.173503760830071352e-01
-3.300000000000000000e+02	5.220224901875989559e-02	1.222476735288731131e-01
-3.290000000000000000e+02	4.175546630945698584e-02	1.262888113173224469e-01
-3.280000000000000000e+02	3.098788217054664063e-02	1.294414076577456441e-01
-3.270000000000000000e+02	1.997478882753755611e-02	1.316792004047800113e-01
-3.260000000000000000e+02	8.793705541927935437e-03	1.329823684020665364e-01
-3.250000000000000000e+02	-2.476196415325697831e-03	1.333377273572014243e-01
-3.240000000000000000e+02	-1.375461402162101929e-02	1.327383384572616287e-01
-3.230000000000000000e+02	-2.496062992951134443e-02	1.311843472545945188e-01
-3.220000000000000000e+02	-3.601333107484994134e-02	1.286827626155485627e-01
-3.210000000000000000e+02	-4.683239123046424590e-02	1.252474639925633404e-01
-3.200000000000000000e+02	-5.733865541988166642e-02	1.208991592385776498e-01
-3.190000000000000000e+02	-6.745472199523533385e-02	1.156652926492897360e-01
-3.180000000000000000e+02	-7.710551813904364948e-02	1.095799032740575191e-01
-3.170000000000000000e+02	-8.621886453525452743e-02	1.026834338970450400e-01
-3.160000000000000000e+02	-9.472602497100648944e-02	9.502249145429546295e-02
-3.150000000000000000e+02	-1.025622234484618450e-01	8.664957567594194776e-02
-3.140000000000000000e+02	-1.096671753648418846e-01	7.762272708103568064e-02
-3.130000000000000000e+02	-1.159856970265758513e-01	6.800519538943826381e-02
-3.120000000000000000e+02	-1.214679313863631649e-01	5.786489851123256117e-02
-3.110000000000000000e+02	-1.260696208599891011e-01	4.727394623245141647e-02
-3.100000000000000000e+02	-1.297528498130557928e-01	3.630835361678105833e-02
-3.090000000000000000e+02	-1.324862284308126192e-01	2.504740763599096545e-02
-3.080000000000000000e+02	-1.342451823243243914e-01	1.357311017704025333e-02
-3.070000000000000000e+02	-1.350121949116807052e-01	1.969594811397904887e-03
-3.060000000000000000e+02	-1.347770001503961479e-01	-9.677478702160537821e-03
-3.050000000000000000e+02	-1.335367235275735642e-01	-2.128154798285366439e-02
-3.040000000000000000e+02	-1.312959695663159232e-01	-3.275578526268371066e-02
-3.030000000000000000e+02	-1.280668544781120299e-01	-4.401374372121882872e-02
-3.020000000000000000e+02	-1.238689829791272540e-01	-5.497000821080019056e-02
-3.010000000000000000e+02	-1.187293904731245436e-01	-6.554085757972336057e-02
-3.000000000000000000e+02	-1.126823760430233912e-01	-7.564490195195841538e-02
-2.990000000000000000e+02	-1.057692948036154240e-01	-8.520364338851989239e-02
-2.980000000000000000e+02	-9.803831736343740499e-02	-9.414226048656205992e-02
-2.970000000000000000e+02	-8.954414439271352055e-02	-1.023900892561867143e-01
-2.960000000000000000e+02	-8.034765855416299563e-02	-1.098812012276860622e-01
-2.950000000000000000e+02	-7.051550795321351317e-02	-1.165549635274444745e-01
-2.940000000000000000e+02	-6.011965344726758614e-02	-1.223565482664223797e-01
-2.930000000000000000e+02	-4.923687089193387600e-02	-1.272374043609126315e-01
-2.920000000000000000e+02	-3.794820488547998721e-02	-1.311556897374581143e-01
-2.910000000000000000e+02	-2.633838858976928279e-02	-1.340766538559258758e-01
-2.900000000000000000e+02	-1.449522712043191733e-02	-1.359729712459486206e-01
-2.890000000000000000e+02	-2.508950070627053060e-03	-1.368250218237062332e-01
-2.880000000000000000e+02	9.528462280476383134e-03	-1.366211150772611571e-01
-2.870000000000000000e+02	2.152397424481549901e-02	-1.353576555931647885e-01
-2.860000000000000000e+02	3.338420641167811481e-02	-1.330392478084557184e-01
-2.850000000000000000e+02	4.501615845473646432e-02	-1.296787383078563671e-01
-2.840000000000000000e+02	5.632804038401535707e-02	-1.252971482343265275e-01
-2.830000000000000000e+02	6.722982087313321420e-02	-1.199236314286013932e-01
-2.820000000000000000e+02	7.763397115327892728e-02	-1.135953450195172215e-01
-2.810000000000000000e+02	8.745566101811717841e-02	-1.063564736169749225e-01
-2.800000000000000000e+02	9.661490844304052028e-02	-9.826007541175842130e-02
-2.790000000000000000e+02	1.050362482577668621e-01	-8.936595100046712536e-02
-2.780000000000000000e+02	1.126493342208797210e-01	-7.974041871094085521e-02
-2.770000000000000000e+02	1.193896991998817797e-01	-6.945608003807055009e-02
-2.760000000000000000e+02	1.251993233056928889e-01	-5.859130604970605449e-02
-2.750000000000000000e+02	1.300271579152165735e-01	-4.722967185690685882e-02
-2.740000000000000000e+02	1.338296007925823539e-01	-3.545934285841764039e-02
-2.730000000000000000e+02	1.365709178231318821e-01	-2.337241691364472587e-02
-2.720000000000000000e+02	1.382236190935999254e-01	-1.106407867156796766e-02
-2.710000000000000000e+02	1.387686991414799620e-01	1.367725288260473408e-03
-2.700000000000000000e+02	1.381959620181542614e-01	1.382334192221338492e-02
-2.690000000000000000e+02	1.365041708605693183e-01	2.620221990507251575e-02
-2.680000000000000000e+02	1.337011386182972439e-01	3.840365514951292469e-02
-2.670000000000000000e+02	1.298037567178557117e-01	5.032760540238818969e-02
-2.660000000000000000e+02	1.248379504666009276e-01	6.187550978666754575e-02
-2.650000000000000000e+02	1.188385604445066218e-01	7.295110671643242894e-02
-2.640000000000000000e+02	1.118491497190154810e-01	8.346124350865764818e-02
-2.630000000000000000e+02	1.039216461929925173e-01	9.331674050901155038e-02
-2.620000000000000000e+02	9.511623990579018417e-02	1.024329178882027458e-01
-2.610000000000000000e+02	8.550081044909646488e-02	1.107306397749374671e-01
-2.600000000000000000e+02	7.515043594512889336e-02	1.181368830712839768e-01
-2.590000000000000000e+02	6.414687745016572906e-02	1.245854252666927370e-01
-2.580000000000000000e+02	5.257797108523325907e-02	1.300174650387524999e-01
-2.570000000000000000e+02	4.053696177727460909e-02	1.343821893409934132e-01
-2.560000000000000000e+02	2.812178323403697472e-02	1.376372814252755095e-01
-2.550000000000000000e+02	1.543428930797570604e-02	1.397493646359835029e-01
-2.540000000000000000e+02	2.579442404693853014e-03	1.406943772541504323e-01
-2.530000000000000000e+02	-1.033553494495226439e-02	1.404578741592219515e-01
-2.520000000000000000e+02	-2.320203880776678870e-02	1.390352516115545278e-01
-2.510000000000000000e+02	-3.591096009612112366e-02	1.364320315962164187e-01
-2.500000000000000000e+02	-4.835366567470567728e-02	1.326640757469983167e-01
-2.490000000000000000e+02	-6.042304368862400077e-02	1.277562931840563742e-01
-2.480000000000000000e+02	-7.201411589389956902e-02	1.217440180915859288e-01
-2.470000000000000000e+02	-8.302510841057202107e-02	1.146723086186673124e-01
-2.460000000000000000e+02	-9.335835732955298505e-02	1.065956695017840072e-01
-2.450000000000000000e+02	-1.029211916897369988e-01	9.757768997040756898e-02
-2.440000000000000000e+02	-1.116267858778857147e-01	8.769059862447378673e-02
-2.430000000000000000e+02	-1.193949736104112230e-01	7.701473771846553684e-02
-2.420000000000000000e+02	-1.261530158324626338e-01	6.563796002880956104e-02
-2.410000000000000000e+02	-1.318363151163105540e-01	5.365495221253346186e-02
-2.400000000000000000e+02	-1.363890694572103268e-01	4.116648927949067421e-02
-2.390000000000000000e+02	-1.397648587501989226e-01	2.827862549071173681e-02
-2.380000000000000000e+02	-1.419271576836632909e-01	1.510182765559323764e-02
-2.370000000000000000e+02	-1.428497626946666210e-01	1.750596762942069210e-03
-2.360000000000000000e+02	-1.425172601760071323e-01	-1.165913787869964947e-02
-2.350000000000000000e+02	-1.409250551338947222e-01	-2.500939054156565977e-02
-2.340000000000000000e+02	-1.380796465205721968e-01	-3.818165202149609305e-02
-2.330000000000000000e+02	-1.339987002569224817e-01	-5.105794235060705927e-02
-2.320000000000000000e+02	-1.287110233333522979e-01	-6.352186422751039674e-02
-2.310000000000000000e+02	-1.222564385393363762e-01	-7.545965783445826580e-02
-2.300000000000000000e+02	-1.146855591775089722e-01	-8.676124768548004740e-02
-2.290000000000000000e+02	-1.060594320368657140e-01	-9.732124270086124629e-02
-2.280000000000000000e+02	-9.644921024347156979e-02	-1.070400151030613534e-01
-2.270000000000000000e+02	-8.593554411049675323e-02	-1.158246089527693312e-01
-2.260000000000000000e+02	-7.460830454458489136e-02	-1.235894715103956210e-01
-2.250000000000000000e+02	-6.256540664625165338e-02	-1.302577524257028663e-01
-2.240000000000000000e+02	-4.991156073710522473e-02	-1.357621504444880556e-01
-2.230000000000000000e+02	-3.675841868894606096e-02	-1.400450487490765283e-01
-2.220000000000000000e+02	-2.322323474649394884e-02	-1.430594605868140412e-01
-2.210000000000000000e+02	-9.427862212387507282e-03	-1.447695901650149775e-01
-2.200000000000000000e+02	4.502307446528804047e-03	-1.451512998725001113e-01
-2.190000000000000000e+02	1.843945445145130091e-02	-1.441924778042791289e-01
-2.180000000000000000e+02	3.225448026451691735e-02	-1.418933003434720008e-01
-2.170000000000000000e+02	4.581818701499491137e-02	-1.382663853999616110e-01
-2.160000000000000000e+02	5.900247647732023010e-02	-1.333368328127440550e-01
-2.150000000000000000e+02	7.168155786742470836e-02	-1.271421493860591112e-01
-2.140000000000000000e+02	8.373315340023392006e-02	-1.197320570408590551e-01
-2.130000000000000000e+02	9.503929368334863848e-02	-1.111685227069915266e-01
-2.120000000000000000e+02	1.054886968110484713e-01	-1.015244382341107809e-01
-2.110000000000000000e+02	1.149760173517232614e-01	-9.088317537664208912e-02
-2.100000000000000000e+02	1.234046694635759917e-01	-7.933936359893870027e-02
-2.090000000000000000e+02	1.306877563828143796e-01	-6.699737160657959212e-02
-2.080000000000000000e+02	1.367479028728798562e-01	-5.396969337198858491e-02
-2.070000000000000000e+02	1.415186633816218620e-01	-4.037650574993960351e-02
-2.060000000000000000e+02	1.449453022434402383e-01	-2.634461936165796714e-02
-2.050000000000000000e+02	1.469854746816093294e-01	-1.200634872856329999e-02
-2.040000000000000000e+02	1.476098001346394240e-01	2.501689148968922350e-03
-2.030000000000000000e+02	1.468023202596867582e-01	1.703983767527166709e-02
-2.020000000000000000e+02	1.445608348903679730e-01	3.146671408755922356e-02
-2.010000000000000000e+02	1.408970929694445540e-01	4.564061508325124861e-02
-2.000000000000000000e+02	1.358368945575822162e-01	5.942076669370285891e-02
-1.990000000000000000e+02	1.294200405248720487e-01	7.266877326258762426e-02
-1.980000000000000000e+02	1.217001095002809979e-01	8.525006677598299942e-02
-1.970000000000000000e+02	1.127441286790773906e-01	9.703525060893611331e-02
-1.960000000000000000e+02	1.026320981633695173e-01	1.079014524758663274e-01
-1.950000000000000000e+02	9.145637853795027250e-02	1.177336363607753289e-01
-1.940000000000000000e+02	7.932094487375367098e-02	1.264258595732716539e-01
-1.930000000000000000e+02	6.634051175249305876e-02	1.338824612775315337e-01
-1.920000000000000000e+02	5.263955995077530814e-02	1.400192347487301259e-01
-1.910000000000000000e+02	3.835118256744918241e-02	1.447644247260941042e-01
-1.900000000000000000e+02	2.361578360591843478e-02	1.480592704285512984e-01
-1.890000000000000000e+02	8.579949894221094650e-03	1.498592834939357354e-01
-1.880000000000000000e+02	-6.605041000915368339e-03	1.501347274088552786e-01
-1.870000000000000000e+02	-2.178469739760621054e-02	1.488711380310700771e-01
-1.860000000000000000e+02	-3.680236145614466936e-02	1.460698205347035761e-01
-1.850000000000000000e+02	-5.150225578121705311e-02	1.417478095439852481e-01
-1.840000000000000000e+02	-6.572975137901888865e-02	1.359380365137577984e-01
-1.830000000000000000e+02	-7.933326928941085432e-02	1.286892596661090016e-01
-1.820000000000000000e+02	-9.216598874097567395e-02	1.200657839826669432e-01
-1.810000000000000000e+02	-1.040874508477976218e-01	1.101470269732953561e-01
-1.800000000000000000e+02	-1.149651264011972568e-01	9.902691839386952577e-02
-1.790000000000000000e+02	-1.246760805851490628e-01	8.681324084296115906e-02
-1.780000000000000000e+02	-1.331080582094938680e-01	7.362640042614392033e-02
-1.770000000000000000e+02	-1.401610056664959469e-01	5.959857685860533993e-02
-1.760000000000000000e+02	-1.457483685942481400e-01	4.487280860459769843e-02
-1.750000000000000000e+02	-1.497983780373774443e-01	2.960112281459564842e-02
-1.740000000000000000e+02	-1.522549674826194355e-01	1.394278078524511209e-02
-1.730000000000000000e+02	-1.530784029201230356e-01	-1.936529057738945337e-03
-1.720000000000000000e+02	-1.522461160323375362e-01	-1.786670666334009075e-02
-1.710000000000000000e+02	-1.497532268400970645e-01	-3.367500981713258262e-02
-1.700000000000000000e+02	-1.456128923491836757e-01	-4.918789061626482190e-02
-1.690000000000000000e+02	-1.398566062557877465e-01	-6.423294780514458846e-02
-1.680000000000000000e+02	-1.325336428084955831e-01	-7.864063409830762685e-02
-1.670000000000000000e+02	-1.237116945348940150e-01	-9.224587905697206880e-02
-1.660000000000000000e+02	-1.134755523122095988e-01	-1.048911390446150560e-01
-1.650000000000000000e+02	-1.019265834712969748e-01	-1.164276067293688044e-01
-1.640000000000000000e+02	-8.918227694284507068e-02	-1.267166126588018249e-01
-1.630000000000000000e+02	-7.537502632758834309e-02	-1.356316539564119128e-01
-1.620000000000000000e+02	-6.065090369951586791e-02	-1.430600220301647407e-01
-1.610000000000000000e+02	-4.516825336735161983e-02	-1.489043110393177272e-01
-1.600000000000000000e+02	-2.909610764152141885e-02	-1.530837399087599526e-01
-1.590000000000000000e+02	-1.261248144947483413e-02	-1.555353629391542647e-01
-1.580000000000000000e+02	4.097482281614325123e-03	-1.562153994695185399e-01
-1.570000000000000000e+02	2.084184669320920946e-02	-1.550999246284480160e-01
-1.560000000000000000e+02	3.742897204491919816e-02	-1.521853700169516765e-01
-1.550000000000000000e+02	5.366516389854034119e-02	-1.474887520888635839e-01
-1.540000000000000000e+02	6.935796637476447646e-02	-1.410480321525298397e-01
-1.530000000000000000e+02	8.431859929952406629e-02	-1.329220541235458242e-01
-1.520000000000000000e+02	9.836423101818787817e-02	-1.231902428190778803e-01
-1.510000000000000000e+02	1.113202346671780668e-01	-1.119520548604845817e-01
-1.500000000000000000e+02	1.230223365865133617e-01	-9.932612949104521749e-02
-1.490000000000000000e+02	1.333181697425615542e-01	-8.544892194590157641e-02
-1.480000000000000000e+02	1.420713971356219740e-01	-7.047491081644842448e-02
-1.470000000000000000e+02	1.491615836727794020e-01	-5.457330423098295108e-02
-1.460000000000000000e+02	1.544865929206097888e-01	-3.792693904560443668e-02
-1.450000000000000000e+02	1.579641710409903366e-01	-2.073033603582810636e-02
-1.440000000000000000e+02	1.595333288141384254e-01	-3.187567180321143525e-03
-1.430000000000000000e+02	1.591554991702673894e-01	1.449004469984895710e-02
-1.420000000000000000e+02	1.568154495803595894e-01	3.208637095859245836e-02
-1.410000000000000000e+02	1.525219045110243477e-01	4.938312279766537971e-02
-1.400000000000000000e+02	1.463080292880787336e-01	6.616213791986735870e-02
-1.390000000000000000e+02	1.382313665427018223e-01	8.220865849632189026e-02
-1.380000000000000000e+02	1.283736035541362119e-01	9.731378791111024162e-02
-1.370000000000000000e+02	1.168401210589646994e-01	1.112772589346060353e-01
-1.360000000000000000e+02	1.037590905000668334e-01	1.239101029482150701e-01
-1.350000000000000000e+02	8.928032720136030997e-02	1.350372664645600740e-01
-1.340000000000000000e+02	7.357384861224662564e-02	1.445001326559842147e-01
-1.330000000000000000e+02	5.682812727859446605e-02	1.521588938161063109e-01
-1.320000000000000000e+02	3.924806159134904687e-02	1.578947461064084123e-01
-1.310000000000000000e+02	2.105268119654315692e-02	1.616118727910900166e-01
-1.300000000000000000e+02	2.472608346096478570e-03	1.632392068173579569e-01
-1.290000000000000000e+02	-1.625272375888696733e-02	1.627319935404359097e-01
-1.280000000000000000e+02	-3.487760392630671197e-02	1.600726138083783390e-01
-1.270000000000000000e+02	-5.315400811770871342e-02	1.552718125471830579e-01
-1.260000000000000000e+02	-7.083475736312290494e-02	1.483687959882114549e-01
-1.250000000000000000e+02	-8.767603357808423370e-02	1.394315608113962934e-01
-1.240000000000000000e+02	-1.034411076819614639e-01	1.285565988272324711e-01
-1.230000000000000000e+02	-1.179036877177848247e-01	1.158682506827357628e-01
-1.220000000000000000e+02	-1.308512229816409245e-01	1.015176656379907089e-01
-1.210000000000000000e+02	-1.420880925413637308e-01	8.568140984719610498e-02
-1.200000000000000000e+02	-1.514380971322496494e-01	6.856100672555094644e-02
-1.190000000000000000e+02	-1.587496281901268624e-01	5.037654261371259795e-02
-1.180000000000000000e+02	-1.638956840114952629e-01	3.136805175699169945e-02
-1.170000000000000000e+02	-1.667771691621666441e-01	1.179145066745610447e-02
-1.160000000000000000e+02	-1.673249596185593935e-01	-8.084651235120457816e-03
-1.150000000000000000e+02	-1.655016124447428461e-01	-2.798241684480802863e-02
-1.140000000000000000e+02	-1.613026826570486127e-01	-4.761848435913369759e-02
-1.130000000000000000e+02	-1.547576137514950489e-01	-6.670786488458724239e-02
-1.120000000000000000e+02	-1.459301728694971934e-01	-8.496798678659413240e-02
-1.110000000000000000e+02	-1.349200779511208481e-01	-1.021240996053721234e-01
-1.100000000000000000e+02	-1.218583415327109398e-01	-1.179092145140554493e-01
-1.090000000000000000e+02	-1.069089767285344023e-01	-1.320724879585065403e-01
-1.080000000000000000e+02	-9.026649636286049327e-02	-1.443837782607989562e-01
-1.070000000000000000e+02	-7.215541561441132790e-02	-1.546344893171126278e-01
-1.060000000000000000e+02	-5.282669704160022905e-02	-1.626425843641995383e-01
-1.050000000000000000e+02	-3.255470859501612829e-02	-1.682560197594793472e-01
-1.040000000000000000e+02	-1.163372862525022602e-02	-1.713558466505760436e-01
-1.030000000000000000e+02	9.625968633445811801e-03	-1.718589203993132197e-01
-1.020000000000000000e+02	3.090240568109017469e-02	-1.697201605092019394e-01
-1.010000000000000000e+02	5.186533474596827231e-02	-1.649346814650136106e-01
-1.000000000000000000e+02	7.218297683975151424e-02	-1.575390072602923242e-01
-9.900000000000000000e+01	9.152939518664117424e-02	-1.476099592750041434e-01
-9.800000000000000000e+01	1.095846647382276717e-01	-1.352662337943488502e-01
-9.700000000000000000e+01	1.260421963002408274e-01	-1.206673797027899425e-01
-9.600000000000000000e+01	1.406139907414078460e-01	-1.040124843965306023e-01
-9.500000000000000000e+01	1.530357969122783934e-01	-8.553818343319236073e-02
-9.400000000000000000e+01	1.630720869833254538e-01	-6.551599405568865608e-02
-9.300000000000000000e+01	1.705207609763897680e-01	-4.424898349619971888e-02
-9.200000000000000000e+01	1.752174460506949749e-01	-2.206815606023346948e-02
-9.100000000000000000e+01	1.770394344859144153e-01	6.724865400070103791e-04
-9.000000000000000000e+01	1.759085021962945583e-01	2.360259018641280848e-02
-8.900000000000000000e+01	1.717955820541638978e-01	4.633860422442731553e-02
-8.800000000000000000e+01	1.647204365809603610e-01	6.849095733540325193e-02
-8.700000000000000000e+01	1.547541101977046307e-01	8.966989959133568611e-02
-8.600000000000000000e+01	1.420188416132279474e-01	1.094934733415099948e-01
-8.500000000000000000e+01	1.266877652469982352e-01	1.275934644743151880e-01
-8.400000000000000000e+01	1.089838982465368283e-01	1.436219881293851197e-01
-8.300000000000000000e+01	8.917787152746178836e-02	1.572585173687610360e-01
-8.200000000000000000e+01	6.758593961970399411e-02	1.682158618989313403e-01
-8.100000000000000000e+01	4.456369397849807568e-02	1.762482576252925037e-01
-8.000000000000000000e+01	2.050122523296360119e-02	1.811563761461863764e-01
-7.900000000000000000e+01	-4.181002946890203902e-03	1.827915856536632688e-01
-7.800000000000000000e+01	-2.903938235553043395e-02	1.810611668142032005e-01
-7.700000000000000000e+01	-5.361444782226482131e-02	1.759321257906441838e-01
-7.600000000000000000e+01	-7.743880858740129214e-02	1.674340900109288766e-01
-7.500000000000000000e+01	-1.000456150894914742e-01	1.556611780996455530e-01
-7.400000000000000000e+01	-1.209752726832276082e-01	1.407746047649444388e-01
-7.300000000000000000e+01	-1.397910362593096090e-01	1.229978837125149244e-01
-7.200000000000000000e+01	-1.560833121690667069e-01	1.026166897605735595e-01
-7.100000000000000000e+01	-1.694779810441261469e-01	7.997733634555449778e-02
-7.000000000000000000e+01	-1.796464795808919990e-01	5.548171509657887773e-02
-6.900000000000000000e+01	-1.863141550143774250e-01	2.958165998401050129e-02
-6.800000000000000000e+01	-1.892671179057131559e-01	2.772397458917542652e-03
-6.700000000000000000e+01	-1.883637435983167296e-01	-2.441257866652374320e-02
-6.600000000000000000e+01	-1.835357105811528666e-01	-5.142275516814416580e-02
-6.500000000000000000e+01	-1.747933905212912253e-01	-7.768867812377452942e-02
-6.400000000000000000e+01	-1.622298804017211216e-01	-1.026369121293732728e-01
-6.300000000000000000e+01	-1.460229046377241879e-01	-1.257019747113421182e-01
-6.200000000000000000e+01	-1.264350315674427350e-01	-1.463388222337006495e-01
-6.100000000000000000e+01	-1.038149072610362877e-01	-1.640338655785196775e-01
-6.000000000000000000e+01	-7.858490037826361407e-02	-1.783233451187473673e-01
-5.900000000000000000e+01	-5.124382352106274935e-02	-1.888011067696888645e-01
-5.800000000000000000e+01	-2.235719628193778494e-02	-1.951312640424558709e-01
-5.700000000000000000e+01	7.452543389208374572e-03	-1.970591962672305630e-01
-5.600000000000000000e+01	3.751391162320714956e-02	-1.944227375259203472e-01
-5.500000000000000000e+01	6.712925176744212463e-02	-1.871600197316406478e-01
-5.400000000000000000e+01	9.558163258537555329e-02	-1.753152647806785480e-01
-5.300000000000000000e+01	1.221510230805288449e-01	-1.590444867885070501e-01
-5.200000000000000000e+01	1.461295501801495866e-01	-1.386157663946830099e-01
-5.100000000000000000e+01	1.668439507272269917e-01	-1.144199420711022736e-01
-5.000000000000000000e+01	1.836807904819952597e-01	-8.695124342681284646e-02
-4.900000000000000000e+01	1.960923899535108872e-01	-5.681019535093917439e-02
-4.800000000000000000e+01	2.036196317519373689e-01	-2.469357014218254848e-02
-4.700000000000000000e+01	2.059094240648544072e-01	8.617594050358227259e-03
-4.600000000000000000e+01	2.027321562498125840e-01	4.226677632425991649e-02
-4.500000000000000000e+01	1.939937974203936322e-01	7.536051868858024971e-02
-4.400000000000000000e+01	1.797460323104938806e-01	1.069711303612679576e-01
-4.300000000000000000e+01	1.601962031376565065e-01	1.361634764003144538e-01
-4.200000000000000000e+01	1.357113279473927403e-01	1.620203689296469685e-01
-4.100000000000000000e+01	1.068333114626398572e-01	1.836670237738688705e-01
-4.000000000000000000e+01	7.424800699334160869e-02	2.003200873072694677e-01
-3.900000000000000000e+01	3.878439884368074797e-02	2.112973384286228051e-01
-3.800000000000000000e+01	1.410647327660228493e-03	2.160447787137189102e-01
-3.700000000000000000e+01	-3.678906706642197377e-02	2.141677897155054022e-01
-3.600000000000000000e+01	-7.463899628137340980e-02	2.054565802033429811e-01
-3.500000000000000000e+01	-1.109009338406957146e-01	1.899067807847081291e-01
-3.400000000000000000e+01	-1.443207010070464424e-01	1.677354759853625643e-01
-3.300000000000000000e+01	-1.736294588828641849e-01	1.394178028857681328e-01
-3.200000000000000000e+01	-1.976451526594975860e-01	1.056576727405525995e-01
-3.100000000000000000e+01	-2.152935681577643201e-01	6.738876600279611329e-02
-3.000000000000000000e+01	-2.256497416182401961e-01	2.576784236150881854e-02
-2.900000000000000000e+01	-2.279869927844468680e-01	-1.784438949299036251e-02
-2.800000000000000000e+01	-2.218261378367145098e-01	-6.191443874856394913e-02
-2.700000000000000000e+01	-2.069634585555393258e-01	-1.047723403955411331e-01
-2.600000000000000000e+01	-1.835282524966369289e-01	-1.446629658042048738e-01
-2.500000000000000000e+01	-1.520090335564935058e-01	-1.798082135572504625e-01
-2.400000000000000000e+01	-1.132817772328145178e-01	-2.084766133303652125e-01
-2.300000000000000000e+01	-6.858103191584295766e-02	-2.290854039548038401e-01
-2.200000000000000000e+01	-1.952250621200401701e-02	-2.402545118015736447e-01
-2.100000000000000000e+01	3.191169617075365755e-02	-2.409097808001007257e-01
-2.000000000000000000e+01	8.348536535620512677e-02	-2.303741467500540208e-01
-1.900000000000000000e+01	1.327278425081906688e-01	-2.084376308033876468e-01
-1.800000000000000000e+01	1.770038272048610473e-01	-1.754097706261236178e-01
-1.700000000000000000e+01	2.137184049943742226e-01	-1.322957885028145653e-01
-1.600000000000000000e+01	2.404180612496026881e-01	-8.070219569847379704e-02
-1.500000000000000000e+01	2.549080514536346542e-01	-2.281992339180731466e-02
-1.400000000000000000e+01	2.554258768252597456e-01	3.850502634096680116e-02
-1.300000000000000000e+01	2.408534855866680813e-01	9.986582458218996872e-02
-1.200000000000000000e+01	2.108860122062136133e-01	1.574571804059023417e-01
-1.100000000000000000e+01	1.662100248444172701e-01	2.072106841048590997e-01
-1.000000000000000000e+01	1.086478830920729610e-01	2.450688156965367126e-01
-9.000000000000000000e+00	4.117442715980671603e-02	2.673266441611923394e-01
-8.000000000000000000e+00	-3.204693642063840414e-02	2.709723118852872537e-01
-7.000000000000000000e+00	-1.058200081545318111e-01	2.541268452522632559e-01
-6.000000000000000000e+00	-1.741347408160198174e-01	2.161423457626369393e-01
-5.000000000000000000e+00	-2.305183932754249210e-01	1.583363640777319115e-01
-4.000000000000000000e+00	-2.686485876015426433e-01	8.415211123121868475e-02
-3.000000000000000000e+00	-2.831165278889258285e-01	-7.533774262178755078e-04
-2.000000000000000000e+00	-2.702381785864849117e-01	-8.871265454244717241e-02
-1.000000000000000000e+00	-2.287892200267011011e-01	-1.704918691650446905e-01
0.000000000000000000e+00	-1.608442578251209898e-01	-2.361287301045591480e-01
1.000000000000000000e+00	-7.232893012946339795e-02	-2.761289660172022153e-01
2.000000000000000000e+00	2.706038498048247282e-02	-2.831400538263174060e-01
3.000000000000000000e+00	1.245985841794326615e-01	-2.535817052217151368e-01
4.000000000000000000e+00	2.060307171378408519e-01	-1.891104079258043025e-01
5.000000000000000000e+00	2.579363322119676005e-01	-9.739729015990175598e-02
6.000000000000000000e+00	2.704737113391388337e-01	8.226257710646408747e-03
7.000000000000000000e+00	2.400813043076358844e-01	1.106241957719319852e-01
8.000000000000000000e+00	1.709972845785792672e-01	1.917257854871636802e-01
9.000000000000000000e+00	7.542703975190886978e-02	2.366438413860598722e-01
1.000000000000000000e+01	-2.850907659675564962e-02	2.371363943644143046e-01
1.100000000000000000e+01	-1.205420483564765277e-01	1.941067476799082925e-01
1.200000000000000000e+01	-1.828759256519879861e-01	1.176541767578564990e-01
1.300000000000000000e+01	-2.044137101476233842e-01	2.499832146840400698e-02
1.400000000000000000e+01	-1.834005046373170522e-01	-6.370030025881012747e-02
1.500000000000000000e+01	-1.275595024516521792e-01	-1.301928403267756384e-01
1.600000000000000000e+01	-5.187913116338920688e-02	-1.624076666635102251e-01
1.700000000000000000e+01	2.545949836682822806e-02	-1.569022053059603017e-01
1.800000000000000000e+01	8.758483925804612380e-02	-1.190216140752912155e-01
1.900000000000000000e+01	1.228149545983508450e-01	-6.081578553966547618e-02
2.000000000000000000e+01	1.268159951085066073e-01	2.476370343162886869e-03
2.100000000000000000e+01	1.027551753338005192e-01	5.630318993479014461e-02
2.200000000000000000e+01	5.973822848539171726e-02	9.005824010090666965e-02
2.300000000000000000e+01	9.944959647293074786e-03	9.910825629978009532e-02
2.400000000000000000e+01	-3.463258532673043483e-02	8.492870053115504636e-02
2.500000000000000000e+01	-6.482128020906896548e-02	5.405929783525500326e-02
2.600000000000000000e+01	-7.599545708361310492e-02	1.584181922780867821e-02
2.700000000000000000e+01	-6.848312904025667669e-02	-2.006912281461438463e-02
2.800000000000000000e+01	-4.678036434222448275e-02	-4.595389276044734017e-02
2.900000000000000000e+01	-1.792794771852648447e-02	-5.750585667798623069e-02
3.000000000000000000e+01	1.047034962232697847e-02	-5.431201878767685787e-02
3.100000000000000000e+01	3.206526118800891167e-02	-3.936175890062192789e-02
3.200000000000000000e+01	4.302376938366756637e-02	-1.786553758263923972e-02
3.300000000000000000e+01	4.251694056266044214e-02	4.286119886187925686e-03
3.400000000000000000e+01	3.245327698661937266e-02	2.196182204622480066e-02
3.500000000000000000e+01	1.662307005398142370e-02	3.185177450717517622e-02
3.600000000000000000e+01	-4.691989287531461565e-04	3.293363812418696052e-02
3.700000000000000000e+01	-1.473457674675146024e-02	2.635251233465773016e-02
3.800000000000000000e+01	-2.337406055292582177e-02	1.482255595113151150e-02
3.900000000000000000e+01	-2.531494346236358439e-02	1.754729548744152993e-03
4.000000000000000000e+01	-2.117991134886621635e-02	-9.629919529954601709e-03
4.100000000000000000e+01	-1.288105469139559298e-02	-1.700497548258473809e-02
4.200000000000000000e+01	-2.976207459870398083e-03	-1.933288091325473940e-02
4.300000000000000000e+01	6.021912703425051638e-03	-1.688897287399475713e-02
4.400000000000000000e+01	1.220757155241401076e-02	-1.099554882393308751e-02
4.500000000000000000e+01	1.462493813261244932e-02	-3.549491500863758125e-03
4.600000000000000000e+01	1.332509543464862820e-02	3.505934436135354874e-03
4.700000000000000000e+01	9.202512317576043085e-03	8.625757543855420290e-03
4.800000000000000000e+01	3.648935963449417320e-03	1.095506559834373908e-02
4.900000000000000000e+01	-1.841397979967013179e-03	1.041139256090897053e-02
5.000000000000000000e+01	-6.028635802351760622e-03	7.579939121012208882e-03
5.100000000000000000e+01	-8.169093291129001649e-03	3.472901943149971343e-03
5.200000000000000000e+01	-8.103803078833701420e-03	-7.704221945998835069e-04
5.300000000000000000e+01	-6.201812162269034270e-03	-4.162243492656314547e-03
5.400000000000000000e+01	-3.190884321892917871e-03	-6.067672835301486482e-03
5.500000000000000000e+01	6.643408185994092584e-05	-6.288558197627156475e-03
5.600000000000000000e+01	2.787902873738494405e-03	-5.048619058700037736e-03
5.700000000000000000e+01	4.443112210231013083e-03	-2.864523233805522148e-03
5.800000000000000000e+01	4.824344958245581350e-03	-3.812617092125818717e-04
5.900000000000000000e+01	4.048067611027418577e-03	1.786965128006722577e-03
6.000000000000000000e+01	2.477239513738281086e-03	3.197165368052336948e-03
6.100000000000000000e+01	5.957803328871276579e-04	3.650217216214746933e-03
6.200000000000000000e+01	-1.119238883704020597e-03	3.194804144437064179e-03
6.300000000000000000e+01	-2.302013121326630489e-03	2.077761289028164701e-03
6.400000000000000000e+01	-2.766436435235826267e-03	6.613732907884540104e-04
6.500000000000000000e+01	-2.522521045704953502e-03	-6.816951809709111739e-04
6.600000000000000000e+01	-1.740832836228697281e-03	-1.656924278855165678e-03
6.700000000000000000e+01	-6.869460986760831658e-04	-2.103043109345823815e-03
6.800000000000000000e+01	3.572501759765117201e-04	-2.005794493573738284e-03
6.900000000000000000e+01	1.158671902403892937e-03	-1.473159559682102890e-03
7.000000000000000000e+01	1.566168699134774323e-03	-6.894080496059734869e-04
7.100000000000000000e+01	1.555256286297248798e-03	1.185382512141192047e-04
7.200000000000000000e+01	1.196018364606747436e-03	7.657960633674952902e-04
7.300000000000000000e+01	6.240591465206782361e-04	1.132016734240840232e-03
7.400000000000000000e+01	2.206495196107566735e-06	1.178946346628759276e-03
7.500000000000000000e+01	-5.205326506278112669e-04	9.438391630843732906e-04
7.600000000000000000e+01	-8.376844015030210410e-04	5.239697055316111041e-04
7.700000000000000000e+01	-9.077225784902596224e-04	4.742992553393471936e-05
7.800000000000000000e+01	-7.576303513406738074e-04	-3.662953611696432264e-04
7.900000000000000000e+01	-4.574132405354609538e-04	-6.346153937378160546e-04
8.000000000000000000e+01	-9.856456006743672337e-05	-7.192752495965628332e-04
8.100000000000000000e+01	2.270610437158069347e-04	-6.309803953131181298e-04
8.200000000000000000e+01	4.518461434430893803e-04	-4.192671131356010081e-04
8.300000000000000000e+01	5.395721170019568327e-04	-1.500252492173582313e-04
8.400000000000000000e+01	4.931868849657440818e-04	1.049636378741415459e-04
8.500000000000000000e+01	3.454082996918201990e-04	2.906294974887612174e-04
8.600000000000000000e+01	1.455880388813398144e-04	3.768788830037531025e-04
8.700000000000000000e+01	-5.376328013318007384e-05	3.596087997442428655e-04
8.800000000000000000e+01	-2.064080839170236864e-04	2.568852423534934929e-04
8.900000000000000000e+01	-2.841932663719261114e-04	1.076827451989684540e-04
9.000000000000000000e+01	-2.830669684988853683e-04	-4.623374484027697643e-05
9.100000000000000000e+01	-2.145320600644895677e-04	-1.696427522933818724e-04
9.200000000000000000e+01	-1.052347573605891625e-04	-2.385457950599044149e-04
9.300000000000000000e+01	1.256828018569648303e-05	-2.468494912359943676e-04
9.400000000000000000e+01	1.118636326094277965e-04	-2.036642830962163303e-04
9.500000000000000000e+01	1.713744056049506029e-04	-1.236662678915787981e-04
9.600000000000000000e+01	1.847770728097288505e-04	-3.374166314774370282e-05
9.700000000000000000e+01	1.576049895832020483e-04	4.465567792140551353e-05
9.800000000000000000e+01	1.021604536944781022e-04	9.699455526051539624e-05
9.900000000000000000e+01	3.397992609752995615e-05	1.159228283557615398e-04
1.000000000000000000e+02	-3.026478519381308585e-05	9.981787817658220369e-05
1.010000000000000000e+02	-7.322109090911462317e-05	5.665793366262415954e-05
1.020000000000000000e+02	-8.955160149016532986e-05	4.466548587733176995e-06
1.030000000000000000e+02	-8.036715938675918726e-05	-4.437570743000693660e-05
1.040000000000000000e+02	-5.155623199028504065e-05	-7.924536330052405473e-05
1.050000000000000000e+02	-1.328880953283410722e-05	-9.382727323420787758e-05
1.060000000000000000e+02	2.373528707848457264e-05	-9.015374816652800061e-05
1.070000000000000000e+02	5.271119948510780525e-05	-7.207577541656323803e-05
