# # Time 	 h_plus 	 h_cross 
# 
-4.090000000000000000e+02	1.632571218352354692e-01	-7.153134507938950504e-02
-4.080000000000000000e+02	1.690862944836170056e-01	-5.673164926681616149e-02
-4.070000000000000000e+02	1.735800150505315831e-01	-4.144611568183156208e-02
-4.060000000000000000e+02	1.766966321865943434e-01	-2.579474801660329095e-02
-4.050000000000000000e+02	1.784052186437615761e-01	-9.901489049483546898e-03
-4.040000000000000000e+02	1.786860065153459687e-01	6.107175430836457065e-03
-4.030000000000000000e+02	1.775305783985438868e-01	2.210303012619750304e-02
-4.020000000000000000e+02	1.749420302074238820e-01	3.795714771489484829e-02
-4.010000000000000000e+02	1.709350429100821300e-01	5.354092267143462786e-02
-4.000000000000000000e+02	1.655358614762624525e-01	6.872711328643524298e-02
-3.990000000000000000e+02	1.587821800455258281e-01	8.339088356878869568e-02
-3.980000000000000000e+02	1.507229330699330627e-01	9.741083659172346254e-02
-3.970000000000000000e+02	1.414179929433475591e-01	1.106700307905897213e-01
-3.960000000000000000e+02	1.309377753963153757e-01	1.230569707338344532e-01
-3.950000000000000000e+02	1.193626131636397747e-01	1.344666896142184265e-01
-3.940000000000000000e+02	1.067825445729080613e-01	1.448014871031347295e-01
-3.930000000000000000e+02	9.329640910007171162e-02	1.539715527778048876e-01
-3.920000000000000000e+02	7.901107509359485415e-02	1.618962149007906748e-01
-3.910000000000000000e+02	6.404074437880122317e-02	1.685045876264209819e-01
-3.900000000000000000e+02	4.850602863495989681e-02	1.737361920135442050e-01
-3.890000000000000000e+02	3.253300675961787874e-02	1.775415471959772562e-01
-3.880000000000000000e+02	1.625222667486320507e-02	1.798826767172272412e-01
-3.870000000000000000e+02	-2.023408457842230577e-04	1.807335247204247541e-01
-3.860000000000000000e+02	-1.669438823660794255e-02	1.800802773552812319e-01
-3.850000000000000000e+02	-3.308638853637534821e-02	1.779215854852129186e-01
-3.840000000000000000e+02	-4.924073518179522546e-02	1.742686855443085492e-01
-3.830000000000000000e+02	-6.502073277062740686e-02	1.691464393262603616e-01
-3.820000000000000000e+02	-8.029243112770279023e-02	1.625902984340739932e-01
-3.810000000000000000e+02	-9.492493611937798115e-02	1.546488457754460755e-01
-3.800000000000000000e+02	-1.087918470186754749e-01	1.453827093407552840e-01
-3.790000000000000000e+02	-1.217723733192950381e-01	1.348641266472810074e-01
-3.780000000000000000e+02	-1.337524083698806432e-01	1.231764381518220680e-01
-3.770000000000000000e+02	-1.446255584725458232e-01	1.104134807165357141e-01
-3.760000000000000000e+02	-1.542941180867632989e-01	9.667888491910765769e-02
-3.750000000000000000e+02	-1.626699820889818682e-01	8.208528087866283351e-02
-3.740000000000000000e+02	-1.696754864304602373e-01	6.675341812565423194e-02
-3.730000000000000000e+02	-1.752441690095362103e-01	5.081120586912016984e-02
-3.720000000000000000e+02	-1.793214431272344422e-01	3.439268080075281314e-02
-3.710000000000000000e+02	-1.818651765238573081e-01	1.763691031430552822e-02
-3.700000000000000000e+02	-1.828461696950503257e-01	6.868397037993894966e-04
-3.690000000000000000e+02	-1.822485279543000491e-01	-1.631190747239993216e-02
-3.680000000000000000e+02	-1.800699225396546477e-01	-3.321226611898610293e-02
-3.670000000000000000e+02	-1.763217369497366016e-01	-4.986699319862408775e-02
-3.660000000000000000e+02	-1.710290956313464394e-01	-6.612994756909261473e-02
-3.650000000000000000e+02	-1.642307731208915433e-01	-8.185737512163820950e-02
-3.640000000000000000e+02	-1.559789827570342569e-01	-9.690918805311031503e-02
-3.630000000000000000e+02	-1.463395363910417746e-01	-1.111495801731155475e-01
-3.620000000000000000e+02	-1.353901947911169690e-01	-1.244501266441163101e-01
-3.610000000000000000e+02	-1.232208528392855357e-01	-1.366895417642207122e-01
-3.600000000000000000e+02	-1.099328682926255379e-01	-1.477546582131966102e-01
-3.590000000000000000e+02	-9.563824417214618345e-02	-1.575418796847915803e-01
-3.580000000000000000e+02	-8.045873410633963552e-02	-1.659582051797419133e-01
-3.570000000000000000e+02	-6.452483120872581912e-02	-1.729221338767562011e-01
-3.560000000000000000e+02	-4.797469130626677569e-02	-1.783645009023952233e-01
-3.550000000000000000e+02	-3.095297488684038700e-02	-1.822292132472861370e-01
-3.540000000000000000e+02	-1.360961692092366171e-02	-1.844738778044863747e-01
-3.530000000000000000e+02	3.901465485493078693e-03	-1.850703143333322642e-01
-3.520000000000000000e+02	2.142371692119499071e-02	-1.840049470604475657e-01
-3.510000000000000000e+02	3.879926370765120203e-02	-1.812790832982420497e-01
-3.500000000000000000e+02	5.586995529843703095e-02	-1.769089264730792643e-01
-3.490000000000000000e+02	7.248013056632980622e-02	-1.709255393402963341e-01
-3.480000000000000000e+02	8.847688578330098474e-02	-1.633755509885392032e-01
-3.470000000000000000e+02	1.037116661139618340e-01	-1.543197267062095535e-01
-3.460000000000000000e+02	1.180417558030533443e-01	-1.438330007961819978e-01
-3.450000000000000000e+02	1.313316373744313759e-01	-1.320039322206005838e-01
-3.440000000000000000e+02	1.434543017691598810e-01	-1.189340291882421824e-01
-3.430000000000000000e+02	1.542924967347364951e-01	-1.047369469230398781e-01
-3.420000000000000000e+02	1.637399011221709333e-01	-8.953756408413433843e-02
-3.410000000000000000e+02	1.717022132128086520e-01	-7.347094451312498331e-02
-3.400000000000000000e+02	1.780981417788856935e-01	-5.668119215364118141e-02
-3.390000000000000000e+02	1.828603038433490036e-01	-3.932014038151077778e-02
-3.380000000000000000e+02	1.859359479424697037e-01	-2.154609636202063291e-02
-3.370000000000000000e+02	1.872875845682467899e-01	-3.522634496827075756e-03
-3.360000000000000000e+02	1.868933152125056563e-01	1.458319262284371066e-02
-3.350000000000000000e+02	1.847479682988119043e-01	3.260226479206269207e-02
-3.340000000000000000e+02	1.808624886621248984e-01	5.036500200935983829e-02
-3.330000000000000000e+02	1.752642729479351180e-01	6.770292201794607390e-02
-3.320000000000000000e+02	1.679970800173843370e-01	8.445023911904075975e-02
-3.310000000000000000e+02	1.591207857951817961e-01	1.004454579420301502e-01
-3.300000000000000000e+02	1.487109824959439996e-01	1.155329470345934778e-01
-3.290000000000000000e+02	1.368582821108573211e-01	1.295646265476422809e-01
-3.280000000000000000e+02	1.236679604272466759e-01	1.424010187111140746e-01
-3.270000000000000000e+02	1.092589088488939292e-01	1.539130153371008614e-01
-3.260000000000000000e+02	9.376257787742336980e-02	1.639832387989710871e-01
-3.250000000000000000e+02	7.732189962977613351e-02	1.725072231748600304e-01
-3.240000000000000000e+02	6.009003252526087108e-02	1.793945551079259848e-01
-3.230000000000000000e+02	4.222899092307034336e-02	1.845698939615789957e-01
-3.220000000000000000e+02	2.390817116789122412e-02	1.879738595163884807e-01
-3.210000000000000000e+02	5.302820435369476337e-03	1.895641573298351701e-01
-3.200000000000000000e+02	-1.340782477427644899e-02	1.893163134858910912e-01
-3.190000000000000000e+02	-3.204212151874748921e-02	1.872213866860171216e-01
-3.180000000000000000e+02	-5.041748885084976900e-02	1.832896391490808352e-01
-3.170000000000000000e+02	-6.835238937818025051e-02	1.775494167401766576e-01
-3.160000000000000000e+02	-8.566812419423959490e-02	1.700470669523451439e-01
-3.150000000000000000e+02	-1.021906242310694352e-01	1.608466784103966540e-01
-3.140000000000000000e+02	-1.177522202706798721e-01	1.500296415526483629e-01
-3.130000000000000000e+02	-1.321933737239952278e-01	1.376940319130226797e-01
-3.120000000000000000e+02	-1.453643503321065955e-01	1.239538192176954101e-01
-3.110000000000000000e+02	-1.571268191706374773e-01	1.089379073092100747e-01
-3.100000000000000000e+02	-1.673552100004615795e-01	9.278928177971916547e-02
-3.090000000000000000e+02	-1.759385900785753187e-01	7.566301224525225078e-02
-3.080000000000000000e+02	-1.827814931064337955e-01	5.772533909246345407e-02
-3.070000000000000000e+02	-1.878050990821666932e-01	3.915215052758025394e-02
-3.060000000000000000e+02	-1.909482746716322232e-01	2.012723100670628373e-02
-3.050000000000000000e+02	-1.921683896247111945e-01	8.404915851717290661e-04
-3.040000000000000000e+02	-1.914419571326547165e-01	-1.851388664693503702e-02
-3.030000000000000000e+02	-1.887650886455425336e-01	-3.773937865183490253e-02
-3.020000000000000000e+02	-1.841537592686308955e-01	-5.663907993563125493e-02
-3.010000000000000000e+02	-1.776442008756544122e-01	-7.501694910664610805e-02
-3.000000000000000000e+02	-1.692919277357264052e-01	-9.268224360382226745e-02
-2.990000000000000000e+02	-1.591720666095778614e-01	-1.094491428455440368e-01
-2.980000000000000000e+02	-1.473787628925261051e-01	-1.251396308086486775e-01
-2.970000000000000000e+02	-1.340237623736250383e-01	-1.395848904464349338e-01
-2.960000000000000000e+02	-1.192362865027490892e-01	-1.526277022351097135e-01
-2.950000000000000000e+02	-1.031615825256330110e-01	-1.641240412672018700e-01
-2.940000000000000000e+02	-8.595959832652330657e-02	-1.739447315894333823e-01
-2.930000000000000000e+02	-6.780348444334614866e-02	-1.819769699019987974e-01
-2.920000000000000000e+02	-4.887793584548200121e-02	-1.881257003765194891e-01
-2.910000000000000000e+02	-2.937738800555764890e-02	-1.923148235274196594e-01
-2.900000000000000000e+02	-9.504083631963590809e-03	-1.944882234568444945e-01
-2.890000000000000000e+02	1.053397186362666806e-02	-1.946105993771534981e-01
-2.880000000000000000e+02	3.052514653102289532e-02	-1.926680890863751994e-01
-2.870000000000000000e+02	5.025629507577224903e-02	-1.886683226983904560e-01
-2.860000000000000000e+02	6.951408414813900483e-02	-1.826414606595428147e-01
-2.850000000000000000e+02	8.809054707093501302e-02	-1.746399453572717586e-01
-2.840000000000000000e+02	1.057820808052381545e-01	-1.647374352053271040e-01
-2.830000000000000000e+02	1.223927257484431486e-01	-1.530287176964598983e-01
-2.820000000000000000e+02	1.377363864196237409e-01	-1.396289396504820646e-01
-2.810000000000000000e+02	1.516389631554750650e-01	-1.246726104113407285e-01
-2.800000000000000000e+02	1.639403864066667216e-01	-1.083123802913769779e-01
-2.790000000000000000e+02	1.744965298084133476e-01	-9.071760337789094852e-02
-2.780000000000000000e+02	1.831809790003483263e-01	-7.207269635153835952e-02
-2.770000000000000000e+02	1.898866342421017817e-01	-5.257530743666909145e-02
-2.760000000000000000e+02	1.945271262076978536e-01	-3.243431198266173709e-02
-2.750000000000000000e+02	1.970380259375894838e-01	-1.186765343281916997e-02
-2.740000000000000000e+02	1.973778317709441177e-01	8.899949452677698158e-03
-2.730000000000000000e+02	1.955287181604886682e-01	2.963940632055710178e-02
-2.720000000000000000e+02	1.914965432392612688e-01	5.011985203962874419e-02
-2.710000000000000000e+02	1.853125177638477172e-01	7.011075771738019269e-02
-2.700000000000000000e+02	1.770319128380846152e-01	8.938505916157017672e-02
-2.690000000000000000e+02	1.667339888742202791e-01	1.077215764486924438e-01
-2.680000000000000000e+02	1.545214913393647693e-01	1.249075498830351238e-01
-2.670000000000000000e+02	1.405197917977285271e-01	1.407411496096867831e-01
-2.660000000000000000e+02	1.248757592713469061e-01	1.550339016608156539e-01
-2.650000000000000000e+02	1.077563571304391982e-01	1.676130093146471489e-01
-2.640000000000000000e+02	8.934695641820589174e-02	1.783235389225297784e-01
-2.630000000000000000e+02	6.984966231288923522e-02	1.870303119688433435e-01
-2.620000000000000000e+02	4.948110757529327469e-02	1.936202873184825757e-01
-2.610000000000000000e+02	2.846983263922055196e-02	1.980030604972710107e-01
-2.600000000000000000e+02	7.054169729151720664e-03	2.001127408862750923e-01
-2.590000000000000000e+02	-1.452037968860488137e-02	1.999093297122489510e-01
-2.580000000000000000e+02	-3.600398255361540040e-02	1.973793170963780708e-01
-2.570000000000000000e+02	-5.714532947787238915e-02	1.925361956149688192e-01
-2.560000000000000000e+02	-7.769437462491420032e-02	1.854207423059774651e-01
-2.550000000000000000e+02	-9.740519665188487886e-02	1.761010810560453554e-01
-2.540000000000000000e+02	-1.160403930436984116e-01	1.646714730065531040e-01
-2.530000000000000000e+02	-1.333721706180816258e-01	1.512522653842425790e-01
-2.520000000000000000e+02	-1.491858275451225235e-01	1.359886295651636379e-01
-2.510000000000000000e+02	-1.632824841019935580e-01	1.190491774642826323e-01
-2.500000000000000000e+02	-1.754820828932848187e-01	1.006245105700747655e-01
-2.490000000000000000e+02	-1.856246910982943810e-01	8.092447712323756759e-02
-2.480000000000000000e+02	-1.935735767888443759e-01	6.017668461339451685e-02
-2.470000000000000000e+02	-1.992170822642433392e-01	3.862384409365365867e-02
-2.460000000000000000e+02	-2.024702492706994261e-01	1.652099133186301846e-02
-2.450000000000000000e+02	-2.032762284800060382e-01	-5.867432961435451767e-03
-2.440000000000000000e+02	-2.016073718978087792e-01	-2.827066932229150772e-02
-2.430000000000000000e+02	-1.974659880444570026e-01	-5.041485802203032884e-02
-2.420000000000000000e+02	-1.908847433763365409e-01	-7.202635325191288074e-02
-2.410000000000000000e+02	-1.819269960588761059e-01	-9.283450891852605691e-02
-2.400000000000000000e+02	-1.706863293163944084e-01	-1.125759213086359040e-01
-2.390000000000000000e+02	-1.572846554996874813e-01	-1.309990942614809861e-01
-2.380000000000000000e+02	-1.418725517428387484e-01	-1.478649857709312954e-01
-2.370000000000000000e+02	-1.246273269417662033e-01	-1.629513250663202073e-01
-2.360000000000000000e+02	-1.057512023496563758e-01	-1.760556265098706663e-01
-2.350000000000000000e+02	-8.546917594832764697e-02	-1.869980633942777692e-01
-2.340000000000000000e+02	-6.402650817074867495e-02	-1.956240567388047580e-01
-2.330000000000000000e+02	-4.168592280782348891e-02	-2.018066087644782569e-01
-2.320000000000000000e+02	-1.872453372845033631e-02	-2.054483303747948741e-01
-2.310000000000000000e+02	4.569469726403012876e-03	-2.064831298792048631e-01
-2.300000000000000000e+02	2.790034185190317165e-02	-2.048775336412421988e-01
-2.290000000000000000e+02	5.096821302539759901e-02	-2.006316769546738210e-01
-2.280000000000000000e+02	7.347253932412468880e-02	-1.937799657859953784e-01
-2.270000000000000000e+02	9.511846076470989453e-02	-1.843900914996600693e-01
-2.260000000000000000e+02	1.156180903825567013e-01	-1.725646660135179422e-01
-2.250000000000000000e+02	1.346949767192420211e-01	-1.584386469455360269e-01
-2.240000000000000000e+02	1.520880426491723059e-01	-1.421786677993472081e-01
-2.230000000000000000e+02	1.675552482951264965e-01	-1.239813458320003225e-01
-2.220000000000000000e+02	1.808770752390996273e-01	-1.040711629383562903e-01
-2.210000000000000000e+02	1.918597819582859021e-01	-8.269793738654160342e-02
-2.200000000000000000e+02	2.003383820427211137e-01	-6.013391012785936768e-02
-2.190000000000000000e+02	2.061790851504021749e-01	-3.667043712224333368e-02
-2.180000000000000000e+02	2.092817793599978382e-01	-1.261453627633446484e-02
-2.170000000000000000e+02	2.095825957731153599e-01	1.171506568821701136e-02
-2.160000000000000000e+02	2.070542988735861456e-01	3.599212186360459254e-02
-2.150000000000000000e+02	2.017076645588716799e-01	5.988705743230426232e-02
-2.140000000000000000e+02	1.935919367245304001e-01	8.307150280194287861e-02
-2.130000000000000000e+02	1.827947790899742686e-01	1.052227368955546555e-01
-2.120000000000000000e+02	1.694417038593544755e-01	1.260282000271878977e-01
-2.110000000000000000e+02	1.536949688018930393e-01	1.451899596485597133e-01
-2.100000000000000000e+02	1.357519404121267648e-01	1.624290699876053956e-01
-2.090000000000000000e+02	1.158429234724729223e-01	1.774897629118862008e-01
-2.080000000000000000e+02	9.422858341341998345e-02	1.901433408893390964e-01
-2.070000000000000000e+02	7.119673324290852479e-02	2.001919000266597082e-01
-2.060000000000000000e+02	4.705877594008874704e-02	2.074716019659346433e-01
-2.050000000000000000e+02	2.214571490574182219e-02	2.118555610930056565e-01
-2.040000000000000000e+02	-3.196203695081140973e-03	2.132566898021421575e-01
-2.030000000000000000e+02	-2.861029566878702315e-02	2.116288172976383553e-01
-2.020000000000000000e+02	-5.373405401918591312e-02	2.069677604799030901e-01
-2.010000000000000000e+02	-7.820372204982568853e-02	1.993136006657666159e-01
-2.000000000000000000e+02	-1.016609550462501121e-01	1.887499926099084346e-01
-1.990000000000000000e+02	-1.237576422517767116e-01	1.754034980408958611e-01
-1.980000000000000000e+02	-1.441603313798510977e-01	1.594428998392286301e-01
-1.970000000000000000e+02	-1.625558061144469491e-01	1.410773736026379177e-01
-1.960000000000000000e+02	-1.786560320090847254e-01	1.205541472754184523e-01
-1.950000000000000000e+02	-1.922028574916593568e-01	9.815555661343058902e-02
-1.940000000000000000e+02	-2.029727362934388712e-01	7.419563424011577091e-02
-1.930000000000000000e+02	-2.107794791388081512e-01	4.901549422990815474e-02
-1.920000000000000000e+02	-2.154788810565981261e-01	2.297940501476465960e-02
-1.910000000000000000e+02	-2.169712864763957416e-01	-3.530486858480108396e-03
-1.900000000000000000e+02	-2.152039124552510285e-01	-3.011957501540018373e-02
-1.890000000000000000e+02	-2.101725171814386450e-01	-5.638652718529178071e-02
-1.880000000000000000e+02	-2.019224638635233604e-01	-8.192902180209202245e-02
-1.870000000000000000e+02	-1.905488495968954699e-01	-1.063503780340584320e-01
-1.860000000000000000e+02	-1.761959020391920538e-01	-1.292655904592345528e-01
-1.850000000000000000e+02	-1.590557249587609134e-01	-1.503073224472635805e-01
-1.840000000000000000e+02	-1.393662516387526862e-01	-1.691319226638511308e-01
-1.830000000000000000e+02	-1.174083630980903292e-01	-1.854251165304519888e-01
-1.820000000000000000e+02	-9.350244897331490279e-02	-1.989075617365865523e-01
-1.810000000000000000e+02	-6.800412164329160125e-02	-2.093398695040778190e-01
-1.800000000000000000e+02	-4.129931285484261111e-02	-2.165271513246654067e-01
-1.790000000000000000e+02	-1.379877094724333599e-02	-2.203229754738894319e-01
-1.780000000000000000e+02	1.406797209616379718e-02	-2.206326529478156162e-01
-1.770000000000000000e+02	4.185908364888638045e-02	-2.174157802895625713e-01
-1.760000000000000000e+02	6.912704416043390088e-02	-2.106879967261703623e-01
-1.750000000000000000e+02	9.542625870566198709e-02	-2.005212643693917718e-01
-1.740000000000000000e+02	1.203202333339577490e-01	-1.870456056098054598e-01
-1.730000000000000000e+02	1.433885408262327299e-01	-1.704462836062743958e-01
-1.720000000000000000e+02	1.642341228599739078e-01	-1.509625790135465384e-01
-1.710000000000000000e+02	1.824903869352471619e-01	-1.288848831035501741e-01
-1.700000000000000000e+02	1.978277917407866016e-01	-1.045510315145145863e-01
-1.690000000000000000e+02	2.099601148596203504e-01	-7.834167202151599840e-02
-1.680000000000000000e+02	2.186499851488750978e-01	-5.067477868732729596e-02
-1.670000000000000000e+02	2.237138366479156648e-01	-2.199962159476981718e-02
-1.660000000000000000e+02	2.250273516626543069e-01	7.210416654657386334e-03
-1.650000000000000000e+02	2.225272736414570518e-01	3.646533285843841371e-02
-1.640000000000000000e+02	2.162143084393222670e-01	6.526651231345417803e-02
-1.630000000000000000e+02	2.061545290976189160e-01	9.311484287902513368e-02
-1.620000000000000000e+02	1.924797028814138611e-01	1.195193866772230606e-01
-1.610000000000000000e+02	1.753864074438409582e-01	1.440061661939148752e-01
-1.600000000000000000e+02	1.551340261771923523e-01	1.661267176212178065e-01
-1.590000000000000000e+02	1.320416345560951055e-01	1.854665072258432912e-01
-1.580000000000000000e+02	1.064837405574672047e-01	2.016530851641656907e-01
-1.570000000000000000e+02	7.888476595014190518e-02	2.143635070082850758e-01
-1.560000000000000000e+02	4.971271455850192339e-02	2.233311968192810693e-01
-1.550000000000000000e+02	1.947180199679299575e-02	2.283520069293029364e-01
-1.540000000000000000e+02	-1.130592028728055753e-02	2.292895266058646853e-01
-1.530000000000000000e+02	-4.206945743063541382e-02	2.260785582266104932e-01
-1.520000000000000000e+02	-7.225825443519774682e-02	2.187280739505502447e-01
-1.510000000000000000e+02	-1.013126297192867425e-01	2.073231478809081929e-01
-1.500000000000000000e+02	-1.286837217035008418e-01	1.920249887680799683e-01
-1.490000000000000000e+02	-1.538440234815648400e-01	1.730697319260797729e-01
-1.480000000000000000e+02	-1.762974681940245036e-01	1.507660668267409021e-01
-1.470000000000000000e+02	-1.955898212009471726e-01	1.254910127875591974e-01
-1.460000000000000000e+02	-2.113182395928625001e-01	9.768482465995753650e-02
-1.450000000000000000e+02	-2.231404625094720595e-01	6.784327532384294701e-02
-1.440000000000000000e+02	-2.307818910872428408e-01	3.650974265464842355e-02
-1.430000000000000000e+02	-2.340430150629350114e-01	4.266584923547376944e-03
-1.420000000000000000e+02	-2.328050349870461888e-01	-2.827521398542080441e-02
-1.410000000000000000e+02	-2.270342439593064643e-01	-6.048731032701223226e-02
-1.400000000000000000e+02	-2.167848340187158440e-01	-9.173580653784234318e-02
-1.390000000000000000e+02	-2.022000760395761265e-01	-1.213935537516994956e-01
-1.380000000000000000e+02	-1.835116832701860490e-01	-1.488528419271041847e-01
-1.370000000000000000e+02	-1.610376124188294122e-01	-1.735377383871592183e-01
-1.360000000000000000e+02	-1.351779127670230396e-01	-1.949165807247968674e-01
-1.350000000000000000e+02	-1.064088064702094633e-01	-2.125138435157993277e-01
-1.340000000000000000e+02	-7.527505307893797570e-02	-2.259212589827742645e-01
-1.330000000000000000e+02	-4.238063199857835389e-02	-2.348079667478593091e-01
-1.320000000000000000e+02	-8.377402027026824294e-03	-2.389293879928056363e-01
-1.310000000000000000e+02	2.604645166202487760e-02	-2.381343069541405066e-01
-1.300000000000000000e+02	6.017966483439900899e-02	-2.323706508103201285e-01
-1.290000000000000000e+02	9.330225474418167575e-02	-2.216893644866673452e-01
-1.280000000000000000e+02	1.247001218885998575e-01	-2.062456794891645018e-01
-1.270000000000000000e+02	1.536810837507977812e-01	-1.863003375817740559e-01
-1.260000000000000000e+02	1.795897564981882855e-01	-1.622161908097485561e-01
-1.250000000000000000e+02	2.018233225051053459e-01	-1.344524617947188416e-01
-1.240000000000000000e+02	2.198460326036653090e-01	-1.035573258987675521e-01
-1.230000000000000000e+02	2.332018493462769126e-01	-7.015969531491392241e-02
-1.220000000000000000e+02	2.415269770476823341e-01	-3.495730353105679783e-02
-1.210000000000000000e+02	2.445608723796166006e-01	1.296450589662873640e-03
-1.200000000000000000e+02	2.421564429742111002e-01	3.780733612388633563e-02
-1.190000000000000000e+02	2.342849019677210876e-01	7.375844404397076393e-02
-1.180000000000000000e+02	2.210404498073035295e-01	1.083268177040863645e-01
-1.170000000000000000e+02	2.026419614785980039e-01	1.407020433412096150e-01
-1.160000000000000000e+02	1.794317895363835014e-01	1.701053462054996912e-01
-1.150000000000000000e+02	1.518716701941487668e-01	1.958085784960139908e-01
-1.140000000000000000e+02	1.205356903260401263e-01	2.171527708804720513e-01
-1.130000000000000000e+02	8.610113034986065228e-02	2.335655005710030874e-01
-1.120000000000000000e+02	4.933383266243100695e-02	2.445783220471859365e-01
-1.110000000000000000e+02	1.107327571035492640e-02	2.498408584621682749e-01
-1.100000000000000000e+02	-2.778435319896952957e-02	2.491304589201488451e-01
-1.090000000000000000e+02	-6.630593313619384532e-02	2.423647000135392970e-01
-1.080000000000000000e+02	-1.035433081214801182e-01	2.296071706982127647e-01
-1.070000000000000000e+02	-1.385545715152903812e-01	2.110718207684301462e-01
-1.060000000000000000e+02	-1.704318474110287362e-01	1.871209318003833610e-01
-1.050000000000000000e+02	-1.983232013442469688e-01	1.582606113522206093e-01
-1.040000000000000000e+02	-2.214542107574346552e-01	1.251345275888306463e-01
-1.030000000000000000e+02	-2.391511007375562436e-01	8.851155493780571426e-02
-1.020000000000000000e+02	-2.508620270357838633e-01	4.927084702294411839e-02
-1.010000000000000000e+02	-2.561755479762398147e-01	8.382832122468491728e-03
-1.000000000000000000e+02	-2.548364056764010899e-01	-3.311287229691450840e-02
-9.900000000000000000e+01	-2.467585075479867274e-01	-7.413037003995702479e-02
-9.800000000000000000e+01	-2.320324321733789608e-01	-1.135706775368129362e-01
-9.700000000000000000e+01	-2.109288248449877334e-01	-1.503461636959503300e-01
-9.600000000000000000e+01	-1.838987621258689198e-01	-1.834098262991203099e-01
-9.500000000000000000e+01	-1.515680850721263517e-01	-2.117864223902803933e-01
-9.400000000000000000e+01	-1.147270191930297584e-01	-2.346019904132036482e-01
-9.300000000000000000e+01	-7.431590423579328974e-02	-2.511118839326260122e-01
-9.200000000000000000e+01	-3.139858511710338917e-02	-2.607288508825583717e-01
-9.100000000000000000e+01	1.285668906335382840e-02	-2.630423784129605203e-01
-9.000000000000000000e+01	5.720839650902810603e-02	-2.578388357735158509e-01
-8.900000000000000000e+01	1.003743435223397318e-01	-2.451147964309438876e-01
-8.800000000000000000e+01	1.410666266008887559e-01	-2.250893646257986769e-01
-8.700000000000000000e+01	1.780347924262923320e-01	-1.982012060119708874e-01
-8.600000000000000000e+01	2.100981825136999381e-01	-1.651073963707824499e-01
-8.500000000000000000e+01	2.361864017154396422e-01	-1.266725556343134829e-01
-8.400000000000000000e+01	2.553762537009466871e-01	-8.395182183696579814e-02
-8.300000000000000000e+01	2.669260401299707874e-01	-3.816547514136530567e-02
-8.200000000000000000e+01	2.703099997632596452e-01	9.330829825731724869e-03
-8.100000000000000000e+01	2.652397729518740088e-01	5.708285825690827264e-02
-8.000000000000000000e+01	2.516857928289308322e-01	1.035798300058693028e-01
-7.900000000000000000e+01	2.298893171712424743e-01	1.473009564579478015e-01
-7.800000000000000000e+01	2.003672118329525853e-01	1.867628079193318080e-01
-7.700000000000000000e+01	1.639078790628218374e-01	2.205702779138680458e-01
-7.600000000000000000e+01	1.215596530177481677e-01	2.474655368640615305e-01
-7.500000000000000000e+01	7.460235599492311132e-02	2.663809704739441009e-01
-7.400000000000000000e+01	2.451884553769861919e-02	2.764803008161156317e-01
-7.300000000000000000e+01	-2.704584812618918838e-02	2.771991618561661652e-01
-7.200000000000000000e+01	-7.833424640254139926e-02	2.682787880087764698e-01
-7.100000000000000000e+01	-1.275327050892907654e-01	2.497900237442222948e-01
-7.000000000000000000e+01	-1.728284560380113355e-01	2.221506473322475972e-01
-6.900000000000000000e+01	-2.124911922100144457e-01	1.861191799521240420e-01
-6.800000000000000000e+01	-2.449228037982958128e-01	1.427920206289201577e-01
-6.700000000000000000e+01	-2.687293657929930024e-01	9.357913865088011984e-02
-6.600000000000000000e+01	-2.827844264293710164e-01	4.016807186037280736e-02
-6.500000000000000000e+01	-2.862863738726698637e-01	-1.552151668403539166e-02
-6.400000000000000000e+01	-2.788091643864317737e-01	-7.140984103248131099e-02
-6.300000000000000000e+01	-2.603355401366417299e-01	-1.253219893117036021e-01
-6.200000000000000000e+01	-2.312824258512886089e-01	-1.750669193742874774e-01
-6.100000000000000000e+01	-1.925104743764107507e-01	-2.185254217436930768e-01
-6.000000000000000000e+01	-1.453162084291738099e-01	-2.537415720699088273e-01
-5.900000000000000000e+01	-9.139426402400359362e-02	-2.790183599604281750e-01
-5.800000000000000000e+01	-3.280059153945048128e-02	-2.929944444915469903e-01
-5.700000000000000000e+01	2.811536295857927290e-02	-2.947267434934880415e-01
-5.600000000000000000e+01	8.878679293339798717e-02	-2.837596167758001386e-01
-5.500000000000000000e+01	1.465505008877303339e-01	-2.601719904895356539e-01
-5.400000000000000000e+01	1.987415359447985141e-01	-2.246074099781120714e-01
-5.300000000000000000e+01	2.428147000547584422e-01	-1.782829304599977682e-01
-5.200000000000000000e+01	2.764713182350049259e-01	-1.229712413557894485e-01
-5.100000000000000000e+01	2.977826750911854448e-01	-6.095837894752753616e-02
-5.000000000000000000e+01	3.053119842324625854e-01	5.032325737432533259e-03
-4.900000000000000000e+01	2.982166512253605073e-01	7.195453774341097064e-02
-4.800000000000000000e+01	2.763253972324246077e-01	1.365478776660303539e-01
-4.700000000000000000e+01	2.401996931999145213e-01	1.954921776686232293e-01
-4.600000000000000000e+01	1.911639423999279275e-01	2.455685373401381155e-01
-4.500000000000000000e+01	1.312798105821676720e-01	2.838501615363969721e-01
-4.400000000000000000e+01	6.329913177458103279e-02	3.078643246525392674e-01
-4.300000000000000000e+01	-9.426779414077924441e-03	3.157621843504048176e-01
-4.200000000000000000e+01	-8.306808178989703861e-02	3.064771610129405355e-01
-4.100000000000000000e+01	-1.535469613811910328e-01	2.798438038852321674e-01
-4.000000000000000000e+01	-2.167095054606897331e-01	2.366734891953592712e-01
-3.900000000000000000e+01	-2.685631671017618682e-01	1.787945816563511481e-01
-3.800000000000000000e+01	-3.055342795852261095e-01	1.090312382959917614e-01
-3.700000000000000000e+01	-3.247242015445926944e-01	3.111832936911446135e-02
-3.600000000000000000e+01	-3.241519426245673685e-01	-5.045103245226594674e-02
-3.500000000000000000e+01	-3.029675077930759630e-01	-1.306421153385116385e-01
-3.400000000000000000e+01	-2.616120462394269652e-01	-2.041684052373968772e-01
-3.300000000000000000e+01	-2.019000142128114517e-01	-2.658268427543288848e-01
-3.200000000000000000e+01	-1.270284200317888246e-01	-3.108501695752394212e-01
-3.100000000000000000e+01	-4.148924567920639350e-02	-3.352804100005385979e-01
-3.000000000000000000e+01	4.911782885708098484e-02	-3.363422951513754255e-01
-2.900000000000000000e+01	1.383782409495478705e-01	-3.127771502391795133e-01
-2.800000000000000000e+01	2.195030409308768859e-01	-2.650860012209148575e-01
-2.700000000000000000e+01	2.857766425644698294e-01	-1.956844216585418572e-01
-2.600000000000000000e+01	3.311118527093547814e-01	-1.089405442712026301e-01
-2.500000000000000000e+01	3.506555863453975075e-01	-1.098859240989132936e-02
-2.400000000000000000e+01	3.413090904277295556e-01	9.055547158830316856e-02
-2.300000000000000000e+01	3.022213629635362442e-01	1.870907597830637759e-01
-2.200000000000000000e+01	2.351413507875660114e-01	2.696890659573982774e-01
-2.100000000000000000e+01	1.445760541610846550e-01	3.299077203202587794e-01
-2.000000000000000000e+01	3.770551148732024377e-02	3.606654455162933148e-01
-1.900000000000000000e+01	-7.600517931832162510e-02	3.570928409816519489e-01
-1.800000000000000000e+01	-1.854366804723613649e-01	3.173680226904121437e-01
-1.700000000000000000e+01	-2.788337004973610034e-01	2.433100187188190489e-01
-1.600000000000000000e+01	-3.449781595786097776e-01	1.406899077193090597e-01
-1.500000000000000000e+01	-3.745955159282723379e-01	1.915039153197214267e-02
-1.400000000000000000e+01	-3.616987824716165756e-01	-1.084333266036869858e-01
-1.300000000000000000e+01	-3.048497500233559587e-01	-2.270211219086868126e-01
-1.200000000000000000e+01	-2.080821816027723647e-01	-3.210048109908858471e-01
-1.100000000000000000e+01	-8.117350604209325193e-02	-3.762906067234433327e-01
-1.000000000000000000e+01	6.077850570610674602e-02	-3.824842099585967214e-01
-9.000000000000000000e+00	1.987246780041961314e-01	-3.350485352425343621e-01
-8.000000000000000000e+00	3.119337186405229945e-01	-2.369268232674606733e-01
-7.000000000000000000e+00	3.809740280657443190e-01	-9.941507783250853880e-02
-6.000000000000000000e+00	3.912610371598089221e-01	5.829859834934895957e-02
-5.000000000000000000e+00	3.364770115776140602e-01	2.111161381717256980e-01
-4.000000000000000000e+00	2.212388169558645867e-01	3.316013177305892068e-01
-3.000000000000000000e+00	6.219429708402091084e-02	3.949017102173648097e-01
-2.000000000000000000e+00	-1.131649136251169363e-01	3.842665646075501540e-01
-1.000000000000000000e+00	-2.703724856195036108e-01	2.961778558343799439e-01
0.000000000000000000e+00	-3.744569462895578349e-01	1.435787451383605806e-01
1.000000000000000000e+00	-3.981294281711064142e-01	-4.410822477802189140e-02
2.000000000000000000e+00	-3.300048783291040788e-01	-2.252444701331459131e-01
3.000000000000000000e+00	-1.804987499232615644e-01	-3.546407951613755882e-01
4.000000000000000000e+00	1.704850395698054993e-02	-3.952965460617610116e-01
5.000000000000000000e+00	2.119526422037790181e-01	-3.305740654652936095e-01
6.000000000000000000e+00	3.484756388267090665e-01	-1.727437429486529119e-01
7.000000000000000000e+00	3.826878248843466057e-01	3.603344215392585703e-02
8.000000000000000000e+00	2.989720894560158881e-01	2.329017763262101470e-01
9.000000000000000000e+00	1.197850135529149873e-01	3.529815957464499943e-01
1.000000000000000000e+01	-9.701687464871698585e-02	3.525982716793137350e-01
1.100000000000000000e+01	-2.753207127267512933e-01	2.285726247371503150e-01
1.200000000000000000e+01	-3.483542316848960430e-01	2.439950235132552769e-02
1.300000000000000000e+01	-2.867846287708963327e-01	-1.823700401328729737e-01
1.400000000000000000e+01	-1.146670928185853644e-01	-3.093163655920914135e-01
1.500000000000000000e+01	9.651835588022120160e-02	-3.044353581130816999e-01
1.600000000000000000e+01	2.563156179403256463e-01	-1.714659635324320697e-01
1.700000000000000000e+01	2.956204062513567710e-01	2.855678479412599585e-02
1.800000000000000000e+01	2.001401029705368595e-01	2.033667916320663072e-01
1.900000000000000000e+01	1.907050219655719026e-02	2.728513122360467502e-01
2.000000000000000000e+01	-1.578532479507613884e-01	2.086577947780021980e-01
2.100000000000000000e+01	-2.449850563327243547e-01	4.877983676344647967e-02
2.200000000000000000e+01	-2.043603647464213857e-01	-1.221136303513768867e-01
2.300000000000000000e+01	-6.458458403634231848e-02	-2.171311883586753144e-01
2.400000000000000000e+01	9.579392850199180964e-02	-1.927511144382706432e-01
2.500000000000000000e+01	1.916628113930160526e-01	-7.052278978835802015e-02
2.600000000000000000e+01	1.774100762087749972e-01	7.723571318407393416e-02
2.700000000000000000e+01	6.980185261984406253e-02	1.692732983540768954e-01
2.800000000000000000e+01	-6.474197490657504495e-02	1.605841162754408913e-01
2.900000000000000000e+01	-1.501686415251591578e-01	6.504815684381801133e-02
3.000000000000000000e+01	-1.439216190011770036e-01	-5.645967113740398696e-02
3.100000000000000000e+01	-5.831298616780959676e-02	-1.338108104097617268e-01
3.200000000000000000e+01	5.083003865095406942e-02	-1.279738460755998897e-01
3.300000000000000000e+01	1.194954444309312136e-01	-5.061791186557690336e-02
3.400000000000000000e+01	1.128144021991300400e-01	4.695017881775869623e-02
3.500000000000000000e+01	4.249017388558342517e-02	1.068749641219816637e-01
3.600000000000000000e+01	-4.435506950974675566e-02	9.877199670305372714e-02
3.700000000000000000e+01	-9.589081607812829922e-02	3.462418133690976785e-02
3.800000000000000000e+01	-8.616064280275148590e-02	-4.234543737644483330e-02
3.900000000000000000e+01	-2.753449984920557092e-02	-8.606309636356294923e-02
4.000000000000000000e+01	4.043992064883719650e-02	-7.475913756843183267e-02
4.100000000000000000e+01	7.703501563072112646e-02	-2.116762925934062567e-02
4.200000000000000000e+01	6.436255588700857955e-02	3.860049670964076779e-02
4.300000000000000000e+01	1.542596385106455477e-02	6.880505046640028599e-02
4.400000000000000000e+01	-3.691292870160031714e-02	5.506409439873383854e-02
4.500000000000000000e+01	-6.147351976296477893e-02	1.047982276623281132e-02
4.600000000000000000e+01	-4.697200216671409967e-02	-3.514563681109030696e-02
4.700000000000000000e+01	-6.456094887989652191e-03	-5.478318009236940456e-02
4.800000000000000000e+01	3.314576465145685491e-02	-3.982954511793451030e-02
4.900000000000000000e+01	4.854476273117151047e-02	-3.138641335811090480e-03
5.000000000000000000e+01	3.343457654160861964e-02	3.107555099729571516e-02
5.100000000000000000e+01	3.087890330198170925e-04	4.283507522735747336e-02
5.200000000000000000e+01	-2.910852175750279491e-02	2.780475087340071941e-02
5.300000000000000000e+01	-3.781091378479387727e-02	-1.993365791180436251e-03
5.400000000000000000e+01	-2.305608245226135541e-02	-2.715530553654228393e-02
5.500000000000000000e+01	3.657189031404027742e-03	-3.330214681098929430e-02
5.600000000000000000e+01	2.507925966938908541e-02	-1.900503792309213985e-02
5.700000000000000000e+01	2.910715266297346157e-02	4.856568942496272343e-03
5.800000000000000000e+01	1.538462313531583324e-02	2.298412317364944765e-02
5.900000000000000000e+01	-5.853764106406439231e-03	2.528179671755683214e-02
6.000000000000000000e+01	-2.110868875213930615e-02	1.223833782981572846e-02
6.100000000000000000e+01	-2.200994513975172359e-02	-6.597122810161509462e-03
6.200000000000000000e+01	-9.702172439383018043e-03	-1.933710378722198336e-02
6.300000000000000000e+01	6.935473921667865450e-03	-1.913096540644509957e-02
6.400000000000000000e+01	1.750434205085795586e-02	-7.613471720078960128e-03
6.500000000000000000e+01	1.643190703311134260e-02	7.032638792645237551e-03
6.600000000000000000e+01	5.717384114671647012e-03	1.572862842690704935e-02
6.700000000000000000e+01	-7.131901923402210117e-03	1.399153852990203846e-02
6.800000000000000000e+01	-1.421464207073967929e-02	4.084258950093721044e-03
6.900000000000000000e+01	-1.198354122626534707e-02	-7.135792606095563671e-03
7.000000000000000000e+01	-2.874802873444147824e-03	-1.283047008009468790e-02
7.100000000000000000e+01	6.882233011866674063e-03	-1.026583339154064044e-02
7.200000000000000000e+01	1.140471743445360849e-02	-1.938007297737236612e-03
7.300000000000000000e+01	8.624185357341150951e-03	6.519757169565204916e-03
7.400000000000000000e+01	1.038556611741038842e-03	1.005333252474463132e-02
7.500000000000000000e+01	-6.260892975961964563e-03	7.137322630816190713e-03
7.600000000000000000e+01	-8.960507760378539147e-03	2.672895619794518878e-04
7.700000000000000000e+01	-5.991121462339008517e-03	-5.995220151897111098e-03
7.800000000000000000e+01	1.999550754612764477e-04	-7.979975555276857743e-03
7.900000000000000000e+01	5.546444667628288791e-03	-5.041237189407158856e-03
8.000000000000000000e+01	6.978176118565102178e-03	5.115219160173382863e-04
8.100000000000000000e+01	4.092918784735810264e-03	5.063652415569201530e-03
8.200000000000000000e+01	-8.802383209905876096e-04	6.019335761920585441e-03
8.300000000000000000e+01	-4.733074046820626678e-03	3.229532647471365821e-03
8.400000000000000000e+01	-5.300128661782210066e-03	-1.200890098990034733e-03
8.500000000000000000e+01	-2.634000678658061229e-03	-4.436163359232650483e-03
8.600000000000000000e+01	1.293821035755570283e-03	-4.697377119566929250e-03
8.700000000000000000e+01	3.997667196099163704e-03	-2.176553387057377810e-03
8.800000000000000000e+01	4.020111089405615547e-03	1.296426520564089926e-03
8.900000000000000000e+01	1.652358872262661661e-03	3.543849523416378773e-03
9.000000000000000000e+01	-1.411767603205248958e-03	3.374897352710654920e-03
9.100000000000000000e+01	-3.260817759931783355e-03	1.162788817036238681e-03
9.200000000000000000e+01	-2.940442383658063361e-03	-1.523455229013205266e-03
9.300000000000000000e+01	-8.960014792554566116e-04	-3.030928923858961562e-03
9.400000000000000000e+01	1.448894064265778730e-03	-2.600333003794096792e-03
9.500000000000000000e+01	2.665191385642167420e-03	-7.218966458035989400e-04
9.600000000000000000e+01	2.169067478042131271e-03	1.323535111558689619e-03
9.700000000000000000e+01	4.424256457671135907e-04	2.295313760091224984e-03
9.800000000000000000e+01	-1.337400521951567561e-03	1.744017956063136261e-03
9.900000000000000000e+01	-2.100701159835379264e-03	1.665377180576639690e-04
1.000000000000000000e+02	-1.505534615992195615e-03	-1.363890108006582174e-03
1.010000000000000000e+02	-8.198521095735380787e-05	-1.942906538209473837e-03
1.020000000000000000e+02	1.232334019578618968e-03	-1.348020043397449817e-03
1.030000000000000000e+02	1.669545801312845214e-03	-6.346348761777498694e-05
1.040000000000000000e+02	1.077558303849714214e-03	1.068742337617058788e-03
1.050000000000000000e+02	-8.560697235183664135e-05	1.384967513032726947e-03
1.060000000000000000e+02	-1.046383432930109636e-03	7.895565860172233143e-04
1.070000000000000000e+02	-1.258046650494346183e-03	-2.471806373387363132e-04
