# # Time 	 h_plus 	 h_cross 
# 
-4.090000000000000000e+02	-7.791642391345839080e-02	1.411038225982870209e-01
-4.080000000000000000e+02	-8.842736891709769564e-02	1.348947500832809177e-01
-4.070000000000000000e+02	-9.845421029944396996e-02	1.278987852113655233e-01
-4.060000000000000000e+02	-1.079376281988079916e-01	1.201529041299154166e-01
-4.050000000000000000e+02	-1.168210693079788781e-01	1.116985929153441470e-01
-4.040000000000000000e+02	-1.250510930136342347e-01	1.025816451550728564e-01
-4.030000000000000000e+02	-1.325777031105158932e-01	9.285193270266779708e-02
-4.020000000000000000e+02	-1.393538233863622355e-01	8.256265316050573344e-02
-4.010000000000000000e+02	-1.453376399366496652e-01	7.177147443978888763e-02
-4.000000000000000000e+02	-1.504916484247673103e-01	6.053912568831344709e-02
-3.990000000000000000e+02	-1.547825146780695271e-01	4.892940247121835978e-02
-3.980000000000000000e+02	-1.581819832603779397e-01	3.700808099724921252e-02
-3.970000000000000000e+02	-1.606667442207543040e-01	2.484316772895474659e-02
-3.960000000000000000e+02	-1.622186206211410631e-01	1.250462399516252820e-02
-3.950000000000000000e+02	-1.628247710742743992e-01	6.383137386512622788e-05
-3.940000000000000000e+02	-1.624778058455374208e-01	-1.240681401627875997e-02
-3.930000000000000000e+02	-1.611758722122340060e-01	-2.483431708760415121e-02
-3.920000000000000000e+02	-1.589227082182871342e-01	-3.714550689927641203e-02
-3.910000000000000000e+02	-1.557276641361988456e-01	-4.926746492160297836e-02
-3.900000000000000000e+02	-1.516056911288462261e-01	-6.112795598930926416e-02
-3.890000000000000000e+02	-1.465772967903518631e-01	-7.265585943407550096e-02
-3.880000000000000000e+02	-1.406684674368570698e-01	-8.378159785047871455e-02
-3.870000000000000000e+02	-1.339105572135030064e-01	-9.443756092788820056e-02
-3.860000000000000000e+02	-1.263401285912230387e-01	-1.045585407339389705e-01
-3.850000000000000000e+02	-1.179987606278898732e-01	-1.140821403176690285e-01
-3.840000000000000000e+02	-1.089329750308221934e-01	-1.229490294288322211e-01
-3.830000000000000000e+02	-9.919384398721997620e-02	-1.311035133674939568e-01
-3.820000000000000000e+02	-8.883677224157354724e-02	-1.384938215865800792e-01
-3.810000000000000000e+02	-7.792119940004220424e-02	-1.450724488429134262e-01
-3.800000000000000000e+02	-6.651027505430776032e-02	-1.507964740876902021e-01
-3.790000000000000000e+02	-5.466988294677202487e-02	-1.556260745725748240e-01
-3.780000000000000000e+02	-4.247025362499971812e-02	-1.595294123191842439e-01
-3.770000000000000000e+02	-2.998377308090493035e-02	-1.624797521124646815e-01
-3.760000000000000000e+02	-1.728468137542849004e-02	-1.644552674163823336e-01
-3.750000000000000000e+02	-4.448942542116812379e-03	-1.654399011058037550e-01
-3.740000000000000000e+02	8.446284920872897117e-03	-1.654235023892195178e-01
-3.730000000000000000e+02	2.132315688317682617e-02	-1.644018945737146520e-01
-3.720000000000000000e+02	3.410295894076161016e-02	-1.623770288066731515e-01
-3.710000000000000000e+02	4.670739083923078350e-02	-1.593569910138116774e-01
-3.700000000000000000e+02	5.905875796285554868e-02	-1.553559915163789662e-01
-3.690000000000000000e+02	7.108045146242947254e-02	-1.503943248400094190e-01
-3.680000000000000000e+02	8.269742620015517465e-02	-1.444982918067906907e-01
-3.670000000000000000e+02	9.383667354440020092e-02	-1.377000839745032845e-01
-3.660000000000000000e+02	1.044276860412968466e-01	-1.300376307205332038e-01
-3.650000000000000000e+02	1.144029110026841545e-01	-1.215544095029849059e-01
-3.640000000000000000e+02	1.236981900808873241e-01	-1.122992200666950158e-01
-3.630000000000000000e+02	1.322531819506327644e-01	-1.023259235955713969e-01
-3.620000000000000000e+02	1.400117652868646534e-01	-9.169314804350259251e-02
-3.610000000000000000e+02	1.469235228982965213e-01	-8.046456549474712006e-02
-3.600000000000000000e+02	1.529412959407327466e-01	-6.870673289722058208e-02
-3.590000000000000000e+02	1.580233267388380103e-01	-5.649020682723734921e-02
-3.580000000000000000e+02	1.621337592283152718e-01	-4.388944198628403487e-02
-3.570000000000000000e+02	1.652427966110414648e-01	-3.098120855126348938e-02
-3.560000000000000000e+02	1.673266439800584204e-01	-1.784473423126084132e-02
-3.550000000000000000e+02	1.683677341005693495e-01	-4.561296680221663125e-03
-3.540000000000000000e+02	1.683549342988816255e-01	8.786400062107685080e-03
-3.530000000000000000e+02	1.672836684041930921e-01	2.211473425707473003e-02
-3.520000000000000000e+02	1.651559985482604909e-01	3.533968603066404979e-02
-3.510000000000000000e+02	1.619806658233836072e-01	4.837736465416691417e-02
-3.500000000000000000e+02	1.577730890468025393e-01	6.114454028915453782e-02
-3.490000000000000000e+02	1.525553211361158068e-01	7.355917686954058232e-02
-3.480000000000000000e+02	1.463559628641401267e-01	8.554096273956739160e-02
-3.470000000000000000e+02	1.392100340311688000e-01	9.701183563335040450e-02
-3.460000000000000000e+02	1.311591879486754264e-01	1.078960298547651797e-01
-3.450000000000000000e+02	1.222507917935964361e-01	1.181216595279806769e-01
-3.440000000000000000e+02	1.125381243355953187e-01	1.276216633182558347e-01
-3.430000000000000000e+02	1.020797634996883779e-01	1.363324928282695636e-01
-3.420000000000000000e+02	9.093826363816670533e-02	1.441936495551275899e-01
-3.410000000000000000e+02	7.918204225552823161e-02	1.511507145562298038e-01
-3.400000000000000000e+02	6.688392858232500293e-02	1.571547249596734475e-01
-3.390000000000000000e+02	5.412073327708107756e-02	1.621625382464009779e-01
-3.380000000000000000e+02	4.097278750911851480e-02	1.661371630515988684e-01
-3.370000000000000000e+02	2.752345398245646668e-02	1.690480538707430092e-01
-3.360000000000000000e+02	1.385861268726470974e-02	1.708713672468329670e-01
-3.350000000000000000e+02	6.714512164443124436e-05	1.715901768299954167e-01
-3.340000000000000000e+02	-1.376225113835049564e-02	1.711948469941264594e-01
-3.330000000000000000e+02	-2.754005639987413406e-02	1.696827696547291986e-01
-3.320000000000000000e+02	-4.117597413324596695e-02	1.670586121864878759e-01
-3.310000000000000000e+02	-5.458004484718216587e-02	1.633343901095595796e-01
-3.300000000000000000e+02	-6.766314034511794473e-02	1.585291809257574347e-01
-3.290000000000000000e+02	-8.033764409518730221e-02	1.526694435742514122e-01
-3.280000000000000000e+02	-9.251801847807071544e-02	1.457887724839153076e-01
-3.270000000000000000e+02	-1.041213883152285191e-01	1.379277437656634964e-01
-3.260000000000000000e+02	-1.150681139846291140e-01	1.291337135444340922e-01
-3.250000000000000000e+02	-1.252818473125581755e-01	1.194610964170104567e-01
-3.240000000000000000e+02	-1.346910782763354741e-01	1.089702974994862794e-01
-3.230000000000000000e+02	-1.432298155061997869e-01	9.772676932006964245e-02
-3.220000000000000000e+02	-1.508368081131891136e-01	8.580199196444589227e-02
-3.210000000000000000e+02	-1.574566011304449897e-01	7.327251967449761871e-02
-3.200000000000000000e+02	-1.630391597855624375e-01	6.021922152294680031e-02
-3.190000000000000000e+02	-1.675403885931129322e-01	4.672718119752574534e-02
-3.180000000000000000e+02	-1.709267935370453739e-01	3.288625381945318310e-02
-3.170000000000000000e+02	-1.731701622675121122e-01	1.878833922442785589e-02
-3.160000000000000000e+02	-1.742498295746595927e-01	4.527722888479906484e-03
-3.150000000000000000e+02	-1.741528877313156809e-01	-9.799540250295460386e-03
-3.140000000000000000e+02	-1.728743469662903653e-01	-2.409626115972601096e-02
-3.130000000000000000e+02	-1.704172442757780626e-01	-3.826476728626723028e-02
-3.120000000000000000e+02	-1.667926990930106990e-01	-5.220756417774619768e-02
-3.110000000000000000e+02	-1.620199146650680988e-01	-6.582800385587021796e-02
-3.100000000000000000e+02	-1.561261243287840883e-01	-7.903095551803945851e-02
-3.090000000000000000e+02	-1.491464822331569628e-01	-9.172347405448902369e-02
-3.080000000000000000e+02	-1.411238984215763270e-01	-1.038154618013413938e-01
-3.070000000000000000e+02	-1.321088185611991317e-01	-1.152203189140670048e-01
-3.060000000000000000e+02	-1.221589489869889106e-01	-1.258555777395264086e-01
-3.050000000000000000e+02	-1.113389281114919305e-01	-1.356435165897382500e-01
-3.040000000000000000e+02	-9.971994563633565511e-02	-1.445117483766447108e-01
-3.030000000000000000e+02	-8.737576782330377934e-02	-1.523890097903789487e-01
-3.020000000000000000e+02	-7.439332546486703002e-02	-1.592195223904808998e-01
-3.010000000000000000e+02	-6.086134124236158849e-02	-1.649502316211377828e-01
-3.000000000000000000e+02	-4.687251475783676263e-02	-1.695356011829933784e-01
-2.990000000000000000e+02	-3.252342522741782233e-02	-1.729378638722985084e-01
-2.980000000000000000e+02	-1.791388508916540862e-02	-1.751273601250254719e-01
-2.970000000000000000e+02	-3.146263516653646786e-03	-1.760828233040273028e-01
-2.960000000000000000e+02	1.167521583128039268e-02	-1.757916090210643323e-01
-2.950000000000000000e+02	2.644519824902533123e-02	-1.742498661314624553e-01
-2.940000000000000000e+02	4.105793781708313300e-02	-1.714626474073162599e-01
-2.930000000000000000e+02	5.540804864656789092e-02	-1.674439582834256479e-01
-2.920000000000000000e+02	6.939149741969805052e-02	-1.622166419395054959e-01
-2.910000000000000000e+02	8.290638729238837545e-02	-1.558121649215976900e-01
-2.900000000000000000e+02	9.585196677124235842e-02	-1.482714303247278098e-01
-2.890000000000000000e+02	1.081317926538616775e-01	-1.396435727020756412e-01
-2.880000000000000000e+02	1.196535514551164553e-01	-1.299859855070735482e-01
-2.870000000000000000e+02	1.303297719126153276e-01	-1.193639832601414569e-01
-2.860000000000000000e+02	1.400770765055358302e-01	-1.078492976926869046e-01
-2.850000000000000000e+02	1.488207767376903412e-01	-9.552306676110799977e-02
-2.840000000000000000e+02	1.564923447323270655e-01	-8.247159671928556979e-02
-2.830000000000000000e+02	1.630302852137868186e-01	-6.878704149452226357e-02
-2.820000000000000000e+02	1.683806525881105243e-01	-5.456767875522273298e-02
-2.810000000000000000e+02	1.724981816134311119e-01	-3.991600575550530855e-02
-2.800000000000000000e+02	1.753464124145688030e-01	-2.493847858607269388e-02
-2.790000000000000000e+02	1.768980465596072249e-01	-9.744759350846335030e-03
-2.780000000000000000e+02	1.771352391412978622e-01	5.553069370657626007e-03
-2.770000000000000000e+02	1.760498238159667606e-01	2.084131737434588919e-02
-2.760000000000000000e+02	1.736434682042672928e-01	3.600552130933681871e-02
-2.750000000000000000e+02	1.699277575366081316e-01	5.093129484744733648e-02
-2.740000000000000000e+02	1.649242049283189127e-01	6.550518840080778171e-02
-2.730000000000000000e+02	1.586641871923394898e-01	7.961555207752633867e-02
-2.720000000000000000e+02	1.511888056369409261e-01	9.315339544298037455e-02
-2.710000000000000000e+02	1.425486718490428517e-01	1.060132375777418229e-01
-2.700000000000000000e+02	1.328036190261396576e-01	1.180939408939065544e-01
-2.690000000000000000e+02	1.220226383330822034e-01	1.292998383284221231e-01
-2.680000000000000000e+02	1.102840864268816862e-01	1.395425774541071973e-01
-2.670000000000000000e+02	9.767114435272067352e-02	1.487368224804749284e-01
-2.660000000000000000e+02	8.427599004204100464e-02	1.568066185001870672e-01
-2.650000000000000000e+02	7.019772544226771105e-02	1.636838817701016802e-01
-2.640000000000000000e+02	5.554151634355176947e-02	1.693091705631622201e-01
-2.630000000000000000e+02	4.041784703871795920e-02	1.736322366385499583e-01
-2.620000000000000000e+02	2.494172397098027086e-02	1.766125132407396769e-01
-2.610000000000000000e+02	9.231833690011341520e-03	1.782195348517153499e-01
-2.600000000000000000e+02	-6.590339112941225562e-03	1.784332843575491268e-01
-2.590000000000000000e+02	-2.240142730506797589e-02	1.772444637699892300e-01
-2.580000000000000000e+02	-3.807712418505915936e-02	1.746546851629053876e-01
-2.570000000000000000e+02	-5.349314663353673532e-02	1.706765790393860727e-01
-2.560000000000000000e+02	-6.852621135795045060e-02	1.653338179345194559e-01
-2.550000000000000000e+02	-8.305503912174619363e-02	1.586610962979298212e-01
-2.540000000000000000e+02	-9.696152176455902216e-02	1.507060108183550518e-01
-2.530000000000000000e+02	-1.101313440228261359e-01	1.415222470832696589e-01
-2.520000000000000000e+02	-1.224549524962745828e-01	1.311759785344752127e-01
-2.510000000000000000e+02	-1.338285216621145357e-01	1.197432765424474299e-01
-2.500000000000000000e+02	-1.441548978122081659e-01	1.073095992090341011e-01
-2.490000000000000000e+02	-1.533444574152177386e-01	9.396922213945080316e-02
-2.480000000000000000e+02	-1.613159185509387972e-01	7.982458998732103184e-02
-2.470000000000000000e+02	-1.679970980591957153e-01	6.498559246272919698e-02
-2.460000000000000000e+02	-1.733256073153398302e-01	4.956876917782084696e-02
-2.450000000000000000e+02	-1.772494350091287363e-01	3.369668438681427264e-02
-2.440000000000000000e+02	-1.797276688047020066e-01	1.749639883333867565e-02
-2.430000000000000000e+02	-1.807305705706596655e-01	1.098874092784814455e-03
-2.420000000000000000e+02	-1.802406125325746178e-01	-1.536191895286947821e-02
-2.410000000000000000e+02	-1.782522655285383173e-01	-3.175024788572167883e-02
-2.400000000000000000e+02	-1.747722793530728513e-01	-4.792967577817613956e-02
-2.390000000000000000e+02	-1.698198306144620973e-01	-6.376417316899811449e-02
-2.380000000000000000e+02	-1.634265250635485445e-01	-7.911924913396795045e-02
-2.370000000000000000e+02	-1.556362972458995853e-01	-9.386308807329360460e-02
-2.360000000000000000e+02	-1.465052062791068754e-01	-1.078676829481434452e-01
-2.350000000000000000e+02	-1.361011273851905345e-01	-1.210099555117550713e-01
-2.340000000000000000e+02	-1.245030231232369805e-01	-1.331731498979538408e-01
-2.330000000000000000e+02	-1.118013350902686276e-01	-1.442469426689283463e-01
-2.320000000000000000e+02	-9.809662478326562629e-02	-1.541293889572328268e-01
-2.310000000000000000e+02	-8.349895459477589543e-02	-1.627276972121795284e-01
-2.300000000000000000e+02	-6.812720607284619700e-02	-1.699591997248925679e-01
-2.290000000000000000e+02	-5.210808010493527681e-02	-1.757520411778698000e-01
-2.280000000000000000e+02	-3.557491072731094189e-02	-1.800460448188398455e-01
-2.270000000000000000e+02	-1.866681492571099429e-02	-1.827932509306563202e-01
-2.260000000000000000e+02	-1.528541189883793816e-03	-1.839584762361534120e-01
-2.250000000000000000e+02	1.569216434109121927e-02	-1.835201038641070259e-01
-2.240000000000000000e+02	3.284528399910309482e-02	-1.814703029989882810e-01
-2.230000000000000000e+02	4.977981376224388521e-02	-1.778152871280704872e-01
-2.220000000000000000e+02	6.634507895677790867e-02	-1.725754527074983558e-01
-2.210000000000000000e+02	8.239217105043027123e-02	-1.657853440835166947e-01
-2.200000000000000000e+02	9.777553199949508278e-02	-1.574933303475178903e-01
-2.190000000000000000e+02	1.123529129039120000e-01	-1.477621619635845762e-01
-2.180000000000000000e+02	1.259882702519672104e-01	-1.366678887203130188e-01
-2.170000000000000000e+02	1.385525366800128555e-01	-1.242995677467088195e-01
-2.160000000000000000e+02	1.499278633048993503e-01	-1.107608477009407733e-01
-2.150000000000000000e+02	1.600012113254621338e-01	-9.616259407450165886e-02
-2.140000000000000000e+02	1.686706830437908755e-01	-8.062779549411917823e-02
-2.130000000000000000e+02	1.758468555030261449e-01	-6.429007248059000201e-02
-2.120000000000000000e+02	1.814529066563786985e-01	-4.729183001498214745e-02
-2.110000000000000000e+02	1.854255020992210956e-01	-2.978308024016534244e-02
-2.100000000000000000e+02	1.877155729843095200e-01	-1.192017352157771423e-02
-2.090000000000000000e+02	1.882889754726643772e-01	6.135552215120526273e-03
-2.080000000000000000e+02	1.871270229586720346e-01	2.421919292279263100e-02
-2.070000000000000000e+02	1.842266477345820552e-01	4.216478801653125719e-02
-2.060000000000000000e+02	1.796011596337629135e-01	5.980372701183087059e-02
-2.050000000000000000e+02	1.732803858007224140e-01	7.696869041496594288e-02
-2.040000000000000000e+02	1.653101048048918054e-01	9.349597428343689454e-02
-2.030000000000000000e+02	1.557519826396341067e-01	1.092260284130079501e-01
-2.020000000000000000e+02	1.446832250224827365e-01	1.240050052842520123e-01
-2.010000000000000000e+02	1.321960781833012577e-01	1.376862834722766271e-01
-2.000000000000000000e+02	1.183978626636151832e-01	1.501328169245327582e-01
-1.990000000000000000e+02	1.034102887062385429e-01	1.612197313584788350e-01
-1.980000000000000000e+02	8.736306752307894385e-02	1.708273225435299192e-01
-1.970000000000000000e+02	7.040059793648612008e-02	1.788517977978849871e-01
-1.960000000000000000e+02	5.267772001854249819e-02	1.852032934966765521e-01
-1.950000000000000000e+02	3.435838990705169377e-02	1.898069532943935100e-01
-1.940000000000000000e+02	1.561424067815036024e-02	1.926038824790876902e-01
-1.930000000000000000e+02	-3.376959425778277343e-03	1.935519661985335149e-01
-1.920000000000000000e+02	-2.243293877966010680e-02	1.926265402922546499e-01
-1.910000000000000000e+02	-4.136809100636682640e-02	1.898210221299717060e-01
-1.900000000000000000e+02	-5.999646031418000985e-02	1.851471495346781460e-01
-1.890000000000000000e+02	-7.813366759646173110e-02	1.786347601623985426e-01
-1.880000000000000000e+02	-9.559716929989388323e-02	1.703321879669666139e-01
-1.870000000000000000e+02	-1.122088363316445792e-01	1.603059974544395472e-01
-1.860000000000000000e+02	-1.277960912504865765e-01	1.486412166932398748e-01
-1.850000000000000000e+02	-1.421952722604429287e-01	1.354398127224150372e-01
-1.840000000000000000e+02	-1.552581473952168722e-01	1.208234912706667302e-01
-1.830000000000000000e+02	-1.668394780747112782e-01	1.049220221745377490e-01
-1.820000000000000000e+02	-1.768068722096389211e-01	8.788165975567713284e-02
-1.810000000000000000e+02	-1.850453169519500896e-01	6.986455941211254517e-02
-1.800000000000000000e+02	-1.914558853754215750e-01	5.104479481417893705e-02
-1.790000000000000000e+02	-1.959570001268693407e-01	3.160678926134035532e-02
-1.780000000000000000e+02	-1.984855477511109634e-01	1.174361063520490064e-02
-1.770000000000000000e+02	-1.989978287992612838e-01	-8.344856331059429325e-03
-1.760000000000000000e+02	-1.974704429402695249e-01	-2.845306145472683082e-02
-1.750000000000000000e+02	-1.939008563274028929e-01	-4.837352833987498130e-02
-1.740000000000000000e+02	-1.883073308615261787e-01	-6.789889586596194182e-02
-1.730000000000000000e+02	-1.807294306163250708e-01	-8.682230246344285751e-02
-1.720000000000000000e+02	-1.712279465475816109e-01	-1.049404150808828373e-01
-1.710000000000000000e+02	-1.598846373750824335e-01	-1.220556095172944666e-01
-1.700000000000000000e+02	-1.468017472494515530e-01	-1.379781401856359779e-01
-1.690000000000000000e+02	-1.321012990429727973e-01	-1.525282766697820813e-01
-1.680000000000000000e+02	-1.159243857248170168e-01	-1.655382290041379767e-01
-1.670000000000000000e+02	-9.842946986704609325e-02	-1.768548570890981775e-01
-1.660000000000000000e+02	-7.979188205194354122e-02	-1.863418690394126886e-01
-1.650000000000000000e+02	-6.020012631260673180e-02	-1.938774586730363514e-01
-1.640000000000000000e+02	-3.985706633814815186e-02	-1.993612248048938496e-01
-1.630000000000000000e+02	-1.897659310972311594e-02	-2.027136507406709920e-01
-1.620000000000000000e+02	2.218494404215404312e-03	-2.038773594096323916e-01
-1.610000000000000000e+02	2.349876188379376382e-02	-2.028181572803786636e-01
-1.600000000000000000e+02	4.463069930093185866e-02	-1.995258101534751749e-01
-1.590000000000000000e+02	6.537854123313828481e-02	-1.940147454541138738e-01
-1.580000000000000000e+02	8.550762540482667595e-02	-1.863243000189018506e-01
-1.570000000000000000e+02	1.047868283960776692e-01	-1.765187285355494795e-01
-1.560000000000000000e+02	1.229911106417021643e-01	-1.646870066633238372e-01
-1.550000000000000000e+02	1.399040542019158173e-01	-1.509424530218938520e-01
-1.540000000000000000e+02	1.553207707877950206e-01	-1.354217729241679324e-01
-1.530000000000000000e+02	1.690503716739505391e-01	-1.182840124811458948e-01
-1.520000000000000000e+02	1.809184396295104580e-01	-9.970918486109268952e-02
-1.510000000000000000e+02	1.907691317133065334e-01	-7.989648827671531894e-02
-1.500000000000000000e+02	1.984680542319779972e-01	-5.906284285419283880e-02
-1.490000000000000000e+02	2.039037105198138744e-01	-3.744026796679027907e-02
-1.480000000000000000e+02	2.069893599364882042e-01	-1.527354980421030510e-02
-1.470000000000000000e+02	2.076645870409823125e-01	7.182321861556824338e-03
-1.460000000000000000e+02	2.058965707932103595e-01	2.966494357300280063e-02
-1.450000000000000000e+02	2.016810714017895634e-01	5.190744526648848056e-02
-1.440000000000000000e+02	1.950430293132957849e-01	7.364157312893156171e-02
-1.430000000000000000e+02	1.860369318041321940e-01	9.460137644914295985e-02
-1.420000000000000000e+02	1.747467579622833111e-01	1.145258982258614278e-01
-1.410000000000000000e+02	1.612854708536876902e-01	1.331626601629391504e-01
-1.400000000000000000e+02	1.457943780691159097e-01	1.502707583044483042e-01
-1.390000000000000000e+02	1.284421204764268909e-01	1.656240552158711743e-01
-1.380000000000000000e+02	1.094231070237905029e-01	1.790144602112654360e-01
-1.370000000000000000e+02	8.895530917538166382e-02	1.902550402175348931e-01
-1.360000000000000000e+02	6.727813694138090606e-02	1.991825025366549262e-01
-1.350000000000000000e+02	4.465033620270676684e-02	2.056605033454325937e-01
-1.340000000000000000e+02	2.134687733525716599e-02	2.095811004972852887e-01
-1.330000000000000000e+02	-2.344343328664801572e-03	2.108665966597648156e-01
-1.320000000000000000e+02	-2.612555491121817258e-02	2.094712998209422306e-01
-1.310000000000000000e+02	-4.969277150424530193e-02	2.053826704114208868e-01
-1.300000000000000000e+02	-7.273967163464956087e-02	1.986236319266079242e-01
-1.290000000000000000e+02	-9.496154498189317283e-02	1.892524202527039734e-01
-1.280000000000000000e+02	-1.160592403289493618e-01	1.773620407908335361e-01
-1.270000000000000000e+02	-1.357433440341348774e-01	1.630802983485547253e-01
-1.260000000000000000e+02	-1.537373380119538280e-01	1.465676986158165329e-01
-1.250000000000000000e+02	-1.697830316300668885e-01	1.280168835354014156e-01
-1.240000000000000000e+02	-1.836428698499670831e-01	1.076511562847201620e-01
-1.230000000000000000e+02	-1.951047068811655461e-01	8.572288145161315043e-02
-1.220000000000000000e+02	-2.039845121391650196e-01	6.251005428669137443e-02
-1.210000000000000000e+02	-2.101299456381385267e-01	3.831325375109159714e-02
-1.200000000000000000e+02	-2.134231831639133159e-01	1.345273765613864275e-02
-1.190000000000000000e+02	-2.137836553513714766e-01	-1.173761112019432694e-02
-1.180000000000000000e+02	-2.111692535154598982e-01	-3.691328719871499880e-02
-1.170000000000000000e+02	-2.055783383913899198e-01	-6.172306227541717039e-02
-1.160000000000000000e+02	-1.970511917183554729e-01	-8.581325223720684403e-02
-1.150000000000000000e+02	-1.856703724007793821e-01	-1.088338324471323226e-01
-1.140000000000000000e+02	-1.715597690993611590e-01	-1.304426820293149714e-01
-1.130000000000000000e+02	-1.548844923384473382e-01	-1.503106012985225837e-01
-1.120000000000000000e+02	-1.358502814761644861e-01	-1.681265024925409357e-01
-1.110000000000000000e+02	-1.147007565433006970e-01	-1.836028895583347031e-01
-1.100000000000000000e+02	-9.171572326825731813e-02	-1.964792833954727147e-01
-1.090000000000000000e+02	-6.720800065500891207e-02	-2.065290613334419545e-01
-1.080000000000000000e+02	-4.151925427933907814e-02	-2.135620178538195635e-01
-1.070000000000000000e+02	-1.501601805105345910e-02	-2.174279921083377420e-01
-1.060000000000000000e+02	1.191414749601413074e-02	-2.180210960881419080e-01
-1.050000000000000000e+02	3.886806923862212021e-02	-2.152825488348637517e-01
-1.040000000000000000e+02	6.543278682625776332e-02	-2.092053854396228041e-01
-1.030000000000000000e+02	9.119340942733906996e-02	-1.998286669740552135e-01
-1.020000000000000000e+02	1.157371635347747146e-01	-1.872443630333514020e-01
-1.010000000000000000e+02	1.386594126838339158e-01	-1.715967048835225217e-01
-1.000000000000000000e+02	1.595695859793868909e-01	-1.530827728053102410e-01
-9.900000000000000000e+01	1.780992302753793832e-01	-1.319501699670725114e-01
-9.800000000000000000e+01	1.939108159970585332e-01	-1.084964084125780714e-01
-9.700000000000000000e+01	2.067023412054041775e-01	-8.306116336634873643e-02
-9.600000000000000000e+01	2.162147116306889494e-01	-5.602596498852753515e-02
-9.500000000000000000e+01	2.222361596462404665e-01	-2.780797347815226750e-02
-9.400000000000000000e+01	2.246067569996145485e-01	1.147285043227872729e-03
-9.300000000000000000e+01	2.232197333197347977e-01	3.037181451851587999e-02
-9.200000000000000000e+01	2.180286637502294178e-01	5.938020487964847105e-02
-9.100000000000000000e+01	2.090494457319385935e-01	8.767646254285747787e-02
-9.000000000000000000e+01	1.963657871562273505e-01	1.147579939690755307e-01
-8.900000000000000000e+01	1.801283604592076037e-01	1.401320241508433040e-01
-8.800000000000000000e+01	1.605522013614539001e-01	1.633252127948106591e-01
-8.700000000000000000e+01	1.379168095383161985e-01	1.838899862273588315e-01
-8.600000000000000000e+01	1.125498087194308633e-01	2.014166389167855453e-01
-8.500000000000000000e+01	8.484727713562448259e-02	2.155232509688323195e-01
-8.400000000000000000e+01	5.525614855568494049e-02	2.258808886664271098e-01
-8.300000000000000000e+01	2.428158586014952242e-02	2.322154638374421820e-01
-8.200000000000000000e+01	-7.529933294773295989e-03	2.343205654819738304e-01
-8.100000000000000000e+01	-3.960361409983170072e-02	2.320635429484313172e-01
-8.000000000000000000e+01	-7.134256240831057805e-02	2.253921757514908975e-01
-7.900000000000000000e+01	-1.021323119174191718e-01	2.143366936274839485e-01
-7.800000000000000000e+01	-1.313589329802279104e-01	1.990177949588882444e-01
-7.700000000000000000e+01	-1.584194890836729541e-01	1.796412147298205308e-01
-7.600000000000000000e+01	-1.827388384037748337e-01	1.564947035471355441e-01
-7.500000000000000000e+01	-2.037818219588445334e-01	1.299452984102712760e-01
-7.400000000000000000e+01	-2.210590943856020618e-01	1.004369526870698137e-01
-7.300000000000000000e+01	-2.341341414786973218e-01	6.848997209422547083e-02
-7.200000000000000000e+01	-2.426364523760590475e-01	3.469225432038078316e-02
-7.100000000000000000e+01	-2.462776024177889544e-01	-3.071053331536215602e-04
-7.000000000000000000e+01	-2.448633012134557030e-01	-3.581109185898163905e-02
-6.900000000000000000e+01	-2.382975558224279256e-01	-7.108788651871410236e-02
-6.800000000000000000e+01	-2.265892663035817822e-01	-1.053863273167862796e-01
-6.700000000000000000e+01	-2.098563130103807961e-01	-1.379496052694776653e-01
-6.600000000000000000e+01	-1.883284890738624873e-01	-1.680296575729640085e-01
-6.500000000000000000e+01	-1.623491925748238307e-01	-1.949029338823890789e-01
-6.400000000000000000e+01	-1.323730422791138672e-01	-2.178893263660248159e-01
-6.300000000000000000e+01	-9.896273046345474556e-02	-2.363682019112960386e-01
-6.200000000000000000e+01	-6.277983480673811345e-02	-2.497972301139553819e-01
-6.100000000000000000e+01	-2.457468763380659185e-02	-2.577277325596968316e-01
-6.000000000000000000e+01	1.482610376317702872e-02	-2.598197802342840368e-01
-5.900000000000000000e+01	5.453395203096939037e-02	-2.558559115212860613e-01
-5.800000000000000000e+01	9.361509929481896808e-02	-2.457521952961795875e-01
-5.700000000000000000e+01	1.311110474425936367e-01	-2.295679431170433715e-01
-5.600000000000000000e+01	1.660596347352951696e-01	-2.075137000952143596e-01
-5.500000000000000000e+01	1.975180862107124846e-01	-1.799521831176563447e-01
-5.400000000000000000e+01	2.245881873097564096e-01	-1.474011573180030177e-01
-5.300000000000000000e+01	2.464418784515629568e-01	-1.105285112633670325e-01
-5.200000000000000000e+01	2.623467873837918574e-01	-7.014501303145444233e-02
-5.100000000000000000e+01	2.716907110818264082e-01	-2.719102961314408262e-02
-5.000000000000000000e+01	2.740035859524792006e-01	1.727865694072051872e-02
-4.900000000000000000e+01	2.689824516696400769e-01	6.211583298757323429e-02
-4.800000000000000000e+01	2.565112448835450976e-01	1.061034915869027845e-01
-4.700000000000000000e+01	2.366748871286085687e-01	1.479875627683347739e-01
-4.600000000000000000e+01	2.097678316312034386e-01	1.865039137695382321e-01
-4.500000000000000000e+01	1.763063546830856698e-01	2.204183887125814867e-01
-4.400000000000000000e+01	1.370260015368214845e-01	2.485647671623417709e-01
-4.300000000000000000e+01	9.288071941566555800e-02	2.698813482512333883e-01
-4.200000000000000000e+01	4.502262044870304625e-02	2.834557322717388694e-01
-4.100000000000000000e+01	-5.209563016927370484e-03	2.885603159022277486e-01
-4.000000000000000000e+01	-5.632282645370505908e-02	2.846926183086639917e-01
-3.900000000000000000e+01	-1.067055607115490606e-01	2.716018042141863931e-01
-3.800000000000000000e+01	-1.546650986365057656e-01	2.493386031144072257e-01
-3.700000000000000000e+01	-1.984865053614063568e-01	2.182632296568380870e-01
-3.600000000000000000e+01	-2.364886689331300584e-01	1.790550797392682081e-01
-3.500000000000000000e+01	-2.670770068318529256e-01	1.327269635418829308e-01
-3.400000000000000000e+01	-2.888114568138246407e-01	8.062539149352845880e-02
-3.300000000000000000e+01	-3.004852813456655447e-01	2.439105521360147508e-02
-3.200000000000000000e+01	-3.011754465257214797e-01	-3.405717748178014453e-02
-3.100000000000000000e+01	-2.903134285280299376e-01	-9.255869340131409051e-02
-3.000000000000000000e+01	-2.677587636880244260e-01	-1.487995645146519552e-01
-2.900000000000000000e+01	-2.338347099373942473e-01	-2.003783618492927243e-01
-2.800000000000000000e+01	-1.893689073880873708e-01	-2.448941880460443754e-01
-2.700000000000000000e+01	-1.357145078883443545e-01	-2.800552050397792647e-01
-2.600000000000000000e+01	-7.473633195197286472e-02	-3.038000950578707560e-01
-2.500000000000000000e+01	-8.801162228173231572e-03	-3.144077435102199392e-01
-2.400000000000000000e+01	5.928576615893790119e-02	-3.106156789140807617e-01
-2.300000000000000000e+01	1.263505335261906892e-01	-2.917549559849204610e-01
-2.200000000000000000e+01	1.889766194004879329e-01	-2.578505249608896155e-01
-2.100000000000000000e+01	2.436441171818778950e-01	-2.097124210693011859e-01
-2.000000000000000000e+01	2.869092851591339977e-01	-1.489985895525084425e-01
-1.900000000000000000e+01	3.156076031291080719e-01	-7.824268970541038704e-02
-1.800000000000000000e+01	3.270835092203062677e-01	-8.325409188230044376e-04
-1.700000000000000000e+01	3.194282640225714620e-01	7.906610318128678982e-02
-1.600000000000000000e+01	2.917157640941885899e-01	1.566590777318045691e-01
-1.500000000000000000e+01	2.442274498461082244e-01	2.267191558575909482e-01
-1.400000000000000000e+01	1.786346205192603231e-01	2.839091312644043130e-01
-1.300000000000000000e+01	9.813241437318569182e-02	3.231282401293820161e-01
-1.200000000000000000e+01	7.455331012471722377e-03	3.399595170117632459e-01
-1.100000000000000000e+01	-8.720124157361125450e-02	3.311566918271386939e-01
-1.000000000000000000e+01	-1.784296481056642236e-01	2.951605699393313742e-01
-9.000000000000000000e+00	-2.580323014577424745e-01	2.325852552183377830e-01
-8.000000000000000000e+00	-3.176754907398593453e-01	1.466294912899122893e-01
-7.000000000000000000e+00	-3.496775919198045757e-01	4.329675079531054155e-02
-6.000000000000000000e+00	-3.480397624440531024e-01	-6.860146885565052144e-02
-5.000000000000000000e+00	-3.095450190016291181e-01	-1.778297954267368530e-01
-4.000000000000000000e+00	-2.348488605632454984e-01	-2.715708912736767844e-01
-3.000000000000000000e+00	-1.293503885272064835e-01	-3.367975083178788021e-01
-2.000000000000000000e+00	-3.578631967488078453e-03	-3.621261184195321836e-01
-1.000000000000000000e+00	1.271551096332094732e-01	-3.399932402593117686e-01
0.000000000000000000e+00	2.440789183853566968e-01	-2.689507002199213459e-01
1.000000000000000000e+00	3.275633882692834953e-01	-1.554747183077969386e-01
2.000000000000000000e+00	3.607699456957544348e-01	-1.463487296612852630e-02
3.000000000000000000e+00	3.336725014027011049e-01	1.310130152351117183e-01
4.000000000000000000e+00	2.468248229399692406e-01	2.546391012049031288e-01
5.000000000000000000e+00	1.135168002402016790e-01	3.304549126235216683e-01
6.000000000000000000e+00	-4.098906587152410103e-02	3.403097770465594030e-01
7.000000000000000000e+00	-1.839799224409395251e-01	2.795699400152300007e-01
8.000000000000000000e+00	-2.828668026091709642e-01	1.603339247829251857e-01
9.000000000000000000e+00	-3.140704801348979114e-01	1.008822158036267944e-02
1.000000000000000000e+01	-2.704909901931066840e-01	-1.344796655572478850e-01
1.100000000000000000e+01	-1.647224994444190516e-01	-2.373797530369969877e-01
1.200000000000000000e+01	-2.619316308433866994e-02	-2.738194346617400798e-01
1.300000000000000000e+01	1.071895915417391126e-01	-2.376993347256489697e-01
1.400000000000000000e+01	2.002500292575594698e-01	-1.433029835892660475e-01
1.500000000000000000e+01	2.308809310116549385e-01	-2.058735423927919236e-02
1.600000000000000000e+01	1.960252671738782759e-01	9.433274540748748382e-02
1.700000000000000000e+01	1.116159386098099920e-01	1.702523960111968770e-01
1.800000000000000000e+01	6.503253445123906122e-03	1.898670192165246573e-01
1.900000000000000000e+01	-8.718648983645627126e-02	1.538384840650223739e-01
2.000000000000000000e+01	-1.439676050756958647e-01	7.894142591250906393e-02
2.100000000000000000e+01	-1.519318477436537862e-01	-8.511828060600414372e-03
2.200000000000000000e+01	-1.148910484367604151e-01	-8.149890355424944943e-02
2.300000000000000000e+01	-4.952585246065257379e-02	-1.205142905882377324e-01
2.400000000000000000e+01	2.112732719320424557e-02	-1.186029798628402548e-01
2.500000000000000000e+01	7.542288950522567370e-02	-8.193624153025252932e-02
2.600000000000000000e+01	9.950807683067461329e-02	-2.627227517363931245e-02
2.700000000000000000e+01	9.049701351412695050e-02	2.908576880333310286e-02
2.800000000000000000e+01	5.586622648665429125e-02	6.761750451695471009e-02
2.900000000000000000e+01	9.748582695017802419e-03	8.022391183015335769e-02
3.000000000000000000e+01	-3.229732513130752214e-02	6.694735346113402097e-02
3.100000000000000000e+01	-5.821008282786853394e-02	3.565341511069670261e-02
3.200000000000000000e+01	-6.260943995450131416e-02	-1.503368270450500472e-03
3.300000000000000000e+01	-4.742617928468630811e-02	-3.241958943977520796e-02
3.400000000000000000e+01	-2.023804861557029419e-02	-4.869685635435492405e-02
3.500000000000000000e+01	8.894677379766525657e-03	-4.765479446752569209e-02
3.600000000000000000e+01	3.084932310540764236e-02	-3.224886085554148907e-02
3.700000000000000000e+01	4.005930990315217238e-02	-9.371261369391320137e-03
3.800000000000000000e+01	3.572377448053317556e-02	1.286214478699920435e-02
3.900000000000000000e+01	2.126572191803825437e-02	2.782043654390211826e-02
4.000000000000000000e+01	2.642447381321567229e-03	3.212427390851347458e-02
4.100000000000000000e+01	-1.386343468485460965e-02	2.612993217291575271e-02
4.200000000000000000e+01	-2.359847759019161051e-02	1.325559748544245277e-02
4.300000000000000000e+01	-2.465420562676438193e-02	-1.554841512229434598e-03
4.400000000000000000e+01	-1.805334551908913468e-02	-1.351404533510485242e-02
4.500000000000000000e+01	-6.972611776794400591e-03	-1.942286642866834778e-02
4.600000000000000000e+01	4.526605973493518821e-03	-1.842553333709303146e-02
4.700000000000000000e+01	1.288710117912073710e-02	-1.189315541890374230e-02
4.800000000000000000e+01	1.604887014310836524e-02	-2.665153448989934608e-03
4.900000000000000000e+01	1.386738361123396844e-02	6.034650705264610511e-03
5.000000000000000000e+01	7.815273035930051654e-03	1.164765229069899752e-02
5.100000000000000000e+01	3.324024206227557893e-04	1.293700778081994553e-02
5.200000000000000000e+01	-6.084100717227694174e-03	1.016741783631104103e-02
5.300000000000000000e+01	-9.650329240473098924e-03	4.818025848787123137e-03
5.400000000000000000e+01	-9.708668062545318042e-03	-1.100607353238836159e-03
5.500000000000000000e+01	-6.773690765379573701e-03	-5.686617992375984920e-03
5.600000000000000000e+01	-2.216005789470959150e-03	-7.750574097286687045e-03
5.700000000000000000e+01	2.327562494151381306e-03	-7.037730790969627323e-03
5.800000000000000000e+01	5.468111145026159810e-03	-4.213829132119762712e-03
5.900000000000000000e+01	6.461341817913648922e-03	-4.615134570098009177e-04
6.000000000000000000e+01	5.342172021191353426e-03	2.925265814063304423e-03
6.100000000000000000e+01	2.779885439317237705e-03	4.971839867408831860e-03
6.200000000000000000e+01	-2.220244084619348219e-04	5.261855018247883417e-03
6.300000000000000000e+01	-2.677714773471447356e-03	3.973697652273904153e-03
6.400000000000000000e+01	-3.926191226780359998e-03	1.753105787857826749e-03
6.500000000000000000e+01	-3.782372203269965087e-03	-5.834141856530189810e-04
6.600000000000000000e+01	-2.495570866864786456e-03	-2.308828623371580232e-03
6.700000000000000000e+01	-6.444412130239516060e-04	-3.000610052699424594e-03
6.800000000000000000e+01	1.128239397227897341e-03	-2.600843760793316185e-03
6.900000000000000000e+01	2.291947626044739394e-03	-1.404106964388635807e-03
7.000000000000000000e+01	2.586520666388902098e-03	1.016668355113375233e-04
7.100000000000000000e+01	2.057662079314293447e-03	1.410983294131253627e-03
7.200000000000000000e+01	9.850690486360245534e-04	2.142161549891483108e-03
7.300000000000000000e+01	-2.049638317187962204e-04	2.179286604918425577e-03
7.400000000000000000e+01	-1.151021184545431139e-03	1.622657325826576879e-03
7.500000000000000000e+01	-1.597486411731328677e-03	7.088281057785624471e-04
7.600000000000000000e+01	-1.484356213027060879e-03	-2.207516866053236095e-04
7.700000000000000000e+01	-9.322722470371831846e-04	-8.812259070258024679e-04
7.800000000000000000e+01	-1.760370076913163426e-04	-1.114809062915126043e-03
7.900000000000000000e+01	5.194635847887586061e-04	-9.085241969043581249e-04
8.000000000000000000e+01	9.438988908486944896e-04	-4.026078122508185012e-04
8.100000000000000000e+01	1.035147918761039620e-03	1.989060941530747099e-04
8.200000000000000000e+01	7.819669944822796618e-04	6.987571611447563301e-04
8.300000000000000000e+01	3.430031838718157044e-04	9.690157484672825552e-04
8.400000000000000000e+01	-1.361330724151841524e-04	9.680460567138814967e-04
8.500000000000000000e+01	-5.041094194762848514e-04	7.136542104201540468e-04
8.600000000000000000e+01	-6.569548767233172751e-04	3.289179265331602757e-04
8.700000000000000000e+01	-5.854921410000726856e-04	-4.245340664231240791e-05
8.800000000000000000e+01	-3.492109619391612187e-04	-2.927330220455365024e-04
8.900000000000000000e+01	-4.278360818970499205e-05	-3.671760857005049433e-04
9.000000000000000000e+01	2.286324464264833886e-04	-2.712210099315306251e-04
9.100000000000000000e+01	3.870558975419301825e-04	-6.190630657556502384e-05
9.200000000000000000e+01	4.032419397889356206e-04	1.793150734267106076e-04
9.300000000000000000e+01	2.924824819935466333e-04	3.729672801225820131e-04
9.400000000000000000e+01	1.091952667985668146e-04	4.676534552003655228e-04
9.500000000000000000e+01	-8.122888238090066200e-05	4.487478545575744344e-04
9.600000000000000000e+01	-2.208557923566763096e-04	3.392157638903593579e-04
9.700000000000000000e+01	-2.754763411422736399e-04	1.848129353496582596e-04
9.800000000000000000e+01	-2.416936760635368772e-04	3.886155202271676917e-05
9.900000000000000000e+01	-1.434134776291657145e-04	-5.646014832977955527e-05
1.000000000000000000e+02	-2.177739378209256435e-05	-8.167197404947472916e-05
1.010000000000000000e+02	8.298464730279991994e-05	-3.926427025053874658e-05
1.020000000000000000e+02	1.419969967595762720e-04	4.577884585915400833e-05
1.030000000000000000e+02	1.409679831018820814e-04	1.395468769867646707e-04
1.040000000000000000e+02	9.317521970820459337e-05	2.135156293634195388e-04
1.050000000000000000e+02	1.782531909128899847e-05	2.439112044422609750e-04
1.060000000000000000e+02	-5.774161113766623847e-05	2.313550185663016908e-04
1.070000000000000000e+02	-1.115455922573425511e-04	1.836379383667567514e-04
