# # Time 	 h_plus 	 h_cross 
# 
-4.090000000000000000e+02	6.505074337996222256e-02	-1.138925924061037903e-01
-4.080000000000000000e+02	7.458231328221336109e-02	-1.080188617203697438e-01
-4.070000000000000000e+02	8.359326041342525493e-02	-1.013433330565585572e-01
-4.060000000000000000e+02	9.201569895268048305e-02	-9.391139192637040778e-02
-4.050000000000000000e+02	9.978563752328518943e-02	-8.577421504358670457e-02
-4.040000000000000000e+02	1.068440096144853829e-01	-7.698770273722542468e-02
-4.030000000000000000e+02	1.131357656257884620e-01	-6.761365421573486967e-02
-4.020000000000000000e+02	1.186109802117251144e-01	-5.771908582658462350e-02
-4.010000000000000000e+02	1.232259164158622800e-01	-4.737470746447441233e-02
-4.000000000000000000e+02	1.269429307501260540e-01	-3.665497107426923112e-02
-3.990000000000000000e+02	1.297307996666906271e-01	-2.563754775962793359e-02
-3.980000000000000000e+02	1.315650013372142713e-01	-1.440277584290518970e-02
-3.970000000000000000e+02	1.324279501061667030e-01	-3.033083680627432673e-03
-3.960000000000000000e+02	1.323091813072962974e-01	8.387608718587090395e-03
-3.950000000000000000e+02	1.312054844772044815e-01	1.977450501115473463e-02
-3.940000000000000000e+02	1.291209833653830519e-01	3.104256032188653855e-02
-3.930000000000000000e+02	1.260671615233646403e-01	4.210711692987682137e-02
-3.920000000000000000e+02	1.220635033016675558e-01	5.288483367343351643e-02
-3.910000000000000000e+02	1.171376869890897732e-01	6.329483268232270754e-02
-3.900000000000000000e+02	1.113202872782339675e-01	7.325656661666186953e-02
-3.890000000000000000e+02	1.046516772269944218e-01	8.269267596375189100e-02
-3.880000000000000000e+02	9.717857495245788013e-02	9.152998190633138131e-02
-3.870000000000000000e+02	8.895359261276948593e-02	9.969978540448264093e-02
-3.860000000000000000e+02	8.003570166294227128e-02	1.071374890832108295e-01
-3.850000000000000000e+02	7.048948928608345099e-02	1.137836500570682807e-01
-3.840000000000000000e+02	6.038471277714469593e-02	1.195844746915778328e-01
-3.830000000000000000e+02	4.979580971448174798e-02	1.244922752992207310e-01
-3.820000000000000000e+02	3.880136712566540497e-02	1.284658847629364664e-01
-3.810000000000000000e+02	2.748355322193620290e-02	1.314710253455102229e-01
-3.800000000000000000e+02	1.592751562231208701e-02	1.334806282427811741e-01
-3.790000000000000000e+02	4.220750310116327259e-03	1.344751007707521151e-01
-3.780000000000000000e+02	-7.547554141114443636e-03	1.344425384392749501e-01
-3.770000000000000000e+02	-1.928719227200995437e-02	1.333788795558741302e-01
-3.760000000000000000e+02	-3.090763234155219016e-02	1.312880004198402617e-01
-3.750000000000000000e+02	-4.231683351950160654e-02	1.281823712848943475e-01
-3.740000000000000000e+02	-5.342646858602650983e-02	1.240820290664318426e-01
-3.730000000000000000e+02	-6.415073589334348292e-02	1.190142284274734452e-01
-3.720000000000000000e+02	-7.440495054193559110e-02	1.130142041645362111e-01
-3.710000000000000000e+02	-8.410701238470857932e-02	1.061239513720430988e-01
-3.700000000000000000e+02	-9.317704876403003211e-02	9.839144648847161778e-02
-3.690000000000000000e+02	-1.015439446354394065e-01	8.987668011202945562e-02
-3.680000000000000000e+02	-1.091395754718063188e-01	8.064293137226412334e-02
-3.670000000000000000e+02	-1.159014515939947448e-01	7.075947216589890953e-02
-3.660000000000000000e+02	-1.217732506871290615e-01	6.030107115605860824e-02
-3.650000000000000000e+02	-1.267053072371499001e-01	4.934744999422590456e-02
-3.640000000000000000e+02	-1.306550545640605410e-01	3.798269544628395805e-02
-3.630000000000000000e+02	-1.335874154364371513e-01	2.629463149799440499e-02
-3.620000000000000000e+02	-1.354751375960216442e-01	1.437415588413685011e-02
-3.610000000000000000e+02	-1.362990708995556466e-01	2.314545825980787123e-03
-3.600000000000000000e+02	-1.360484354068685064e-01	-9.788536278808851465e-03
-3.590000000000000000e+02	-1.347210986697721380e-01	-2.183902925827239938e-02
-3.580000000000000000e+02	-1.323232449040836478e-01	-3.374199444491659400e-02
-3.570000000000000000e+02	-1.288695962948556151e-01	-4.540208973912816803e-02
-3.560000000000000000e+02	-1.243833826132573483e-01	-5.672532804051378524e-02
-3.550000000000000000e+02	-1.188962260275073235e-01	-6.761983716080607887e-02
-3.540000000000000000e+02	-1.124479580555279440e-01	-7.799661088228851402e-02
-3.530000000000000000e+02	-1.050863692338377953e-01	-8.777024511447252542e-02
-3.520000000000000000e+02	-9.686538978159790758e-02	-9.685815040542181120e-02
-3.510000000000000000e+02	-8.784665600643602745e-02	-1.051820886428448537e-01
-3.500000000000000000e+02	-7.810334738462003379e-02	-1.126748294567028325e-01
-3.490000000000000000e+02	-6.771138283787403456e-02	-1.192725148220696307e-01
-3.480000000000000000e+02	-5.675237283207568845e-02	-1.249181588536298904e-01
-3.470000000000000000e+02	-4.531300343741213182e-02	-1.295621599341833796e-01
-3.460000000000000000e+02	-3.348405302065025207e-02	-1.331628389762677667e-01
-3.450000000000000000e+02	-2.136025159034841622e-02	-1.356865986075863062e-01
-3.440000000000000000e+02	-9.039862833102665918e-03	-1.371083570778313943e-01
-3.430000000000000000e+02	3.377085620046052852e-03	-1.374120453320921420e-01
-3.420000000000000000e+02	1.578917117182254345e-02	-1.365906571595203178e-01
-3.410000000000000000e+02	2.809439508681016787e-02	-1.346463782019831912e-01
-3.400000000000000000e+02	4.019101392881622992e-02	-1.315906412934276237e-01
-3.390000000000000000e+02	5.197837701951312644e-02	-1.274441068477037420e-01
-3.380000000000000000e+02	6.335776319702338122e-02	-1.222365675969029897e-01
-3.370000000000000000e+02	7.423321007104806413e-02	-1.160067775805479762e-01
-3.360000000000000000e+02	8.451300793174157389e-02	-1.088016784836187273e-01
-3.350000000000000000e+02	9.410891033167663455e-02	-1.006778145341874070e-01
-3.340000000000000000e+02	1.029373955186565215e-01	-9.169884818842954921e-02
-3.330000000000000000e+02	1.109213590751260553e-01	-8.193626010741675292e-02
-3.320000000000000000e+02	1.179903090229321300e-01	-7.146859201717233046e-02
-3.310000000000000000e+02	1.240809881195180236e-01	-6.038081363456600237e-02
-3.300000000000000000e+02	1.291379675778846214e-01	-4.876366217705116468e-02
-3.290000000000000000e+02	1.331141810314444840e-01	-3.671292641287753067e-02
-3.280000000000000000e+02	1.359714610616057917e-01	-2.432830309400364072e-02
-3.270000000000000000e+02	1.376807401180425994e-01	-1.171283567782943277e-02
-3.260000000000000000e+02	1.382223320315888182e-01	1.026511042527542602e-03
-3.250000000000000000e+02	1.375865718735752308e-01	1.378173483087155246e-02
-3.240000000000000000e+02	1.357737861215788377e-01	2.644398761972991188e-02
-3.230000000000000000e+02	1.327943765128142273e-01	3.890450032728133556e-02
-3.220000000000000000e+02	1.286688182603624719e-01	5.105551681061677033e-02
-3.210000000000000000e+02	1.234275715860977951e-01	6.279122902611725121e-02
-3.200000000000000000e+02	1.171116834740944662e-01	7.400919651109280628e-02
-3.190000000000000000e+02	1.097736442395996076e-01	8.461266149103281731e-02
-3.180000000000000000e+02	1.014683988355107314e-01	9.450508209233098034e-02
-3.170000000000000000e+02	9.226355574783474955e-02	1.035973772470259457e-01
-3.160000000000000000e+02	8.223501998680007863e-02	1.118067882057192652e-01
-3.150000000000000000e+02	7.146641116841902230e-02	1.190576604067712513e-01
-3.140000000000000000e+02	6.004840705262914219e-02	1.252821726622931620e-01
-3.130000000000000000e+02	4.807801721860096439e-02	1.304210064781335388e-01
-3.120000000000000000e+02	3.565779225615019893e-02	1.344239487312932635e-01
-3.110000000000000000e+02	2.289497451631141919e-02	1.372504214028060776e-01
-3.100000000000000000e+02	9.900535825615593491e-03	1.388699369718651155e-01
-3.090000000000000000e+02	-3.212143809897306974e-03	1.392624280085763833e-01
-3.080000000000000000e+02	-1.632643761201360913e-02	1.384185330969377459e-01
-3.070000000000000000e+02	-2.932580915275683625e-02	1.363399429948868868e-01
-3.060000000000000000e+02	-4.209391216429522742e-02	1.330393355042391867e-01
-3.050000000000000000e+02	-5.451562680663327165e-02	1.285403683787304796e-01
-3.040000000000000000e+02	-6.647809761284879937e-02	1.228775744906590583e-01
-3.030000000000000000e+02	-7.787176390079479649e-02	1.160961587487466251e-01
-3.020000000000000000e+02	-8.859137334695491028e-02	1.082516971259228494e-01
-3.010000000000000000e+02	-9.853696940625529532e-02	9.940973903592685568e-02
-3.000000000000000000e+02	-1.076148433324140979e-01	8.964531518471965943e-02
-2.990000000000000000e+02	-1.157393786364993987e-01	7.904299377320006537e-02
-2.980000000000000000e+02	-1.228320855691638486e-01	6.769458879066482526e-02
-2.970000000000000000e+02	-1.288218419967697981e-01	5.569870160626432670e-02
-2.960000000000000000e+02	-1.336483180629242096e-01	4.316182025124152416e-02
-2.950000000000000000e+02	-1.372613928025555319e-01	3.019626509865011924e-02
-2.940000000000000000e+02	-1.396217872779531299e-01	1.691895216167818225e-02
-2.930000000000000000e+02	-1.407014413572004186e-01	3.450525566778518075e-03
-2.920000000000000000e+02	-1.404838803820878390e-01	-1.008571424336257745e-02
-2.910000000000000000e+02	-1.389644799728781410e-01	-2.356491954354028237e-02
-2.900000000000000000e+02	-1.361506250905778759e-01	-3.686183197912622223e-02
-2.890000000000000000e+02	-1.320617603775836313e-01	-4.985193680979359276e-02
-2.880000000000000000e+02	-1.267293297418462528e-01	-6.241262438714555161e-02
-2.870000000000000000e+02	-1.201965941817123434e-01	-7.442436433682850239e-02
-2.860000000000000000e+02	-1.125183720435402185e-01	-8.577180255474463333e-02
-2.850000000000000000e+02	-1.037606517297974817e-01	-9.634489575439095232e-02
-2.840000000000000000e+02	-9.400001285368891901e-02	-1.060400780880305094e-01
-2.830000000000000000e+02	-8.332312814601304518e-02	-1.147611666038321765e-01
-2.820000000000000000e+02	-7.182612923069127409e-02	-1.224203449131136684e-01
-2.810000000000000000e+02	-5.961369960867105716e-02	-1.289390294698929129e-01
-2.800000000000000000e+02	-4.679836881766537976e-02	-1.342491846705786140e-01
-2.790000000000000000e+02	-3.349851880923846587e-02	-1.382938804744656969e-01
-2.780000000000000000e+02	-1.983833753597092145e-02	-1.410275855053965410e-01
-2.770000000000000000e+02	-5.946433874902718950e-03	-1.424168752354625367e-01
-2.760000000000000000e+02	8.045145674350823520e-03	-1.424408860703324231e-01
-2.750000000000000000e+02	2.200306481910243792e-02	-1.410915948660287356e-01
-2.740000000000000000e+02	3.579223873723424293e-02	-1.383741001726676856e-01
-2.730000000000000000e+02	4.927793475762030917e-02	-1.343069233574789023e-01
-2.720000000000000000e+02	6.232721849066875236e-02	-1.289217902441960328e-01
-2.710000000000000000e+02	7.481042957843067609e-02	-1.222638477069206281e-01
-2.700000000000000000e+02	8.660229732090589383e-02	-1.143914091451455201e-01
-2.690000000000000000e+02	9.758444649513108027e-02	-1.053744220674177334e-01
-2.680000000000000000e+02	1.076450226588815673e-01	-9.529476557030877593e-02
-2.670000000000000000e+02	1.166809105236313315e-01	-8.424453114204936977e-02
-2.660000000000000000e+02	1.245983400558634963e-01	-7.232508456729967727e-02
-2.650000000000000000e+02	1.313121928823883233e-01	-5.964955800100537470e-02
-2.640000000000000000e+02	1.367497182468258854e-01	-4.633916821712916190e-02
-2.630000000000000000e+02	1.408472740865822082e-01	-3.252132673201479918e-02
-2.620000000000000000e+02	1.435550002176249063e-01	-1.833085503516664050e-02
-2.610000000000000000e+02	1.448353037885787009e-01	-3.907325536676600417e-03
-2.600000000000000000e+02	1.446687864138420654e-01	1.060660168472952677e-02
-2.590000000000000000e+02	1.430485093374747607e-01	2.506628464002292125e-02
-2.580000000000000000e+02	1.399819431025892402e-01	3.932652254416436899e-02
-2.570000000000000000e+02	1.354915250895344647e-01	5.324270812145597692e-02
-2.560000000000000000e+02	1.296140681727777355e-01	6.667239600340459094e-02
-2.550000000000000000e+02	1.224008012654214800e-01	7.947663603295093693e-02
-2.540000000000000000e+02	1.139181029626932379e-01	9.152168765708651454e-02
-2.530000000000000000e+02	1.042457730784022429e-01	1.026811261430130295e-01
-2.520000000000000000e+02	9.347363236865639802e-02	1.128346096087574774e-01
-2.510000000000000000e+02	8.170440666179808187e-02	1.218718548107504546e-01
-2.500000000000000000e+02	6.905089194615586512e-02	1.296935635187415614e-01
-2.490000000000000000e+02	5.563587594838767525e-02	1.362102703193916464e-01
-2.480000000000000000e+02	4.159104593588310722e-02	1.413480114453604664e-01
-2.470000000000000000e+02	2.705756945718184453e-02	1.450435962363211539e-01
-2.460000000000000000e+02	1.218254607613810693e-02	1.472478253138422566e-01
-2.450000000000000000e+02	-2.882655618916104591e-03	1.479283687397600910e-01
-2.440000000000000000e+02	-1.798034714011194010e-02	1.470675578456729637e-01
-2.430000000000000000e+02	-3.295196475948208858e-02	1.446650991183843771e-01
-2.420000000000000000e+02	-4.763906852260214875e-02	1.407355925646442407e-01
-2.410000000000000000e+02	-6.188448239170415976e-02	1.353093102999250175e-01
-2.400000000000000000e+02	-7.553340095806179710e-02	1.284340697594889558e-01
-2.390000000000000000e+02	-8.843641747369687667e-02	1.201729027095902874e-01
-2.380000000000000000e+02	-1.004541647605774607e-01	1.106043304252112974e-01
-2.370000000000000000e+02	-1.114536527605884120e-01	9.982090265464961532e-02
-2.360000000000000000e+02	-1.213111226436013879e-01	8.792889655236278690e-02
-2.350000000000000000e+02	-1.299134421727320132e-01	7.504691103513261297e-02
-2.340000000000000000e+02	-1.371599998462853520e-01	6.130633780726399418e-02
-2.330000000000000000e+02	-1.429624096172432690e-01	4.684947221451079419e-02
-2.320000000000000000e+02	-1.472459871010054211e-01	3.182755558394315815e-02
-2.310000000000000000e+02	-1.499524954950413602e-01	1.640046282522383825e-02
-2.300000000000000000e+02	-1.510385184500354083e-01	7.324871632431821915e-04
-2.290000000000000000e+02	-1.504840352596497344e-01	-1.500623203794226521e-02
-2.280000000000000000e+02	-1.482842385107397964e-01	-3.064375091643900886e-02
-2.270000000000000000e+02	-1.444546501427573792e-01	-4.600868774092951863e-02
-2.260000000000000000e+02	-1.390240370732632735e-01	-6.092953935918707375e-02
-2.250000000000000000e+02	-1.320407046456274769e-01	-7.523776315230895628e-02
-2.240000000000000000e+02	-1.235708186770909517e-01	-8.877036241616897971e-02
-2.230000000000000000e+02	-1.136978230493101982e-01	-1.013711569460436085e-01
-2.220000000000000000e+02	-1.025209002725426671e-01	-1.128918083992053317e-01
-2.210000000000000000e+02	-9.015785047927914186e-02	-1.231965013223524918e-01
-2.200000000000000000e+02	-7.674024147791634609e-02	-1.321614655704578534e-01
-2.190000000000000000e+02	-6.241190931558844579e-02	-1.396771350634898323e-01
-2.180000000000000000e+02	-4.732737487949797289e-02	-1.456487363947056302e-01
-2.170000000000000000e+02	-3.165120473504590831e-02	-1.499980613394737983e-01
-2.160000000000000000e+02	-1.555748281581226765e-02	-1.526639521133006661e-01
-2.150000000000000000e+02	7.731341425084105367e-04	-1.536036947260546182e-01
-2.140000000000000000e+02	1.715483377147551322e-02	-1.527941134040678994e-01
-2.130000000000000000e+02	3.340106578507011370e-02	-1.502317637857180088e-01
-2.120000000000000000e+02	4.932452631664735465e-02	-1.459329446741955416e-01
-2.110000000000000000e+02	6.473901343474831871e-02	-1.399345823324385785e-01
-2.100000000000000000e+02	7.946133616796913213e-02	-1.322929932931178054e-01
-2.090000000000000000e+02	9.331347644390766694e-02	-1.230842143563324609e-01
-2.080000000000000000e+02	1.061256559487462753e-01	-1.124061505318777882e-01
-2.070000000000000000e+02	1.177403934961034765e-01	-1.003740566690345393e-01
-2.060000000000000000e+02	1.280126644510578282e-01	-8.712040618534491743e-02
-2.050000000000000000e+02	1.368126140218890729e-01	-7.279194639437752690e-02
-2.040000000000000000e+02	1.440264314082170261e-01	-5.755063002971536057e-02
-2.030000000000000000e+02	1.495562697946059838e-01	-4.157142802843895313e-02
-2.020000000000000000e+02	1.533213026602504025e-01	-2.503984682420086136e-02
-2.010000000000000000e+02	1.552619863963235480e-01	-8.151235271483767489e-03
-2.000000000000000000e+02	1.553366738580623518e-01	8.892338444437984310e-03
-1.990000000000000000e+02	1.535377520003479435e-01	2.588515886119519688e-02
-1.980000000000000000e+02	1.498758615052102061e-01	4.262069785033878455e-02
-1.970000000000000000e+02	1.443839184420453170e-01	5.889455552989259629e-02
-1.960000000000000000e+02	1.371165818556376870e-01	7.450600595871462173e-02
-1.950000000000000000e+02	1.281512133187651947e-01	8.926131448550060632e-02
-1.940000000000000000e+02	1.175831157313555059e-01	1.029731975933005222e-01
-1.930000000000000000e+02	1.055296172922295939e-01	1.154650045440185901e-01
-1.920000000000000000e+02	9.212752294568726796e-02	1.265720501825014777e-01
-1.910000000000000000e+02	7.753367801870358900e-02	1.361458404916287557e-01
-1.900000000000000000e+02	6.192214254458131006e-02	1.440566688125248518e-01
-1.890000000000000000e+02	4.548175295072796193e-02	1.501934606102461045e-01
-1.880000000000000000e+02	2.841294852515804589e-02	1.544660488606335591e-01
-1.870000000000000000e+02	1.092539791418929533e-02	1.568071483996330284e-01
-1.860000000000000000e+02	-6.762896472564879601e-03	1.571728302911094832e-01
-1.850000000000000000e+02	-2.442998272534474893e-02	1.555435592106564346e-01
-1.840000000000000000e+02	-4.185009521343160954e-02	1.519249072496811626e-01
-1.830000000000000000e+02	-5.879904283918026275e-02	1.463477444236856717e-01
-1.820000000000000000e+02	-7.505612812947896895e-02	1.388686842673144961e-01
-1.810000000000000000e+02	-9.040614660710559469e-02	1.295690108639112603e-01
-1.800000000000000000e+02	-1.046427661765634010e-01	1.185548718795269574e-01
-1.790000000000000000e+02	-1.175725416777302218e-01	1.059553638045450108e-01
-1.780000000000000000e+02	-1.290162945525050731e-01	9.192187644364968602e-02
-1.770000000000000000e+02	-1.388117705295617010e-01	7.662668976552279576e-02
-1.760000000000000000e+02	-1.468163664848433358e-01	6.026085156626309614e-02
-1.750000000000000000e+02	-1.529069279664008463e-01	4.303143684693116339e-02
-1.740000000000000000e+02	-1.569901425792743777e-01	2.516106647628135046e-02
-1.730000000000000000e+02	-1.589946409013491546e-01	6.882190930635975236e-03
-1.720000000000000000e+02	-1.588758176441544268e-01	-1.156403236454232528e-02
-1.710000000000000000e+02	-1.566170822076897451e-01	-2.993058131240845104e-02
-1.700000000000000000e+02	-1.522302878486480326e-01	-4.796961290525909166e-02
-1.690000000000000000e+02	-1.457561315324696349e-01	-6.543374676534111090e-02
-1.680000000000000000e+02	-1.372640100472187485e-01	-8.208029230658858699e-02
-1.670000000000000000e+02	-1.268518276874259221e-01	-9.767336383655940424e-02
-1.660000000000000000e+02	-1.146456192396944490e-01	-1.119894034061239274e-01
-1.650000000000000000e+02	-1.007978313463441244e-01	-1.248191714200742736e-01
-1.640000000000000000e+02	-8.548558936573259770e-02	-1.359711248939093620e-01
-1.630000000000000000e+02	-6.890896834369933388e-02	-1.452743148151596497e-01
-1.620000000000000000e+02	-5.128913905367951664e-02	-1.525808842013411659e-01
-1.610000000000000000e+02	-3.286437190225022231e-02	-1.577695702401488431e-01
-1.600000000000000000e+02	-1.388667875159127138e-02	-1.607473873975692191e-01
-1.590000000000000000e+02	5.379938530418751363e-03	-1.614509682701193993e-01
-1.580000000000000000e+02	2.466366545019341508e-02	-1.598482855319038332e-01
-1.570000000000000000e+02	4.368795861657611551e-02	-1.559399400083511245e-01
-1.560000000000000000e+02	6.217599264610779164e-02	-1.497599346266099418e-01
-1.550000000000000000e+02	7.985589489858188617e-02	-1.413751171217660085e-01
-1.540000000000000000e+02	9.646226031352735097e-02	-1.308850545287955358e-01
-1.530000000000000000e+02	1.117411657997801760e-01	-1.184220522347057963e-01
-1.520000000000000000e+02	1.254543796563463709e-01	-1.041496476603765292e-01
-1.510000000000000000e+02	1.373845085195827820e-01	-8.825898601031841040e-02
-1.500000000000000000e+02	1.473360741471412549e-01	-7.096879001111558449e-02
-1.490000000000000000e+02	1.551397943961959902e-01	-5.252323778258700948e-02
-1.480000000000000000e+02	1.606569146771343326e-01	-3.318614012221460241e-02
-1.470000000000000000e+02	1.637809648146617003e-01	-1.323883989540726273e-02
-1.460000000000000000e+02	1.644389040604404828e-01	7.024050713602418040e-03
-1.450000000000000000e+02	1.625942262126601756e-01	2.729755472736118335e-02
-1.440000000000000000e+02	1.582483000269367113e-01	4.727166014618700701e-02
-1.430000000000000000e+02	1.514407833707694939e-01	6.663704380637251734e-02
-1.420000000000000000e+02	1.422497090081447646e-01	8.508883037314599052e-02
-1.410000000000000000e+02	1.307912442968055255e-01	1.023308320172334890e-01
-1.400000000000000000e+02	1.172189146714422703e-01	1.180809713507112169e-01
-1.390000000000000000e+02	1.017210850024324875e-01	1.320769198403336786e-01
-1.380000000000000000e+02	8.451997405046102196e-02	1.440785268189282708e-01
-1.370000000000000000e+02	6.586753173027418140e-02	1.538732203236039264e-01
-1.360000000000000000e+02	4.604365424030765208e-02	1.612797671012397294e-01
-1.350000000000000000e+02	2.535144353076143262e-02	1.661521324591196114e-01
-1.340000000000000000e+02	4.112988453435504135e-03	1.683824595486047848e-01
-1.330000000000000000e+02	-1.733524887309741830e-02	1.679036363108605545e-01
-1.320000000000000000e+02	-3.864779803418687265e-02	1.646913012537009613e-01
-1.310000000000000000e+02	-5.947563443286402185e-02	1.587650949982024329e-01
-1.300000000000000000e+02	-7.947149137058261148e-02	1.501893599541063717e-01
-1.290000000000000000e+02	-9.829576750033867938e-02	1.390732583490097984e-01
-1.280000000000000000e+02	-1.156222832742107576e-01	1.255697220166505923e-01
-1.270000000000000000e+02	-1.311437016824917867e-01	1.098739257727765622e-01
-1.260000000000000000e+02	-1.445774255944515252e-01	9.222131665922689292e-02
-1.250000000000000000e+02	-1.556708031573864337e-01	7.288452375641261971e-02
-1.240000000000000000e+02	-1.642062985782228313e-01	5.216910169263334895e-02
-1.230000000000000000e+02	-1.700055592204401389e-01	3.040970444487758537e-02
-1.220000000000000000e+02	-1.729334570320781306e-01	7.965280008953093405e-03
-1.210000000000000000e+02	-1.729015908611464536e-01	-1.478662493467974848e-02
-1.200000000000000000e+02	-1.698705692275304102e-01	-3.745544045597894167e-02
-1.190000000000000000e+02	-1.638528996548882510e-01	-5.964504113054425183e-02
-1.180000000000000000e+02	-1.549141442778935729e-01	-8.096023936751933769e-02
-1.170000000000000000e+02	-1.431717916301775972e-01	-1.010132207501280577e-01
-1.160000000000000000e+02	-1.287953443845077650e-01	-1.194306042488553349e-01
-1.150000000000000000e+02	-1.120044473240324606e-01	-1.358607866173034417e-01
-1.140000000000000000e+02	-9.306620042986651908e-02	-1.499802034062532041e-01
-1.130000000000000000e+02	-7.229227431179569008e-02	-1.615002950283457306e-01
-1.120000000000000000e+02	-5.003447407298534932e-02	-1.701743239150293741e-01
-1.110000000000000000e+02	-2.667882419775179093e-02	-1.758019283761364793e-01
-1.100000000000000000e+02	-2.639625828264479182e-03	-1.782345147240345928e-01
-1.090000000000000000e+02	2.164718741816542766e-02	-1.773793982309973261e-01
-1.080000000000000000e+02	4.573157183059346070e-02	-1.732031534286169738e-01
-1.070000000000000000e+02	6.915751759476032601e-02	-1.657339005844319368e-01
-1.060000000000000000e+02	9.147074445610833826e-02	-1.550623064081533831e-01
-1.050000000000000000e+02	1.122284641893151053e-01	-1.413430676628057159e-01
-1.040000000000000000e+02	1.310077582315680722e-01	-1.247924921327640962e-01
-1.030000000000000000e+02	1.474142271644744429e-01	-1.056864602991333113e-01
-1.020000000000000000e+02	1.610906706655233778e-01	-8.435686251084853482e-02
-1.010000000000000000e+02	1.717254411356358146e-01	-6.118697325445612845e-02
-1.000000000000000000e+02	1.790590470110289545e-01	-3.660511806756684000e-02
-9.900000000000000000e+01	1.828914069334702241e-01	-1.107802422145436408e-02
-9.800000000000000000e+01	1.830881068176296589e-01	1.489735081726491564e-02
-9.700000000000000000e+01	1.795853372869836984e-01	4.080293920753825382e-02
-9.600000000000000000e+01	1.723925122054666970e-01	6.610934182587645258e-02
-9.500000000000000000e+01	1.615953433474190681e-01	9.028633302809679906e-02
-9.400000000000000000e+01	1.473564470182322506e-01	1.128138364913722075e-01
-9.300000000000000000e+01	1.299151478371450563e-01	1.331925266348324699e-01
-9.200000000000000000e+01	1.095829336586901792e-01	1.509574062953865647e-01
-9.100000000000000000e+01	8.674108445240473475e-02	1.656861679187469072e-01
-9.000000000000000000e+01	6.183445104316032809e-02	1.770105527206528861e-01
-8.900000000000000000e+01	3.536437551650374600e-02	1.846268413232177996e-01
-8.800000000000000000e+01	7.878942970616918326e-03	1.883029857348122171e-01
-8.700000000000000000e+01	-2.003719519890193035e-02	1.878866232009694104e-01
-8.600000000000000000e+01	-4.777342544953400161e-02	1.833131940388865455e-01
-8.500000000000000000e+01	-7.470671042783835758e-02	1.746093962200739869e-01
-8.400000000000000000e+01	-1.002147343204072977e-01	1.618961880139088150e-01
-8.300000000000000000e+01	-1.236922332372015765e-01	1.453882377557214056e-01
-8.200000000000000000e+01	-1.445625860802032259e-01	1.253937297874226364e-01
-8.100000000000000000e+01	-1.622936523149999533e-01	1.023096494176090887e-01
-8.000000000000000000e+01	-1.764121267729006348e-01	7.661631231722874913e-02
-7.900000000000000000e+01	-1.865158990595361943e-01	4.886926966913241605e-02
-7.800000000000000000e+01	-1.922865422862632678e-01	1.968925796833537883e-02
-7.700000000000000000e+01	-1.934999540222399894e-01	-1.024989811078975965e-02
-7.600000000000000000e+01	-1.900361966674756209e-01	-4.023735906480484237e-02
-7.500000000000000000e+01	-1.818880032547580128e-01	-6.953934954806280377e-02
-7.400000000000000000e+01	-1.691624682963858151e-01	-9.741703869845233510e-02
-7.300000000000000000e+01	-1.520841465816863136e-01	-1.231445344759271587e-01
-7.200000000000000000e+01	-1.309928890864704432e-01	-1.460258180480487333e-01
-7.100000000000000000e+01	-1.063459449774403764e-01	-1.654189014723250195e-01
-7.000000000000000000e+01	-7.870275504671406241e-02	-1.807514766623510571e-01
-6.900000000000000000e+01	-4.871911202548270120e-02	-1.915375599051682420e-01
-6.800000000000000000e+01	-1.713386590540114107e-02	-1.973947463309837502e-01
-6.700000000000000000e+01	1.524844573399010937e-02	-1.980590448532884573e-01
-6.600000000000000000e+01	4.757442505516523007e-02	-1.933957909544840037e-01
-6.500000000000000000e+01	7.896341458070416097e-02	-1.834124645505927631e-01
-6.400000000000000000e+01	1.085305734346130174e-01	-1.682615526543071727e-01
-6.300000000000000000e+01	1.354105992103594447e-01	-1.482438166002683078e-01
-6.200000000000000000e+01	1.587827430476022317e-01	-1.238073322273402221e-01
-6.100000000000000000e+01	1.778962840207657659e-01	-9.554312133339053215e-02
-6.000000000000000000e+01	1.920964309866201314e-01	-6.417202683763746640e-02
-5.900000000000000000e+01	2.008470554164044630e-01	-3.053136204274971635e-02
-5.800000000000000000e+01	2.037509837890550402e-01	4.442936894064124578e-03
-5.700000000000000000e+01	2.005686671530569343e-01	3.973882217357593838e-02
-5.600000000000000000e+01	1.912358697077426450e-01	7.429308069265844194e-02
-5.500000000000000000e+01	1.758730280676216728e-01	1.070256546105237544e-01
-5.400000000000000000e+01	1.547927911905675746e-01	1.368672362417291122e-01
-5.300000000000000000e+01	1.284998635003123391e-01	1.627931548602953027e-01
-5.200000000000000000e+01	9.768807180701345738e-02	1.838600937688260051e-01
-5.100000000000000000e+01	6.322380459976004174e-02	1.992433982539750514e-01
-5.000000000000000000e+01	2.613304309614073936e-02	2.082656221194760515e-01
-4.900000000000000000e+01	-1.242136040138734111e-02	2.104286717242601912e-01
-4.800000000000000000e+01	-5.117672695473471367e-02	2.054449311086790075e-01
-4.700000000000000000e+01	-8.880443539661961316e-02	1.932573549879761377e-01
-4.600000000000000000e+01	-1.239479181903992699e-01	1.740554333579540369e-01
-4.500000000000000000e+01	-1.552686157032725500e-01	1.482897251529363136e-01
-4.400000000000000000e+01	-1.815005793940287493e-01	1.166698890200167371e-01
-4.300000000000000000e+01	-2.015009132728055874e-01	8.015271508177518323e-02
-4.200000000000000000e+01	-2.142947091560059303e-01	3.993132830218496659e-02
-4.100000000000000000e+01	-2.191259468140246969e-01	-2.592458755653215957e-03
-4.000000000000000000e+01	-2.155096758653619327e-01	-4.584655467703946385e-02
-3.900000000000000000e+01	-2.032655758837762228e-01	-8.815324875605615174e-02
-3.800000000000000000e+01	-1.825470346342085715e-01	-1.277680348282912437e-01
-3.700000000000000000e+01	-1.538642698670910913e-01	-1.629516201245990448e-01
-3.600000000000000000e+01	-1.181010259785956473e-01	-1.920380824805655862e-01
-3.500000000000000000e+01	-7.648552195338161053e-02	-2.135270096778716653e-01
-3.400000000000000000e+01	-3.058368280403534270e-02	-2.261554064311959156e-01
-3.300000000000000000e+01	1.774408108200621961e-02	-2.289689139676845675e-01
-3.200000000000000000e+01	6.640212666917609530e-02	-2.213946978028595580e-01
-3.100000000000000000e+01	1.131267400873548767e-01	-2.033095946672844323e-01
-3.000000000000000000e+01	1.555938568238699471e-01	-1.750887711252094303e-01
-2.900000000000000000e+01	1.915424903857029792e-01	-1.376099341021706501e-01
-2.800000000000000000e+01	2.188517524782402635e-01	-9.228398119332069383e-02
-2.700000000000000000e+01	2.356808426368016685e-01	-4.103122668966455860e-02
-2.600000000000000000e+01	2.405964431250249003e-01	1.376551757628914109e-02
-2.500000000000000000e+01	2.327097285642769353e-01	6.929154080543648009e-02
-2.400000000000000000e+01	2.117720029764820489e-01	1.225712091329234921e-01
-2.300000000000000000e+01	1.782274799168044321e-01	1.704723180229867074e-01
-2.200000000000000000e+01	1.332863775889406577e-01	2.098807200082173641e-01
-2.100000000000000000e+01	7.896658879684471943e-02	2.379147191389872629e-01
-2.000000000000000000e+01	1.805966054795386452e-02	2.521341702537437390e-01
-1.900000000000000000e+01	-4.596885657993926566e-02	2.507549915189067891e-01
-1.800000000000000000e+01	-1.090375133586168610e-01	2.328873360287233296e-01
-1.700000000000000000e+01	-1.668305736405546746e-01	1.986950308985742930e-01
-1.600000000000000000e+01	-2.149371011906878459e-01	1.494343874438956166e-01
-1.500000000000000000e+01	-2.491824724228093868e-01	8.762943980850973480e-02
-1.400000000000000000e+01	-2.659779394161545518e-01	1.703633694000115939e-02
-1.300000000000000000e+01	-2.627038843298294402e-01	-5.746116967508602819e-02
-1.200000000000000000e+01	-2.381099720353915261e-01	-1.300891481195809996e-01
-1.100000000000000000e+01	-1.926328014812874745e-01	-1.945632236179195840e-01
-1.000000000000000000e+01	-1.285754300007410922e-01	-2.444708339104829375e-01
-9.000000000000000000e+00	-5.032306382416983775e-02	-2.740070571443653513e-01
-8.000000000000000000e+00	3.572660825442684762e-02	-2.785963950190581406e-01
-7.000000000000000000e+00	1.215024369009305438e-01	-2.556574680310656489e-01
-6.000000000000000000e+00	1.979165169109176059e-01	-2.052810557243839318e-01
-5.000000000000000000e+00	2.556558754470464323e-01	-1.306500888259028159e-01
-4.000000000000000000e+00	2.862746674641843403e-01	-3.832853022877680260e-02
-3.000000000000000000e+00	2.836117518874560761e-01	6.185925998560223849e-02
-2.000000000000000000e+00	2.451543859176984197e-01	1.576367759365821519e-01
-1.000000000000000000e+00	1.729640066113224683e-01	2.355615315867019277e-01
0.000000000000000000e+00	7.455578827063279179e-02	2.828838174416018481e-01
1.000000000000000000e+00	-3.730309908580450862e-02	2.899110070637521686e-01
2.000000000000000000e+00	-1.458146847150446068e-01	2.523291945857381036e-01
3.000000000000000000e+00	-2.324275214654122623e-01	1.730914598694742179e-01
4.000000000000000000e+00	-2.802449937583115780e-01	6.340380586309639355e-02
5.000000000000000000e+00	-2.779258771303642628e-01	-5.814218269314797016e-02
6.000000000000000000e+00	-2.231943781853617526e-01	-1.683297582534097891e-01
7.000000000000000000e+00	-1.250195980541522200e-01	-2.439512724020840018e-01
8.000000000000000000e+00	-3.076846295080121630e-03	-2.676018810994612585e-01
9.000000000000000000e+00	1.157719487024480437e-01	-2.329157013640520968e-01
1.000000000000000000e+01	2.038809249006471591e-01	-1.475153241296872086e-01
1.100000000000000000e+01	2.402495508581207750e-01	-3.221611785629857616e-02
1.200000000000000000e+01	2.168158723360897044e-01	8.386849801373806590e-02
1.300000000000000000e+01	1.414218733965844910e-01	1.711700520755039534e-01
1.400000000000000000e+01	3.597929261184019956e-02	2.081433804718226810e-01
1.500000000000000000e+01	-6.971909480466841058e-02	1.876560807566081956e-01
1.600000000000000000e+01	-1.468338183661082597e-01	1.190623769119465436e-01
1.700000000000000000e+01	-1.761111612857941822e-01	2.507428781922878269e-02
1.800000000000000000e+01	-1.534122517246336859e-01	-6.557398249201869256e-02
1.900000000000000000e+01	-9.022185282913562643e-02	-1.272631930626715591e-01
2.000000000000000000e+01	-9.051290217360435236e-03	-1.451908721303547534e-01
2.100000000000000000e+01	6.441708894933874385e-02	-1.190434889773359095e-01
2.200000000000000000e+01	1.095515583677826726e-01	-6.172299813750421749e-02
2.300000000000000000e+01	1.165339507543815545e-01	6.027760465466504812e-03
2.400000000000000000e+01	8.812540319847697590e-02	6.279066611296281464e-02
2.500000000000000000e+01	3.739665066007383937e-02	9.304687535313428681e-02
2.600000000000000000e+01	-1.746446830735169306e-02	9.123763375702313716e-02
2.700000000000000000e+01	-5.935196260821572894e-02	6.222784494609418654e-02
2.800000000000000000e+01	-7.735005497344787928e-02	1.855320222421886003e-02
2.900000000000000000e+01	-6.932336750020226535e-02	-2.444666771355068213e-02
3.000000000000000000e+01	-4.141841827456871350e-02	-5.375776447929503377e-02
3.100000000000000000e+01	-5.000718354698674428e-03	-6.239948074793476990e-02
3.200000000000000000e+01	2.756911651244318973e-02	-5.071164369997059607e-02
3.300000000000000000e+01	4.686951763107813362e-02	-2.520518524742572028e-02
3.400000000000000000e+01	4.888991108644300670e-02	4.291681080771121010e-03
3.500000000000000000e+01	3.550904005010255965e-02	2.811326356836407053e-02
3.600000000000000000e+01	1.310197366743192510e-02	3.971901222985363411e-02
3.700000000000000000e+01	-1.006459395978124421e-02	3.731399161856976260e-02
3.800000000000000000e+01	-2.668312383727306988e-02	2.369574393059800319e-02
3.900000000000000000e+01	-3.258500280920697406e-02	4.794124749870759539e-03
4.000000000000000000e+01	-2.757011894241074429e-02	-1.275392994950098023e-02
4.100000000000000000e+01	-1.481763788070043428e-02	-2.373455781737554213e-02
4.200000000000000000e+01	5.741293584969129737e-04	-2.571991160787133468e-02
4.300000000000000000e+01	1.343951250974759030e-02	-1.945302716720171202e-02
4.400000000000000000e+01	2.017503525699505806e-02	-8.100154848618593834e-03
4.500000000000000000e+01	1.959186082893865991e-02	4.060507362362126942e-03
4.600000000000000000e+01	1.297772912658313842e-02	1.312709389631140991e-02
4.700000000000000000e+01	3.284323803936745750e-03	1.674268538570212322e-02
4.800000000000000000e+01	-6.006224556843017121e-03	1.460441121467613915e-02
4.900000000000000000e+01	-1.207122184039484403e-02	8.251700934680859453e-03
5.000000000000000000e+01	-1.350660040988174888e-02	2.904484509187283086e-04
5.100000000000000000e+01	-1.058440005767729078e-02	-6.562021208270734339e-03
5.200000000000000000e+01	-4.865806636799612471e-03	-1.036297988282734381e-02
5.300000000000000000e+01	1.465724032604580340e-03	-1.038169026505532042e-02
5.400000000000000000e+01	6.349632946929826237e-03	-7.187700987867382506e-03
5.500000000000000000e+01	8.492361696732017920e-03	-2.253436853545425899e-03
5.600000000000000000e+01	7.634911816251552762e-03	2.631239954658058829e-03
5.700000000000000000e+01	4.498232500116237063e-03	5.952636996563510398e-03
5.800000000000000000e+01	4.037840694165856204e-04	6.921960629959793103e-03
5.900000000000000000e+01	-3.237312700988095697e-03	5.592665884120183450e-03
6.000000000000000000e+01	-5.362810143455944145e-03	2.724685403979255991e-03
6.100000000000000000e+01	-5.560361413893822637e-03	-5.579326440964003713e-04
6.200000000000000000e+01	-4.045564843245763771e-03	-3.187855195514945669e-03
6.300000000000000000e+01	-1.544380927172637856e-03	-4.446841177718099773e-03
6.400000000000000000e+01	1.024220549021060116e-03	-4.157484542558078679e-03
6.500000000000000000e+01	2.865409568059988990e-03	-2.631591424464389383e-03
6.600000000000000000e+01	3.500356618661847052e-03	-5.121971908062466052e-04
6.700000000000000000e+01	2.908094546948684651e-03	1.440792811984718596e-03
6.800000000000000000e+01	1.465868148751515608e-03	2.649726719665687971e-03
6.900000000000000000e+01	-2.608376437425660179e-04	2.838382134356096098e-03
7.000000000000000000e+01	-1.682095069284039648e-03	2.106874382894092200e-03
7.100000000000000000e+01	-2.414424350614744353e-03	8.290400833242182570e-04
7.200000000000000000e+01	-2.329862888403323815e-03	-5.298217662750668178e-04
7.300000000000000000e+01	-1.563882795516497674e-03	-1.526663383890277574e-03
7.400000000000000000e+01	-4.715918349529880883e-04	-1.903226595067837937e-03
7.500000000000000000e+01	5.563015130655990514e-04	-1.639127935775200589e-03
7.600000000000000000e+01	1.212660464185675961e-03	-9.195698303383075152e-04
7.700000000000000000e+01	1.361271508101061494e-03	-3.502915988862869003e-05
7.800000000000000000e+01	1.020079052825845602e-03	7.195939575554514142e-04
7.900000000000000000e+01	3.765864843162607502e-04	1.126585221021965096e-03
8.000000000000000000e+01	-3.236173958017864215e-04	1.115221519328317770e-03
8.100000000000000000e+01	-8.517116860437615178e-04	7.482830015231457365e-04
8.200000000000000000e+01	-1.073351402539406054e-03	2.019202381925185431e-04
8.300000000000000000e+01	-9.792295284099525928e-04	-3.329981786909277084e-04
8.400000000000000000e+01	-6.287803465002543861e-04	-6.947430889335368034e-04
8.500000000000000000e+01	-1.751232150497738973e-04	-7.945099493423258804e-04
8.600000000000000000e+01	2.266930163304267361e-04	-6.493796731424598002e-04
8.700000000000000000e+01	4.668047342575442227e-04	-3.319680813304245223e-04
8.800000000000000000e+01	4.812475093124047730e-04	3.944097639971949463e-05
8.900000000000000000e+01	3.086220839902830857e-04	3.347950680484703236e-04
9.000000000000000000e+01	2.301826983503229765e-05	4.700656494897311822e-04
9.100000000000000000e+01	-2.621841304776910387e-04	4.262549569247927575e-04
9.200000000000000000e+01	-4.554934034903433617e-04	2.485493186355952665e-04
9.300000000000000000e+01	-5.227999580075258544e-04	1.616179477283823321e-05
9.400000000000000000e+01	-4.558001721526081613e-04	-1.974634631055087377e-04
9.500000000000000000e+01	-2.941070006847743348e-04	-3.265533958692201514e-04
9.600000000000000000e+01	-1.041715793694322339e-04	-3.437233430383857175e-04
9.700000000000000000e+01	5.053720284025242144e-05	-2.605053170884374437e-04
9.800000000000000000e+01	1.278305472115503247e-04	-1.189681155772191176e-04
9.900000000000000000e+01	1.153984487754289637e-04	2.952758052009736269e-05
1.000000000000000000e+02	3.060435624772910458e-05	1.382494229407375916e-04
1.010000000000000000e+02	-8.875018883924078281e-05	1.753263221130111856e-04
1.020000000000000000e+02	-2.015624410634636848e-04	1.464791567700766343e-04
1.030000000000000000e+02	-2.731463424889937525e-04	6.654606598638200402e-05
1.040000000000000000e+02	-2.868409225152992429e-04	-3.152471404803817073e-05
1.050000000000000000e+02	-2.483313741657934733e-04	-1.143454876093752442e-04
1.060000000000000000e+02	-1.762555116346531273e-04	-1.583526151266135770e-04
1.070000000000000000e+02	-9.840394142576885657e-05	-1.559225399470380244e-04
