# # Time 	 h_plus 	 h_cross 
# 
-4.090000000000000000e+02	-1.089226402192581267e-01	-6.229610958235679008e-02
-4.080000000000000000e+02	-1.039058097182630480e-01	-7.045212458805397149e-02
-4.070000000000000000e+02	-9.827433032171108140e-02	-7.821121015088457196e-02
-4.060000000000000000e+02	-9.205911048150532128e-02	-8.552675085124028520e-02
-4.050000000000000000e+02	-8.529461504480974343e-02	-9.235450077339130148e-02
-4.040000000000000000e+02	-7.801868658038170479e-02	-9.865285624236391770e-02
-4.030000000000000000e+02	-7.027234570347760945e-02	-1.043831153369908504e-01
-4.020000000000000000e+02	-6.209957135646593934e-02	-1.095097225577746497e-01
-4.010000000000000000e+02	-5.354706212751353389e-02	-1.140004970955852126e-01
-4.000000000000000000e+02	-4.466397981042618398e-02	-1.178268432242080832e-01
-3.990000000000000000e+02	-3.550167496317099131e-02	-1.209639361075984798e-01
-3.980000000000000000e+02	-2.611299302162915087e-02	-1.233892465932273641e-01
-3.970000000000000000e+02	-1.655206655790021630e-02	-1.250878098812472083e-01
-3.960000000000000000e+02	-6.876540216690294610e-03	-1.260467275901841488e-01
-3.950000000000000000e+02	2.856431591477017525e-03	-1.262578599952832170e-01
-3.940000000000000000e+02	1.258908014113628571e-02	-1.257174787170471930e-01
-3.930000000000000000e+02	2.226336233939431308e-02	-1.244263159452586587e-01
-3.920000000000000000e+02	3.182130481643694747e-02	-1.223895875257235422e-01
-3.910000000000000000e+02	4.120535015600231693e-02	-1.196169895492192325e-01
-3.900000000000000000e+02	5.035870323081047262e-02	-1.161226682349575656e-01
-3.890000000000000000e+02	5.922567558760800238e-02	-1.119251630565516187e-01
-3.880000000000000000e+02	6.775202581802683421e-02	-1.070473232161045646e-01
-3.870000000000000000e+02	7.588529385496632640e-02	-1.015161977307607044e-01
-3.860000000000000000e+02	8.357512714990476821e-02	-9.536289955493917891e-02
-3.850000000000000000e+02	9.077359671447005063e-02	-8.862244431956525781e-02
-3.840000000000000000e+02	9.743628261990507078e-02	-8.133262811600218412e-02
-3.830000000000000000e+02	1.035201456853846319e-01	-7.353640239537033441e-02
-3.820000000000000000e+02	1.089861546607030635e-01	-6.527944834139795538e-02
-3.810000000000000000e+02	1.137989452674797453e-01	-5.661036783159912461e-02
-3.800000000000000000e+02	1.179277346118866310e-01	-4.758082961443389769e-02
-3.790000000000000000e+02	1.213442040981667219e-01	-3.824419318774179011e-02
-3.780000000000000000e+02	1.240249487638049042e-01	-2.865640277587006013e-02
-3.770000000000000000e+02	1.259509712520557045e-01	-1.887523999956541160e-02
-3.760000000000000000e+02	1.271078011987942236e-01	-8.959968641853732069e-03
-3.750000000000000000e+02	1.274856144305391570e-01	1.029019344399440764e-03
-3.740000000000000000e+02	1.270793245310338770e-01	1.103056767670367727e-02
-3.730000000000000000e+02	1.258886459449021500e-01	2.098312727826425958e-02
-3.720000000000000000e+02	1.239181279541928804e-01	3.082513328457494456e-02
-3.710000000000000000e+02	1.211771590370979979e-01	4.049538523890958835e-02
-3.700000000000000000e+02	1.176799684144808206e-01	4.993336424027253889e-02
-3.690000000000000000e+02	1.134455492691290729e-01	5.907971230617244801e-02
-3.680000000000000000e+02	1.084979238170044741e-01	6.787698695428584506e-02
-3.670000000000000000e+02	1.028654357651155316e-01	7.626950548129787788e-02
-3.660000000000000000e+02	9.657987378086103913e-02	8.420309467480756316e-02
-3.650000000000000000e+02	8.967802633285387737e-02	9.162653500066660073e-02
-3.640000000000000000e+02	8.220073638761771218e-02	9.849151088336369209e-02
-3.630000000000000000e+02	7.419267571696151753e-02	1.047529349363446605e-01
-3.620000000000000000e+02	6.570209300552724840e-02	1.103692549460423694e-01
-3.610000000000000000e+02	5.678053705042090255e-02	1.153027414711124549e-01
-3.600000000000000000e+02	4.748255652086998818e-02	1.195197540127882208e-01
-3.590000000000000000e+02	3.786537791543798798e-02	1.229909838211453998e-01
-3.580000000000000000e+02	2.798856351585421107e-02	1.256916715252537065e-01
-3.570000000000000000e+02	1.791492236621745893e-02	1.276016359509725695e-01
-3.560000000000000000e+02	7.706702297978874384e-03	1.287063019613844950e-01
-3.550000000000000000e+02	-2.572231498256825465e-03	1.289954833067063211e-01
-3.540000000000000000e+02	-1.285681060811638167e-02	1.284642051711545607e-01
-3.530000000000000000e+02	-2.308156131596491092e-02	1.271126787110867795e-01
-3.520000000000000000e+02	-3.318101735072554598e-02	1.249463392996558314e-01
-3.510000000000000000e+02	-4.309013659780876193e-02	1.219758519884531350e-01
-3.500000000000000000e+02	-5.274471918148487121e-02	1.182170837595021839e-01
-3.490000000000000000e+02	-6.208182427618504778e-02	1.136910423454663699e-01
-3.480000000000000000e+02	-7.104018297531937420e-02	1.084237816052720099e-01
-3.470000000000000000e+02	-7.956060453265433041e-02	1.024462736553885256e-01
-3.460000000000000000e+02	-8.758637329489793455e-02	9.579424817227928657e-02
-3.450000000000000000e+02	-9.506363366474053500e-02	8.850799949790788546e-02
-3.440000000000000000e+02	-1.019417604717374748e-01	8.063216239615104974e-02
-3.430000000000000000e+02	-1.081732617579261729e-01	7.221613222451447878e-02
-3.420000000000000000e+02	-1.137151095395681905e-01	6.331266189100194508e-02
-3.410000000000000000e+02	-1.185290363473323616e-01	5.397694836688219505e-02
-3.400000000000000000e+02	-1.225806834696377134e-01	4.426808121050249817e-02
-3.390000000000000000e+02	-1.258404503657225004e-01	3.424793872677334150e-02
-3.380000000000000000e+02	-1.282837259079661618e-01	2.398080846517710793e-02
-3.370000000000000000e+02	-1.298910897130784170e-01	1.353298815309551123e-02
-3.360000000000000000e+02	-1.306484818782313873e-01	2.972369386298772363e-03
-3.350000000000000000e+02	-1.305473396148492116e-01	-7.631993454937315360e-03
-3.340000000000000000e+02	-1.295846994622033843e-01	-1.821032646188053966e-02
-3.330000000000000000e+02	-1.277632639643882517e-01	-2.869258890373906773e-02
-3.320000000000000000e+02	-1.250884690527302723e-01	-3.900800861206171061e-02
-3.310000000000000000e+02	-1.215772464603486341e-01	-4.908772405197840000e-02
-3.300000000000000000e+02	-1.172499394787134552e-01	-5.886387649165426839e-02
-3.290000000000000000e+02	-1.121319217965402043e-01	-6.827009299615077742e-02
-3.280000000000000000e+02	-1.062539864212698609e-01	-7.724205427850790173e-02
-3.270000000000000000e+02	-9.965201936520289017e-02	-8.571813117240609237e-02
-3.260000000000000000e+02	-9.236711495895134905e-02	-9.363936235413732045e-02
-3.250000000000000000e+02	-8.444537338077526267e-02	-1.009499992243448746e-01
-3.240000000000000000e+02	-7.593732300223846043e-02	-1.075982312966482363e-01
-3.230000000000000000e+02	-6.689775685490319257e-02	-1.135363758309652499e-01
-3.220000000000000000e+02	-5.738540017053971043e-02	-1.187212326719020300e-01
-3.210000000000000000e+02	-4.746254812678342427e-02	-1.231144127517154324e-01
-3.200000000000000000e+02	-3.719467584176147645e-02	-1.266826377390996294e-01
-3.190000000000000000e+02	-2.665002287495664771e-02	-1.293980084694141830e-01
-3.180000000000000000e+02	-1.589915469404308557e-02	-1.312382399644903275e-01
-3.170000000000000000e+02	-5.014498626190841413e-03	-1.321867257818069574e-01
-3.160000000000000000e+02	5.930032885760223860e-03	-1.322317248576664606e-01
-3.150000000000000000e+02	1.685955260500356795e-02	-1.313702560110417972e-01
-3.140000000000000000e+02	2.769895392294567660e-02	-1.296041690894394471e-01
-3.130000000000000000e+02	3.837468142369806351e-02	-1.269411056025764040e-01
-3.120000000000000000e+02	4.881122900069936876e-02	-1.233954214114596354e-01
-3.110000000000000000e+02	5.893494437534523706e-02	-1.189877139707277709e-01
-3.100000000000000000e+02	6.867424649467500364e-02	-1.137446062101168109e-01
-3.090000000000000000e+02	7.795974895132207205e-02	-1.076986970628823898e-01
-3.080000000000000000e+02	8.672476130770943870e-02	-1.008883862060398623e-01
-3.070000000000000000e+02	9.490577691385086723e-02	-9.335765658542785617e-02
-3.060000000000000000e+02	1.024429436556286016e-01	-8.515581572094761686e-02
-3.050000000000000000e+02	1.092805141392532431e-01	-7.633719708826786077e-02
-3.040000000000000000e+02	1.153672719118723350e-01	-6.696082316988943850e-02
-3.030000000000000000e+02	1.206569304376717278e-01	-5.709003205869371544e-02
-3.020000000000000000e+02	1.251085016930356675e-01	-4.679206977865438960e-02
-3.010000000000000000e+02	1.286866314126256239e-01	-3.613765075845073310e-02
-3.000000000000000000e+02	1.313618982100818733e-01	-2.520048915191025127e-02
-2.990000000000000000e+02	1.331111584047527108e-01	-1.405628261316410783e-02
-2.980000000000000000e+02	1.339197473544606887e-01	-2.783492019536108232e-03
-2.970000000000000000e+02	1.337749322442504663e-01	8.538280098815265520e-03
-2.960000000000000000e+02	1.326731269655270218e-01	1.982839503289724609e-02
-2.950000000000000000e+02	1.306175718500549310e-01	3.100586593238946129e-02
-2.940000000000000000e+02	1.276183747197204288e-01	4.198993638065746936e-02
-2.930000000000000000e+02	1.236925028526833226e-01	5.270066409215791448e-02
-2.920000000000000000e+02	1.188637252353058754e-01	6.305950556745018587e-02
-2.910000000000000000e+02	1.131625048222188179e-01	7.298989746602127515e-02
-2.900000000000000000e+02	1.066258408884751818e-01	8.241783041190299530e-02
-2.890000000000000000e+02	9.929706192545127708e-02	9.127241093260766991e-02
-2.880000000000000000e+02	9.122556990338229199e-02	9.948640724898072385e-02
-2.870000000000000000e+02	8.246661637460586669e-02	1.069967135791809465e-01
-2.860000000000000000e+02	7.308129578526370573e-02	1.137446818798192455e-01
-2.850000000000000000e+02	6.313466731857443615e-02	1.196776094677962504e-01
-2.840000000000000000e+02	5.269746391484056436e-02	1.247492605948467420e-01
-2.830000000000000000e+02	4.184332382843596043e-02	1.289172862716137513e-01
-2.820000000000000000e+02	3.064985191676379561e-02	1.321458452981894016e-01
-2.810000000000000000e+02	1.919801026624080517e-02	1.344062642749373204e-01
-2.800000000000000000e+02	7.571287442461330057e-03	1.356768197370714635e-01
-2.790000000000000000e+02	-4.144895695565880070e-03	1.359429701404987201e-01
-2.780000000000000000e+02	-1.586380225476117720e-02	1.351975372936638220e-01
-2.770000000000000000e+02	-2.749801336764385803e-02	1.334408350776934982e-01
-2.760000000000000000e+02	-3.895988955846232255e-02	1.306807991091343268e-01
-2.750000000000000000e+02	-5.016162934977668603e-02	1.269333313695820975e-01
-2.740000000000000000e+02	-6.101900038512549085e-02	1.222211488694904674e-01
-2.730000000000000000e+02	-7.144847241977149432e-02	1.165746458476447506e-01
-2.720000000000000000e+02	-8.136908997423052126e-02	1.100314900607734098e-01
-2.710000000000000000e+02	-9.070310912384410562e-02	1.026364148912153190e-01
-2.700000000000000000e+02	-9.937661855683103951e-02	9.444095545246161683e-02
-2.690000000000000000e+02	-1.073198797330985055e-01	8.550292243840997009e-02
-2.680000000000000000e+02	-1.144684558138717168e-01	7.588657125903683354e-02
-2.670000000000000000e+02	-1.207636513839696613e-01	6.566190833392353265e-02
-2.660000000000000000e+02	-1.261526454326743207e-01	5.490396534688992553e-02
-2.650000000000000000e+02	-1.305891499146197565e-01	4.369246024096502812e-02
-2.640000000000000000e+02	-1.340336803712265101e-01	3.211187765543716682e-02
-2.630000000000000000e+02	-1.364544709443153148e-01	2.024921624347305119e-02
-2.620000000000000000e+02	-1.378272745524785070e-01	8.194403807443137802e-03
-2.610000000000000000e+02	-1.381356712707133561e-01	-3.960155370368491877e-03
-2.600000000000000000e+02	-1.373713679679414157e-01	-1.612053058258683044e-02
-2.590000000000000000e+02	-1.355343513461584881e-01	-2.819197672531491630e-02
-2.580000000000000000e+02	-1.326329789568632678e-01	-4.007966250445196832e-02
-2.570000000000000000e+02	-1.286831595150894070e-01	-5.168906927597956280e-02
-2.560000000000000000e+02	-1.237102254182577687e-01	-6.292725403146712249e-02
-2.550000000000000000e+02	-1.177484807371409481e-01	-7.370391175023018049e-02
-2.540000000000000000e+02	-1.108394598156715316e-01	-8.393139138993550852e-02
-2.530000000000000000e+02	-1.030325189490985116e-01	-9.352566846037808912e-02
-2.520000000000000000e+02	-9.438420408381559268e-02	-1.024073473571877196e-01
-2.510000000000000000e+02	-8.495828048010679867e-02	-1.105017823855591746e-01
-2.500000000000000000e+02	-7.482596912315371551e-02	-1.177394124878598514e-01
-2.490000000000000000e+02	-6.406428879659623044e-02	-1.240574344914096155e-01
-2.480000000000000000e+02	-5.275594561985057218e-02	-1.293998916482242134e-01
-2.470000000000000000e+02	-4.098872511975194810e-02	-1.337181750679811154e-01
-2.460000000000000000e+02	-2.885473760583000258e-02	-1.369709480411475111e-01
-2.450000000000000000e+02	-1.645018773112614033e-02	-1.391262656161418865e-01
-2.440000000000000000e+02	-3.874070344881567606e-03	-1.401602804681003622e-01
-2.430000000000000000e+02	8.772387525682890860e-03	-1.400580490555689561e-01
-2.420000000000000000e+02	2.138652434656649476e-02	-1.388137517951515409e-01
-2.410000000000000000e+02	3.386506430861328798e-02	-1.364308421842968799e-01
-2.400000000000000000e+02	4.610495384363379190e-02	-1.329221225081780033e-01
-2.390000000000000000e+02	5.800420789907738406e-02	-1.283097443143415284e-01
-2.380000000000000000e+02	6.946275924246005096e-02	-1.226251324129039033e-01
-2.370000000000000000e+02	8.038489146388141937e-02	-1.159077307671150664e-01
-2.360000000000000000e+02	9.067542874092013316e-02	-1.082075178805422117e-01
-2.350000000000000000e+02	1.002445690042547133e-01	-9.958285072826128514e-02
-2.340000000000000000e+02	1.090081670198537328e-01	-9.010006742453881279e-02
-2.330000000000000000e+02	1.168880736631350142e-01	-7.983326717365439584e-02
-2.320000000000000000e+02	1.238128605844245889e-01	-6.886377783996568136e-02
-2.310000000000000000e+02	1.297184985451627082e-01	-5.727955515052477603e-02
-2.300000000000000000e+02	1.345489829245092306e-01	-4.517451746111338096e-02
-2.290000000000000000e+02	1.382569002183619833e-01	-3.264782063761487163e-02
-2.280000000000000000e+02	1.408039297346470320e-01	-1.980307820042887662e-02
-2.270000000000000000e+02	1.421612751281413067e-01	-6.747532444592694786e-03
-2.260000000000000000e+02	1.423100209127231286e-01	6.408817223138190029e-03
-2.250000000000000000e+02	1.412414096359412563e-01	1.955412200220386573e-02
-2.240000000000000000e+02	1.389570359967371438e-01	3.257562030331819652e-02
-2.230000000000000000e+02	1.354689863695909269e-01	4.536050148655529357e-02
-2.220000000000000000e+02	1.308003918459354764e-01	5.779728350752965510e-02
-2.210000000000000000e+02	1.249873302960116117e-01	6.977837558195144896e-02
-2.200000000000000000e+02	1.180684647620318939e-01	8.119540983917553079e-02
-2.190000000000000000e+02	1.100968587098812290e-01	9.194537702605518059e-02
-2.180000000000000000e+02	1.011352681448094148e-01	1.019301117513770200e-01
-2.170000000000000000e+02	9.125571387385181255e-02	1.110572135762716156e-01
-2.160000000000000000e+02	8.053896545895096459e-02	1.192409318693088416e-01
-2.150000000000000000e+02	6.907393975391303009e-02	1.264030059008816598e-01
-2.140000000000000000e+02	5.695701774489322217e-02	1.324734518607686706e-01
-2.130000000000000000e+02	4.429128422835467566e-02	1.373912887722904819e-01
-2.120000000000000000e+02	3.118569565471535771e-02	1.411051956458700685e-01
-2.110000000000000000e+02	1.775418223220879763e-02	1.435740926631110248e-01
-2.100000000000000000e+02	4.114691116215230329e-03	1.447676397078091204e-01
-2.090000000000000000e+02	-9.611560614813306064e-03	1.446666635135702150e-01
-2.080000000000000000e+02	-2.330016821948002401e-02	1.432637565859291862e-01
-2.070000000000000000e+02	-3.682944814892148006e-02	1.405629705516464878e-01
-2.060000000000000000e+02	-5.007625641728914723e-02	1.365806096998135877e-01
-2.050000000000000000e+02	-6.291834538913661234e-02	1.313431888714271523e-01
-2.040000000000000000e+02	-7.523605571943679793e-02	1.248897500991206500e-01
-2.030000000000000000e+02	-8.691330129828754580e-02	1.172708190744552320e-01
-2.020000000000000000e+02	-9.783867802580870077e-02	1.085480983134475136e-01
-2.010000000000000000e+02	-1.079065485955865850e-01	9.879405276790002854e-02
-2.000000000000000000e+02	-1.170180928297703676e-01	8.809138945496643169e-02
-1.990000000000000000e+02	-1.250820212272692467e-01	7.653291083056711075e-02
-1.980000000000000000e+02	-1.320162170359999443e-01	6.421998441866894058e-02
-1.970000000000000000e+02	-1.377485853268459459e-01	5.126117294760607068e-02
-1.960000000000000000e+02	-1.422170098277973083e-01	3.777279033031317318e-02
-1.950000000000000000e+02	-1.453705235827180697e-01	2.387732798283964328e-02
-1.940000000000000000e+02	-1.471699429390401215e-01	9.702398824017195722e-03
-1.930000000000000000e+02	-1.475842923569453402e-01	-4.620256813761453724e-03
-1.920000000000000000e+02	-1.466033166592895509e-01	-1.895549988520289081e-02
-1.910000000000000000e+02	-1.442264499145191059e-01	-3.316718158154275536e-02
-1.900000000000000000e+02	-1.404661612019186268e-01	-4.711905586849607364e-02
-1.890000000000000000e+02	-1.353482053377041694e-01	-6.067597321168442803e-02
-1.880000000000000000e+02	-1.289116115255778960e-01	-7.370502459099040338e-02
-1.870000000000000000e+02	-1.212084874210786062e-01	-8.607692953626391863e-02
-1.860000000000000000e+02	-1.123037063737241104e-01	-9.766732749147524761e-02
-1.850000000000000000e+02	-1.022744670631272196e-01	-1.083580452037627290e-01
-1.840000000000000000e+02	-9.120972696548286518e-02	-1.180383275651881725e-01
-1.830000000000000000e+02	-7.920951231572399831e-02	-1.266060193598153027e-01
-1.820000000000000000e+02	-6.638410847102037271e-02	-1.339686855119401332e-01
-1.810000000000000000e+02	-5.285313582214865719e-02	-1.400446576955555744e-01
-1.800000000000000000e+02	-3.874451762881031547e-02	-1.447639955523207511e-01
-1.790000000000000000e+02	-2.419334736140045863e-02	-1.480693512759214403e-01
-1.780000000000000000e+02	-9.340664302894850085e-03	-1.499167269543007774e-01
-1.770000000000000000e+02	5.667852712064550685e-03	-1.502761148162272964e-01
-1.760000000000000000e+02	2.068326248052529751e-02	-1.491320114021200405e-01
-1.750000000000000000e+02	3.555472616502782651e-02	-1.464830783307316253e-01
-1.740000000000000000e+02	5.013095964312987846e-02	-1.423431833237557287e-01
-1.730000000000000000e+02	6.426209458170241418e-02	-1.367436288002846223e-01
-1.720000000000000000e+02	7.780089126721938253e-02	-1.297293876009129876e-01
-1.710000000000000000e+02	9.060438740715583139e-02	-1.213603890760430876e-01
-1.700000000000000000e+02	1.025354258133025914e-01	-1.117111410383583026e-01
-1.690000000000000000e+02	1.134641522054488927e-01	-1.008701952007001329e-01
-1.680000000000000000e+02	1.232694671063531283e-01	-8.893945797684629784e-02
-1.670000000000000000e+02	1.318404158418104433e-01	-7.603335015643050698e-02
-1.660000000000000000e+02	1.390775008672265056e-01	-6.227782061279887871e-02
-1.650000000000000000e+02	1.448939010181494180e-01	-4.780922084744045758e-02
-1.640000000000000000e+02	1.492166824162358407e-01	-3.277307067280789410e-02
-1.630000000000000000e+02	1.519891024658586165e-01	-1.732277853979735313e-02
-1.620000000000000000e+02	1.531668627579721720e-01	-1.617377802802792046e-03
-1.610000000000000000e+02	1.527235408602049815e-01	1.417884870720515465e-02
-1.600000000000000000e+02	1.506496092500102524e-01	2.989854079176226809e-02
-1.590000000000000000e+02	1.469528244420351681e-01	4.537299337726606596e-02
-1.580000000000000000e+02	1.416584393974712752e-01	6.043394021568151975e-02
-1.570000000000000000e+02	1.348093197631522744e-01	7.491521375091976520e-02
-1.560000000000000000e+02	1.264655842165927913e-01	8.865502497033374285e-02
-1.550000000000000000e+02	1.167043255794184414e-01	1.014974668869021296e-01
-1.540000000000000000e+02	1.056191305679091003e-01	1.132942605787564255e-01
-1.530000000000000000e+02	9.331931369010848520e-02	1.239065864208486328e-01
-1.520000000000000000e+02	7.992961468553017035e-02	1.332078048170861617e-01
-1.510000000000000000e+02	6.558732258757946076e-02	1.410827494128355231e-01
-1.500000000000000000e+02	5.044218626818521706e-02	1.474299115334613275e-01
-1.490000000000000000e+02	3.465552216128308521e-02	1.521640634984602336e-01
-1.480000000000000000e+02	1.839783773047707835e-02	1.552168969700092604e-01
-1.470000000000000000e+02	1.847308188300860127e-03	1.565379753082295211e-01
-1.460000000000000000e+02	-1.481207315961617296e-02	1.560956341171314266e-01
-1.450000000000000000e+02	-3.139245671804278409e-02	1.538776940417863615e-01
-1.440000000000000000e+02	-4.770418914337000438e-02	1.498919710559975527e-01
-1.430000000000000000e+02	-6.355793611599150350e-02	1.441665724893362310e-01
-1.420000000000000000e+02	-7.876681732437205985e-02	1.367500359528997234e-01
-1.410000000000000000e+02	-9.314901803812246361e-02	1.277113449236152720e-01
-1.400000000000000000e+02	-1.065290170260171920e-01	1.171383121557970086e-01
-1.390000000000000000e+02	-1.187404458838134252e-01	1.051386760755826932e-01
-1.380000000000000000e+02	-1.296283997365309248e-01	9.183816036647703129e-02
-1.370000000000000000e+02	-1.390510342797352528e-01	7.737968631958036525e-02
-1.360000000000000000e+02	-1.468815978005040546e-01	6.192192598405282106e-02
-1.350000000000000000e+02	-1.530100897750861499e-01	4.563809073582754394e-02
-1.340000000000000000e+02	-1.573451024137941801e-01	2.871397461370572141e-02
-1.330000000000000000e+02	-1.598153194109502018e-01	1.134589442791911554e-02
-1.320000000000000000e+02	-1.603707448400516489e-01	-6.261629462084894113e-03
-1.310000000000000000e+02	-1.589836620351658958e-01	-2.389786494506552714e-02
-1.300000000000000000e+02	-1.556491766440989410e-01	-4.134865666323372935e-02
-1.290000000000000000e+02	-1.503864593775057212e-01	-5.839789117773845628e-02
-1.280000000000000000e+02	-1.432390957246527929e-01	-7.483065448980801004e-02
-1.270000000000000000e+02	-1.342745150394333842e-01	-9.043646272339091186e-02
-1.260000000000000000e+02	-1.235831960464396917e-01	-1.050124488345753615e-01
-1.250000000000000000e+02	-1.112787503300641384e-01	-1.183647132100879434e-01
-1.240000000000000000e+02	-9.749595757509198213e-02	-1.303119482830579767e-01
-1.230000000000000000e+02	-8.239051106173725381e-02	-1.406867273868470103e-01
-1.220000000000000000e+02	-6.613901552349386870e-02	-1.493374874964291943e-01
-1.210000000000000000e+02	-4.893578984345633986e-02	-1.561322972671589648e-01
-1.200000000000000000e+02	-3.099255141530280269e-02	-1.609605495419014487e-01
-1.190000000000000000e+02	-1.253327909481784415e-02	-1.637360561851305407e-01
-1.180000000000000000e+02	6.207603001119839370e-03	-1.643967037615562399e-01
-1.170000000000000000e+02	2.498718502401481301e-02	-1.629106026555955655e-01
-1.160000000000000000e+02	4.356102821948142773e-02	-1.592717666742374527e-01
-1.150000000000000000e+02	6.168227134663822192e-02	-1.535021410458456970e-01
-1.140000000000000000e+02	7.910623911189382240e-02	-1.456529190253036954e-01
-1.130000000000000000e+02	9.559230690076674086e-02	-1.357993914760080856e-01
-1.120000000000000000e+02	1.109071833308335475e-01	-1.240465747667318791e-01
-1.110000000000000000e+02	1.248280260308967660e-01	-1.105272557562153868e-01
-1.100000000000000000e+02	1.371457561532045399e-01	-9.540142632840739600e-02
-1.090000000000000000e+02	1.476683772676104511e-01	-7.885492024086514229e-02
-1.080000000000000000e+02	1.562230407957403977e-01	-6.109636175959101689e-02
-1.070000000000000000e+02	1.626665432064014205e-01	-4.235851075092505330e-02
-1.060000000000000000e+02	1.668801354925363301e-01	-2.289047050961721952e-02
-1.050000000000000000e+02	1.687742909212655851e-01	-2.955422875836041362e-03
-1.040000000000000000e+02	1.682902305861481984e-01	1.717121004052903424e-02
-1.030000000000000000e+02	1.654030272941966195e-01	3.720689057206559569e-02
-1.020000000000000000e+02	1.601182030280929869e-01	5.686417748507930497e-02
-1.010000000000000000e+02	1.524760844482712652e-01	7.585392105043151090e-02
-1.000000000000000000e+02	1.425526462012577655e-01	9.389055482282208931e-02
-9.900000000000000000e+01	1.304586305833802806e-01	1.106956095667160772e-01
-9.800000000000000000e+01	1.163395255433945230e-01	1.260027001204003239e-01
-9.700000000000000000e+01	1.003747682412849673e-01	1.395624574609865554e-01
-9.600000000000000000e+01	8.277493743945642246e-02	1.511456268739617970e-01
-9.500000000000000000e+01	6.377911678858681765e-02	1.605480377487104593e-01
-9.400000000000000000e+01	4.365342817237263112e-02	1.675941461091176310e-01
-9.300000000000000000e+01	2.268651922054316580e-02	1.721383626698494429e-01
-9.200000000000000000e+01	1.186284817743892255e-03	1.740708391953336709e-01
-9.100000000000000000e+01	-2.052354451314050698e-02	1.733190912183575350e-01
-9.000000000000000000e+01	-4.210806797812941676e-02	1.698503918530280821e-01
-8.900000000000000000e+01	-6.322585302590393030e-02	1.636737396721738014e-01
-8.800000000000000000e+01	-8.353453286694725866e-02	1.548412941562854195e-01
-8.700000000000000000e+01	-1.026960104746422880e-01	1.434486401648707998e-01
-8.600000000000000000e+01	-1.203816272469032805e-01	1.296352173268715546e-01
-8.500000000000000000e+01	-1.362795530121243548e-01	1.135822095828794426e-01
-8.400000000000000000e+01	-1.500982502025841325e-01	9.551227571118955928e-02
-8.300000000000000000e+01	-1.615720688334870148e-01	7.568666412900125484e-02
-8.200000000000000000e+01	-1.704673054210259775e-01	5.440289300712194270e-02
-8.100000000000000000e+01	-1.765868730094678762e-01	3.199124466982762593e-02
-8.000000000000000000e+01	-1.797749069140954503e-01	8.809564478211229926e-03
-7.900000000000000000e+01	-1.799204809315400611e-01	-1.476096853910025333e-02
-7.800000000000000000e+01	-1.769641406503439929e-01	-3.832166096999005400e-02
-7.700000000000000000e+01	-1.708970515340872964e-01	-6.146318664825341921e-02
-7.600000000000000000e+01	-1.617645335678181973e-01	-8.377139581074725949e-02
-7.500000000000000000e+01	-1.496666913301815949e-01	-1.048361723045652394e-01
-7.400000000000000000e+01	-1.347583866618019266e-01	-1.242564664922486822e-01
-7.300000000000000000e+01	-1.172498311713171121e-01	-1.416482538338716957e-01
-7.200000000000000000e+01	-9.740480521897891542e-02	-1.566521927489566701e-01
-7.100000000000000000e+01	-7.553809249636597722e-02	-1.689411516176720640e-01
-7.000000000000000000e+01	-5.201201036018853613e-02	-1.782278946629638761e-01
-6.900000000000000000e+01	-2.723117545023280572e-02	-1.842715375247986342e-01
-6.800000000000000000e+01	-1.638858268685611502e-03	-1.868843951683429039e-01
-6.700000000000000000e+01	2.429146358644767439e-02	-1.859409979032816407e-01
-6.600000000000000000e+01	5.006616390157921093e-02	-1.813799923737003106e-01
-6.500000000000000000e+01	7.517932461018422829e-02	-1.732063782541633790e-01
-6.400000000000000000e+01	9.911962988784270290e-02	-1.614956268245343607e-01
-6.300000000000000000e+01	1.213814923750202307e-01	-1.463961438362254286e-01
-6.200000000000000000e+01	1.414733734664299081e-01	-1.281293074020873890e-01
-6.100000000000000000e+01	1.589292670744115454e-01	-1.069900643697423021e-01
-6.000000000000000000e+01	1.733208388140348999e-01	-8.334327891735383853e-02
-5.900000000000000000e+01	1.842665116133155034e-01	-5.761965296816160681e-02
-5.800000000000000000e+01	1.914449392168670327e-01	-3.031194082568272261e-02
-5.700000000000000000e+01	1.946032681517842478e-01	-1.962864722923223382e-03
-5.600000000000000000e+01	1.935644475616075944e-01	2.684038706568785126e-02
-5.500000000000000000e+01	1.882367524328784070e-01	5.547739010291705131e-02
-5.400000000000000000e+01	1.786171520948490743e-01	8.330543824122758900e-02
-5.300000000000000000e+01	1.647995157764050866e-01	1.096728024997834089e-01
-5.200000000000000000e+01	1.469775707155568933e-01	1.339326103524469680e-01
-5.100000000000000000e+01	1.254461883806703704e-01	1.554594935216121188e-01
-5.000000000000000000e+01	1.005992382913253186e-01	1.736645858730055114e-01
-4.900000000000000000e+01	7.292741618270077997e-02	1.880111750075205423e-01
-4.800000000000000000e+01	4.301417082725885604e-02	1.980287017150855755e-01
-4.700000000000000000e+01	1.152010549223089417e-02	2.033325895007065676e-01
-4.600000000000000000e+01	-2.082175971768934070e-02	2.036349972265870112e-01
-4.500000000000000000e+01	-5.321937274452705202e-02	1.987595052164941034e-01
-4.400000000000000000e+01	-8.483642458222602489e-02	1.886539398719868088e-01
-4.300000000000000000e+01	-1.148213326778685234e-01	1.733988645790834893e-01
-4.200000000000000000e+01	-1.423167795072943220e-01	1.532150265572140846e-01
-4.100000000000000000e+01	-1.664855776023105027e-01	1.284677820765554868e-01
-4.000000000000000000e+01	-1.865331814519966547e-01	9.967190119068321252e-02
-3.900000000000000000e+01	-2.017404630046104319e-01	6.747583192920730832e-02
-3.800000000000000000e+01	-2.114807347219627154e-01	3.266583031307788293e-02
-3.700000000000000000e+01	-2.152493943048616742e-01	-3.846229116937493163e-03
-3.600000000000000000e+01	-2.126872897772076332e-01	-4.104681762446077409e-02
-3.500000000000000000e+01	-2.036023734373612615e-01	-7.783858928256483234e-02
-3.400000000000000000e+01	-1.879917756429738407e-01	-1.130594841298427217e-01
-3.300000000000000000e+01	-1.660571425005520907e-01	-1.455292220579405826e-01
-3.200000000000000000e+01	-1.382171142071094150e-01	-1.740731947019118209e-01
-3.100000000000000000e+01	-1.051135994677375035e-01	-1.975621514223826758e-01
-3.000000000000000000e+01	-6.761384455160007745e-02	-2.149552433761566239e-01
-2.900000000000000000e+01	-2.679451856337733417e-02	-2.253488332913449743e-01
-2.800000000000000000e+01	1.606157673526337204e-02	-2.280159048348813777e-01
-2.700000000000000000e+01	5.950492768513554465e-02	-2.224534978299048671e-01
-2.600000000000000000e+01	1.019442606668103934e-01	-2.084237276619044232e-01
-2.500000000000000000e+01	1.416906601213423211e-01	-1.859964569945623536e-01
-2.400000000000000000e+01	1.770279137899351540e-01	-1.555721588297648839e-01
-2.300000000000000000e+01	2.062602310797031213e-01	-1.179129705642151943e-01
-2.200000000000000000e+01	2.277958382522159986e-01	-7.415695646276516950e-02
-2.100000000000000000e+01	2.402188490869817672e-01	-2.581161381103918087e-02
-2.000000000000000000e+01	2.423889418777698812e-01	2.527263320523317688e-02
-1.900000000000000000e+01	2.335238976435017322e-01	7.692399785684429780e-02
-1.800000000000000000e+01	2.132938382551594070e-01	1.267329653076604556e-01
-1.700000000000000000e+01	1.818935382126904421e-01	1.721062993318729362e-01
-1.600000000000000000e+01	1.400980328690925036e-01	2.104022828163585046e-01
-1.500000000000000000e+01	8.933905269294387108e-02	2.390503705623653607e-01
-1.400000000000000000e+01	3.173005489036216653e-02	2.557101825273109252e-01
-1.300000000000000000e+01	-2.995357673714305058e-02	2.584777001224842219e-01
-1.200000000000000000e+01	-9.235342506660823569e-02	2.460128411517930602e-01
-1.100000000000000000e+01	-1.515963829329568247e-01	2.177922496814985176e-01
-1.000000000000000000e+01	-2.035281357123440715e-01	1.743190451748254099e-01
-9.000000000000000000e+00	-2.438774671750548462e-01	1.171791853815946499e-01
-8.000000000000000000e+00	-2.686166217607900975e-01	4.925919761295134702e-02
-7.000000000000000000e+00	-2.743623096550089069e-01	-2.525047103739034779e-02
-6.000000000000000000e+00	-2.588798103109825055e-01	-1.009783691428579738e-01
-5.000000000000000000e+00	-2.213178782870058592e-01	-1.715709073346699254e-01
-4.000000000000000000e+00	-1.628745097124408847e-01	-2.301005144297125771e-01
-3.000000000000000000e+00	-8.710343333277405231e-02	-2.697450879247851319e-01
-2.000000000000000000e+00	-1.016325606058721069e-05	-2.846383443027721283e-01
-1.000000000000000000e+00	9.010205107494308197e-02	-2.706869727592107200e-01
0.000000000000000000e+00	1.731519830992471753e-01	-2.267583470948484337e-01
1.000000000000000000e+00	2.383366008643870437e-01	-1.555114894128700465e-01
2.000000000000000000e+00	2.757248348343466771e-01	-6.386842342595373812e-02
3.000000000000000000e+00	2.780618412842305043e-01	3.719405377861662726e-02
4.000000000000000000e+00	2.425482077272448911e-01	1.336774360194831202e-01
5.000000000000000000e+00	1.724860428691491754e-01	2.105692633099097710e-01
6.000000000000000000e+00	7.761220644274106906e-02	2.548086077280392603e-01
7.000000000000000000e+00	-2.705797461528836739e-02	2.579929276345542810e-01
8.000000000000000000e+00	-1.234651847762493204e-01	2.187612904550166326e-01
9.000000000000000000e+00	-1.942678845072078053e-01	1.443268974869953702e-01
1.000000000000000000e+01	-2.267316445894794752e-01	4.898319308216342316e-02
1.100000000000000000e+01	-2.157529849336693728e-01	-4.846873122165725606e-02
1.200000000000000000e+01	-1.654391516001288143e-01	-1.288482832893319552e-01
1.300000000000000000e+01	-8.822258826788126340e-02	-1.771366821288956062e-01
1.400000000000000000e+01	-1.748638538157619004e-03	-1.859095592496138039e-01
1.500000000000000000e+01	7.540927311990630599e-02	-1.567873908606366440e-01
1.600000000000000000e+01	1.281430407800991378e-01	-9.952161489805821937e-02
1.700000000000000000e+01	1.480375359503289523e-01	-2.912762839167135770e-02
1.800000000000000000e+01	1.346987777528469710e-01	3.801859890272678982e-02
1.900000000000000000e+01	9.504010129981692312e-02	8.807637812998996008e-02
2.000000000000000000e+01	4.091136880913162632e-02	1.125646488202847878e-01
2.100000000000000000e+01	-1.414953937616215095e-02	1.096552296327336917e-01
2.200000000000000000e+01	-5.815552845697378320e-02	8.374023359567539515e-02
2.300000000000000000e+01	-8.314392128317212027e-02	4.367933867869419617e-02
2.400000000000000000e+01	-8.643159744238013142e-02	2.203335353972379570e-04
2.500000000000000000e+01	-7.049254217702694003e-02	-3.665979061927427535e-02
2.600000000000000000e+01	-4.169436005309048315e-02	-5.988883048869814846e-02
2.700000000000000000e+01	-8.288569658833375847e-03	-6.645434299602186179e-02
2.800000000000000000e+01	2.169888630057925302e-02	-5.747345133926819172e-02
2.900000000000000000e+01	4.222220531245684388e-02	-3.730987585872094781e-02
3.000000000000000000e+01	5.024098208566500634e-02	-1.211325858123511907e-02
3.100000000000000000e+01	4.592451266068438287e-02	1.180013115155193262e-02
3.200000000000000000e+01	3.213050064315086524e-02	2.935972700529903071e-02
3.300000000000000000e+01	1.337583757926691548e-02	3.766310831559326749e-02
3.400000000000000000e+01	-5.406232222953096488e-03	3.631081419983524239e-02
3.500000000000000000e+01	-2.003497893945935596e-02	2.711162229118385322e-02
3.600000000000000000e+01	-2.790924741597247682e-02	1.335352578084534649e-02
3.700000000000000000e+01	-2.834960783378272578e-02	-1.176113770149293629e-03
3.800000000000000000e+01	-2.244315748835539262e-02	-1.311884998821204705e-02
3.900000000000000000e+01	-1.252159117876384779e-02	-2.023092977781559137e-02
4.000000000000000000e+01	-1.435894103344078580e-03	-2.170666884110685618e-02
4.100000000000000000e+01	8.163897603919171436e-03	-1.812624364818017295e-02
4.200000000000000000e+01	1.438514449516677812e-02	-1.109716642617930397e-02
4.300000000000000000e+01	1.638535926885389613e-02	-2.733623563615438304e-03
4.400000000000000000e+01	1.439515039388651781e-02	4.887297374435784110e-03
4.500000000000000000e+01	9.509781472150355408e-03	1.019231587438773103e-02
4.600000000000000000e+01	3.275232040021340291e-03	1.237465209940669976e-02
4.700000000000000000e+01	-2.701792841616646335e-03	1.145403311454965337e-02
4.800000000000000000e+01	-7.138223918804133435e-03	8.140894452892373859e-03
4.900000000000000000e+01	-9.296650761529348314e-03	3.555910498219888322e-03
5.000000000000000000e+01	-9.061216927032865812e-03	-1.078162028544972506e-03
5.100000000000000000e+01	-6.885419718678027073e-03	-4.725695712991343292e-03
5.200000000000000000e+01	-3.560617713979071040e-03	-6.748201360104432063e-03
5.300000000000000000e+01	2.804773758269692870e-06	-6.960138079730586978e-03
5.400000000000000000e+01	2.979200974386294731e-03	-5.588958554324042170e-03
5.500000000000000000e+01	4.796234810569081387e-03	-3.194686818497946036e-03
5.600000000000000000e+01	5.235390820264603992e-03	-4.734367073971277847e-04
5.700000000000000000e+01	4.415561377815388489e-03	1.917963643444050821e-03
5.800000000000000000e+01	2.719513960069853704e-03	3.496998678082396516e-03
5.900000000000000000e+01	6.679387032216272790e-04	4.042962111621438426e-03
6.000000000000000000e+01	-1.225885586489162049e-03	3.599083407560111844e-03
6.100000000000000000e+01	-2.563127640884418565e-03	2.421110685421344437e-03
6.200000000000000000e+01	-3.134667642626980111e-03	8.941707764949568876e-04
6.300000000000000000e+01	-2.946089919561073814e-03	-5.856568867769204947e-04
6.400000000000000000e+01	-2.155692012444923849e-03	-1.701425551616372054e-03
6.500000000000000000e+01	-1.033205946399678391e-03	-2.258931493485036301e-03
6.600000000000000000e+01	1.135315833917209668e-04	-2.230538124722651269e-03
6.700000000000000000e+01	1.031514627281286244e-03	-1.717106643180221683e-03
6.800000000000000000e+01	1.553830971366256496e-03	-9.039463039805274713e-04
6.900000000000000000e+01	1.619257297158478411e-03	-1.892719911931846629e-05
7.000000000000000000e+01	1.289413609231092328e-03	7.228353427882239267e-04
7.100000000000000000e+01	7.087805140856737705e-04	1.185801463705293346e-03
7.200000000000000000e+01	3.794830476765863645e-05	1.305296327846672830e-03
7.300000000000000000e+01	-5.540330198423671151e-04	1.111226457035913769e-03
7.400000000000000000e+01	-9.489155711899721016e-04	7.008836921868576543e-04
7.500000000000000000e+01	-1.096186632946009702e-03	2.010014216114257800e-04
7.600000000000000000e+01	-1.000124658124433010e-03	-2.680658968228538837e-04
7.700000000000000000e+01	-7.179941000418479718e-04	-6.053899163447061830e-04
7.800000000000000000e+01	-3.450962466495488524e-04	-7.577416623486654245e-04
7.900000000000000000e+01	2.238352826884726813e-05	-7.190398214151952870e-04
8.000000000000000000e+01	3.041398570323223713e-04	-5.320644331465384461e-04
8.100000000000000000e+01	4.521123726459815202e-04	-2.579477206056713409e-04
8.200000000000000000e+01	4.462743196559052915e-04	2.875862558443945328e-05
8.300000000000000000e+01	3.287386331538207367e-04	2.627919958223323216e-04
8.400000000000000000e+01	1.260493642094128309e-04	3.961408921502147188e-04
8.500000000000000000e+01	-9.367526943174349049e-05	4.123882163086532498e-04
8.600000000000000000e+01	-2.798601103262253085e-04	3.363118131454375390e-04
8.700000000000000000e+01	-3.984060549999751894e-04	1.946791256515823302e-04
8.800000000000000000e+01	-4.297858219670653407e-04	2.853561930377149735e-05
8.900000000000000000e+01	-3.838968118130258182e-04	-1.187866821492072894e-04
9.000000000000000000e+01	-2.859805759972147373e-04	-2.195667897380062508e-04
9.100000000000000000e+01	-1.627160540108133239e-04	-2.582324395842656929e-04
9.200000000000000000e+01	-4.655704098488024550e-05	-2.369349762051123299e-04
9.300000000000000000e+01	3.800061190772677472e-05	-1.692183307105016592e-04
9.400000000000000000e+01	7.815255127465264265e-05	-7.978036352200593921e-05
9.500000000000000000e+01	7.237466202806070348e-05	1.116359699072211383e-05
9.600000000000000000e+01	2.642569567601609710e-05	8.179629174002539483e-05
9.700000000000000000e+01	-4.010063185529319735e-05	1.182531802867228956e-04
9.800000000000000000e+01	-1.104746380369778518e-04	1.206322905123071153e-04
9.900000000000000000e+01	-1.682811309645315613e-04	9.188257697952940636e-05
1.000000000000000000e+02	-2.023263668950481839e-04	4.358080159569978340e-05
1.010000000000000000e+02	-2.094473693511145283e-04	-1.013023330755613369e-05
1.020000000000000000e+02	-1.917233183808944098e-04	-5.643864210697215706e-05
1.030000000000000000e+02	-1.576191183501412748e-04	-8.638199523297644634e-05
1.040000000000000000e+02	-1.171766223556117658e-04	-9.582168374975665926e-05
1.050000000000000000e+02	-8.025990957256429930e-05	-8.572423897167321413e-05
1.060000000000000000e+02	-5.537879434819365816e-05	-6.242488210100772693e-05
1.070000000000000000e+02	-4.579818863659137763e-05	-3.276075704247352746e-05
