# # Time 	 h_plus 	 h_cross 
# 
-4.090000000000000000e+02	-1.303136842554537128e-02	-1.621509655919734783e-01
-4.080000000000000000e+02	-1.229163188550853446e-03	-1.627213751681041154e-01
-4.070000000000000000e+02	1.059475583043104248e-02	-1.624331290944940054e-01
-4.060000000000000000e+02	2.237792654153560393e-02	-1.612855691204019282e-01
-4.050000000000000000e+02	3.405787103180245995e-02	-1.592825799887275517e-01
-4.040000000000000000e+02	4.557242583203941627e-02	-1.564325906211693207e-01
-4.030000000000000000e+02	5.686007243236097103e-02	-1.527485513173454656e-01
-4.020000000000000000e+02	6.786026630740073229e-02	-1.482478869272075006e-01
-4.010000000000000000e+02	7.851376270670246127e-02	-1.429524260818964831e-01
-4.000000000000000000e+02	8.876293746978183852e-02	-1.368883066944960591e-01
-3.990000000000000000e+02	9.855210113800809413e-02	-1.300858580685400889e-01
-3.980000000000000000e+02	1.078279608955462626e-01	-1.225793226418537135e-01
-3.970000000000000000e+02	1.165395561442180983e-01	-1.144069510108010473e-01
-3.960000000000000000e+02	1.246386393789250951e-01	-1.056108320675281792e-01
-3.950000000000000000e+02	1.320802011263352282e-01	-9.623644285114359154e-02
-3.940000000000000000e+02	1.388225801865854980e-01	-8.633253323848921745e-02
-3.930000000000000000e+02	1.448277033049996665e-01	-7.595088137716346499e-02
-3.920000000000000000e+02	1.500613071211687188e-01	-6.514603145977332366e-02
-3.910000000000000000e+02	1.544931410879724909e-01	-5.397501511321559087e-02
-3.900000000000000000e+02	1.580971501440052440e-01	-4.249705777358431941e-02
-3.890000000000000000e+02	1.608516360205799189e-01	-3.077327150854544668e-02
-3.880000000000000000e+02	1.627393961695023095e-01	-1.886633583208930515e-02
-3.870000000000000000e+02	1.637478394085637168e-01	-6.840168133615864669e-03
-3.860000000000000000e+02	1.638690774986740761e-01	5.240414588842482249e-03
-3.850000000000000000e+02	1.630999919884601745e-01	1.731004094099080140e-02
-3.840000000000000000e+02	1.614422757888048510e-01	2.930313548901188059e-02
-3.830000000000000000e+02	1.589024490703983272e-01	4.115427241686003129e-02
-3.820000000000000000e+02	1.554918492113166462e-01	5.279853060788513436e-02
-3.810000000000000000e+02	1.512266972777607799e-01	6.417189179695655110e-02
-3.800000000000000000e+02	1.461280934058821201e-01	7.521166879849787434e-02
-3.790000000000000000e+02	1.402212658439335458e-01	8.585653321550403005e-02
-3.780000000000000000e+02	1.335361172981330558e-01	9.604708999724559382e-02
-3.770000000000000000e+02	1.261070406541666966e-01	1.057260336440849907e-01
-3.760000000000000000e+02	1.179727533636846654e-01	1.148385661266305008e-01
-3.750000000000000000e+02	1.091754785256873611e-01	1.233333188771673083e-01
-3.740000000000000000e+02	9.976156045738567013e-02	1.311616647210757935e-01
-3.730000000000000000e+02	8.978094218866365661e-02	1.382784103139444165e-01
-3.720000000000000000e+02	7.928691436655867231e-02	1.446420649746632536e-01
-3.710000000000000000e+02	6.833584389225169642e-02	1.502150914273622240e-01
-3.700000000000000000e+02	5.698688357141801220e-02	1.549641369113967104e-01
-3.690000000000000000e+02	4.530166417659284989e-02	1.588602432073905613e-01
-3.680000000000000000e+02	3.334397043220786033e-02	1.618790342250810976e-01
-3.670000000000000000e+02	2.117998152019750016e-02	1.640008051332429162e-01
-3.660000000000000000e+02	8.876357853020469882e-03	1.652109636938740855e-01
-3.650000000000000000e+02	-3.498975596139966473e-03	1.654997965605052579e-01
-3.640000000000000000e+02	-1.587717944260122471e-02	1.648626226072081036e-01
-3.630000000000000000e+02	-2.818905777969738999e-02	1.632998898194889248e-01
-3.620000000000000000e+02	-4.036543891704030135e-02	1.608172069808336824e-01
-3.610000000000000000e+02	-5.233755921950666856e-02	1.574253472396082432e-01
-3.600000000000000000e+02	-6.403744798448594844e-02	1.531402232425178866e-01
-3.590000000000000000e+02	-7.539831126340483525e-02	1.479828336706386083e-01
-3.580000000000000000e+02	-8.635491251252412626e-02	1.419791811670254311e-01
-3.570000000000000000e+02	-9.684376210744076452e-02	1.351602949572919543e-01
-3.560000000000000000e+02	-1.068035593881212497e-01	1.275621423129378873e-01
-3.550000000000000000e+02	-1.161765544360991442e-01	1.192245915525671496e-01
-3.540000000000000000e+02	-1.249074429289373511e-01	1.101922306131139645e-01
-3.530000000000000000e+02	-1.329442482076103604e-01	1.005138140735292313e-01
-3.520000000000000000e+02	-1.402386372485962263e-01	9.024201999324235612e-02
-3.510000000000000000e+02	-1.467462193268122272e-01	7.943318266472017275e-02
-3.500000000000000000e+02	-1.524268255276840789e-01	6.814700247072374983e-02
-3.490000000000000000e+02	-1.572447673448274519e-01	5.644623417743008936e-02
-3.480000000000000000e+02	-1.611690726883430735e-01	4.439635513106928583e-02
-3.470000000000000000e+02	-1.641736977281985088e-01	3.206521495584378073e-02
-3.460000000000000000e+02	-1.662377131064220193e-01	1.952266847525778795e-02
-3.450000000000000000e+02	-1.673454613372655220e-01	6.840238559117128685e-03
-3.440000000000000000e+02	-1.674867172576340324e-01	-5.908929403922100893e-03
-3.430000000000000000e+02	-1.666567897927676567e-01	-1.865182547800187107e-02
-3.420000000000000000e+02	-1.648565009548638161e-01	-3.131454444305176860e-02
-3.410000000000000000e+02	-1.620922837754180945e-01	-4.382319233087599020e-02
-3.400000000000000000e+02	-1.583761916826611493e-01	-5.610431067871100852e-02
-3.390000000000000000e+02	-1.537258760103870081e-01	-6.808530278501752353e-02
-3.380000000000000000e+02	-1.481645313478661963e-01	-7.969485959719239954e-02
-3.370000000000000000e+02	-1.417208086141665546e-01	-9.086338282556422064e-02
-3.360000000000000000e+02	-1.344286959180658880e-01	-1.015234028544860362e-01
-3.350000000000000000e+02	-1.263273674452571049e-01	-1.116099890116256238e-01
-3.340000000000000000e+02	-1.174610007975818160e-01	-1.210611497591890379e-01
-3.330000000000000000e+02	-1.078783268466418088e-01	-1.298184169564780277e-01
-3.320000000000000000e+02	-9.763319062693086303e-02	-1.378273710800701490e-01
-3.310000000000000000e+02	-8.678369384275425036e-02	-1.450372891920478358e-01
-3.300000000000000000e+02	-7.539112311649295850e-02	-1.514012145979127810e-01
-3.290000000000000000e+02	-6.352080493048001264e-02	-1.568773857251971882e-01
-3.280000000000000000e+02	-5.124134237290745714e-02	-1.614290299401059670e-01
-3.270000000000000000e+02	-3.862423922693858369e-02	-1.650246252609413600e-01
-3.260000000000000000e+02	-2.574350285961067922e-02	-1.676381342286677734e-01
-3.250000000000000000e+02	-1.267522792636724058e-02	-1.692492082016694155e-01
-3.240000000000000000e+02	5.028369503870778415e-04	-1.698433604831421362e-01
-3.230000000000000000e+02	1.371173723813217359e-02	-1.694121068428059151e-01
-3.220000000000000000e+02	2.687177287332850883e-02	-1.679530721587139674e-01
-3.210000000000000000e+02	3.990296843909000440e-02	-1.654700620794876120e-01
-3.200000000000000000e+02	5.272555051894099731e-02	-1.619730987914141107e-01
-3.190000000000000000e+02	6.526042951875002385e-02	-1.574784201677502382e-01
-3.180000000000000000e+02	7.742968317708082138e-02	-1.520084417783939823e-01
-3.170000000000000000e+02	8.915703892698852162e-02	-1.455916814458728392e-01
-3.160000000000000000e+02	1.003683522302714765e-01	-1.382626462473103834e-01
-3.150000000000000000e+02	1.109923262877632322e-01	-1.300614701783281146e-01
-3.140000000000000000e+02	1.209609893621743787e-01	-1.210335295884133328e-01
-3.130000000000000000e+02	1.302083683316117846e-01	-1.112310086000787429e-01
-3.120000000000000000e+02	1.386734115901706588e-01	-1.007105654656651889e-01
-3.110000000000000000e+02	1.462994394987222058e-01	-8.953373675257789155e-02
-3.100000000000000000e+02	1.530345388511536453e-01	-7.776660687023675966e-02
-3.090000000000000000e+02	1.588319329973487681e-01	-6.547944541051327338e-02
-3.080000000000000000e+02	1.636503249828203110e-01	-5.274631403351398573e-02
-3.070000000000000000e+02	1.674542111819885826e-01	-3.964464484738236538e-02
-3.060000000000000000e+02	1.702141630369705672e-01	-2.625479244030253997e-02
-3.050000000000000000e+02	1.719070746660241455e-01	-1.265956192337840819e-02
-3.040000000000000000e+02	1.725163742747495288e-01	1.056284466198555020e-03
-3.030000000000000000e+02	1.720321974884450322e-01	1.480653947352314134e-02
-3.020000000000000000e+02	1.704515209246668384e-01	2.850407875165646143e-02
-3.010000000000000000e+02	1.677781575708042205e-01	4.206178835742128280e-02
-3.000000000000000000e+02	1.640231990314652277e-01	5.539194355071450776e-02
-2.990000000000000000e+02	1.592053388129328895e-01	6.840829641597925836e-02
-2.980000000000000000e+02	1.533486559197023147e-01	8.102538738188844181e-02
-2.970000000000000000e+02	1.464847686830856588e-01	9.315974791462540427e-02
-2.960000000000000000e+02	1.386520493165495083e-01	1.047302914876159091e-01
-2.950000000000000000e+02	1.298954556847145281e-01	1.156588635632069539e-01
-2.940000000000000000e+02	1.202663180762538475e-01	1.258707808266404937e-01
-2.930000000000000000e+02	1.098221256486987818e-01	1.352953201816042839e-01
-2.920000000000000000e+02	9.862636055009733893e-02	1.438661604730323007e-01
-2.910000000000000000e+02	8.674752224113947696e-02	1.515223249045629383e-01
-2.900000000000000000e+02	7.425940249125900783e-02	1.582080769812831411e-01
-2.890000000000000000e+02	6.124045160622456491e-02	1.638735523003307382e-01
-2.880000000000000000e+02	4.777331876210075268e-02	1.684751566462253658e-01
-2.870000000000000000e+02	3.394435769451990131e-02	1.719759288653530394e-01
-2.860000000000000000e+02	1.984310036210334277e-02	1.743458654658213702e-01
-2.850000000000000000e+02	5.561701474349465581e-03	1.755622040748998913e-01
-2.840000000000000000e+02	-8.805642967604769555e-03	1.756096630966265948e-01
-2.830000000000000000e+02	-2.316329972400784504e-02	1.744806351455893689e-01
-2.820000000000000000e+02	-3.741482134266266302e-02	1.721753320890068717e-01
-2.810000000000000000e+02	-5.146358432812152273e-02	1.687018798065850200e-01
-2.800000000000000000e+02	-6.521343843509751215e-02	1.640763610751802826e-01
-2.790000000000000000e+02	-7.856876513430742504e-02	1.583231019481759483e-01
-2.780000000000000000e+02	-9.143676090026452152e-02	1.514739477780028543e-01
-2.770000000000000000e+02	-1.037269308490446629e-01	1.435684430770446940e-01
-2.760000000000000000e+02	-1.153516154763199464e-01	1.346538127951367736e-01
-2.750000000000000000e+02	-1.262268816628714097e-01	1.247846344137835822e-01
-2.740000000000000000e+02	-1.362731452641453012e-01	1.140225566479406150e-01
-2.730000000000000000e+02	-1.454157737773435766e-01	1.024359650504751557e-01
-2.720000000000000000e+02	-1.535856645413322119e-01	9.009959578568189908e-02
-2.710000000000000000e+02	-1.607197939876732762e-01	7.709409922730557641e-02
-2.700000000000000000e+02	-1.667617335578996385e-01	6.350555542388336416e-02
-2.690000000000000000e+02	-1.716621280318139098e-01	4.942494385840711518e-02
-2.680000000000000000e+02	-1.753791321749789689e-01	3.494757030676928777e-02
-2.670000000000000000e+02	-1.778785292096627113e-01	2.017242305292344176e-02
-2.660000000000000000e+02	-1.791339860745162216e-01	5.201636297679898893e-03
-2.650000000000000000e+02	-1.791293366729551639e-01	-9.860002548759554813e-03
-2.640000000000000000e+02	-1.778562573272910174e-01	-2.490650832424019454e-02
-2.630000000000000000e+02	-1.753153217386327345e-01	-3.983094709083758594e-02
-2.620000000000000000e+02	-1.715161406882513839e-01	-5.452612276246297796e-02
-2.610000000000000000e+02	-1.664774133749698792e-01	-6.888542397919850124e-02
-2.600000000000000000e+02	-1.602269120919408429e-01	-8.280359557113695090e-02
-2.590000000000000000e+02	-1.528012698265496794e-01	-9.617772214673515896e-02
-2.580000000000000000e+02	-1.442461524986118071e-01	-1.089074032784696361e-01
-2.570000000000000000e+02	-1.346158307937537491e-01	-1.208960242279243646e-01
-2.560000000000000000e+02	-1.239729185839481690e-01	-1.320514222746932975e-01
-2.550000000000000000e+02	-1.123880437333766580e-01	-1.422865858752913326e-01
-2.540000000000000000e+02	-9.993881309504383526e-02	-1.515194132094953849e-01
-2.530000000000000000e+02	-8.671127175107734564e-02	-1.596759285628908953e-01
-2.520000000000000000e+02	-7.279757317661865457e-02	-1.666889695228393475e-01
-2.510000000000000000e+02	-5.829568892896049709e-02	-1.724989338234785285e-01
-2.500000000000000000e+02	-4.330892794377549926e-02	-1.770545335881388016e-01
-2.490000000000000000e+02	-2.794523912804221244e-02	-1.803132858280479811e-01
-2.480000000000000000e+02	-1.231646799422238085e-02	-1.822419453486209540e-01
-2.470000000000000000e+02	3.462440644432630745e-03	-1.828168754654927453e-01
-2.460000000000000000e+02	1.927495757851781580e-02	-1.820242740348028410e-01
-2.450000000000000000e+02	3.500152788360106487e-02	-1.798605414997456187e-01
-2.440000000000000000e+02	5.052284703320310266e-02	-1.763324620215028782e-01
-2.430000000000000000e+02	6.571995376358150120e-02	-1.714572351267769079e-01
-2.420000000000000000e+02	8.047522592374947714e-02	-1.652626574623933531e-01
-2.410000000000000000e+02	9.467337484394729163e-02	-1.577870168359381264e-01
-2.400000000000000000e+02	1.082017495658088302e-01	-1.490779465572802942e-01
-2.390000000000000000e+02	1.209518784449866990e-01	-1.391935540002608440e-01
-2.380000000000000000e+02	1.328206685590145042e-01	-1.282010818521309159e-01
-2.370000000000000000e+02	1.437097034363015724e-01	-1.161779536352997161e-01
-2.360000000000000000e+02	1.535276388066902364e-01	-1.032100754710419538e-01
-2.350000000000000000e+02	1.621905722061364741e-01	-8.939157160427665949e-02
-2.340000000000000000e+02	1.696227636223454904e-01	-7.482419133505080477e-02
-2.330000000000000000e+02	1.757573429308408042e-01	-5.961661148721662806e-02
-2.320000000000000000e+02	1.805369588042873563e-01	-4.388367213280880419e-02
-2.310000000000000000e+02	1.839143627216802135e-01	-2.774555036156474419e-02
-2.300000000000000000e+02	1.858529220817678185e-01	-1.132687749810421494e-02
-2.290000000000000000e+02	1.863270568620245260e-01	5.244194246206285159e-03
-2.280000000000000000e+02	1.853226182252588894e-01	2.183676999304225846e-02
-2.270000000000000000e+02	1.828371946728257758e-01	3.831848569550439648e-02
-2.260000000000000000e+02	1.788801416931325716e-01	5.455697225974341646e-02
-2.250000000000000000e+02	1.734727583263481199e-01	7.042012856843253565e-02
-2.240000000000000000e+02	1.666482687052535938e-01	8.577751046740611507e-02
-2.230000000000000000e+02	1.584517149793238100e-01	1.005014126106333755e-01
-2.220000000000000000e+02	1.489397517667319093e-01	1.144679461789783192e-01
-2.210000000000000000e+02	1.381803418471862221e-01	1.275581035018808485e-01
-2.200000000000000000e+02	1.262546019723604918e-01	1.396612876066769815e-01
-2.190000000000000000e+02	1.132494796987735669e-01	1.506697657191004569e-01
-2.180000000000000000e+02	9.926338679546546639e-02	1.604845541594573100e-01
-2.170000000000000000e+02	8.440452709134244058e-02	1.690160763114257614e-01
-2.160000000000000000e+02	6.878948894306904926e-02	1.761844451099994768e-01
-2.150000000000000000e+02	5.254238922478860624e-02	1.819202659000834499e-01
-2.140000000000000000e+02	3.579393897035684780e-02	1.861653649441658287e-01
-2.130000000000000000e+02	1.868043697753791685e-02	1.888734358251549783e-01
-2.120000000000000000e+02	1.342698457852747494e-03	1.900105965078222603e-01
-2.110000000000000000e+02	-1.607507345033083387e-02	1.895558504172570879e-01
-2.100000000000000000e+02	-3.342646480169658013e-02	1.875014455623990051e-01
-2.090000000000000000e+02	-5.056341032635808946e-02	1.838533072006872660e-01
-2.080000000000000000e+02	-6.733656243062197122e-02	1.786318438948043541e-01
-2.070000000000000000e+02	-8.360366205247014848e-02	1.718694061174887988e-01
-2.060000000000000000e+02	-9.922199437791653920e-02	1.636124499870259541e-01
-2.050000000000000000e+02	-1.140528745805235722e-01	1.539207566400579430e-01
-2.040000000000000000e+02	-1.279629009177107868e-01	1.428671070092890627e-01
-2.030000000000000000e+02	-1.408251844249157336e-01	1.305368381412383427e-01
-2.020000000000000000e+02	-1.525205439837411248e-01	1.170272823689050001e-01
-2.010000000000000000e+02	-1.629386555593207719e-01	1.024470917161660610e-01
-2.000000000000000000e+02	-1.719791445216695414e-01	8.691545098213022957e-02
-1.990000000000000000e+02	-1.795526101866863067e-01	7.056118402645855658e-02
-1.980000000000000000e+02	-1.855815720373179545e-01	5.352175884000613670e-02
-1.970000000000000000e+02	-1.900013275137016899e-01	3.594219803051325324e-02
-1.960000000000000000e+02	-1.927607117934021230e-01	1.797390236890530554e-02
-1.950000000000000000e+02	-1.938227529225768908e-01	-2.246232768473908176e-04
-1.940000000000000000e+02	-1.931656081299805983e-01	-1.849471340982280707e-02
-1.930000000000000000e+02	-1.907821652446050897e-01	-3.667421911698301451e-02
-1.920000000000000000e+02	-1.866796729371209274e-01	-5.459925666358472068e-02
-1.910000000000000000e+02	-1.808824823977609464e-01	-7.210659761967251613e-02
-1.900000000000000000e+02	-1.734305944793397281e-01	-8.903520258301779455e-02
-1.890000000000000000e+02	-1.643788836295686229e-01	-1.052273832899013883e-01
-1.880000000000000000e+02	-1.537973666605313150e-01	-1.205303876895566784e-01
-1.870000000000000000e+02	-1.417707868325381870e-01	-1.347978627304124988e-01
-1.860000000000000000e+02	-1.283980561596144154e-01	-1.478912854112154340e-01
-1.850000000000000000e+02	-1.137915579298890700e-01	-1.596813483595344307e-01
-1.840000000000000000e+02	-9.807631275866784959e-02	-1.700492862635896718e-01
-1.830000000000000000e+02	-8.138920057991345935e-02	-1.788880442499850565e-01
-1.820000000000000000e+02	-6.387729193172836384e-02	-1.861033355940795719e-01
-1.810000000000000000e+02	-4.569701354846901487e-02	-1.916143908047863165e-01
-1.800000000000000000e+02	-2.701354877774848895e-02	-1.953573246340899461e-01
-1.790000000000000000e+02	-7.998225556707559691e-03	-1.972830650899483340e-01
-1.780000000000000000e+02	1.117252951131693026e-02	-1.973590712320138219e-01
-1.770000000000000000e+02	3.031877651806204679e-02	-1.955698902515514148e-01
-1.760000000000000000e+02	4.925871048770694843e-02	-1.919175639151916024e-01
-1.750000000000000000e+02	6.781035837734034066e-02	-1.864218771645693995e-01
-1.740000000000000000e+02	8.579330989920908035e-02	-1.791204429586351621e-01
-1.730000000000000000e+02	1.030304665111198559e-01	-1.700686188342775962e-01
-1.720000000000000000e+02	1.193500088586183366e-01	-1.593390899506564873e-01
-1.710000000000000000e+02	1.345864842583534560e-01	-1.470218551491059567e-01
-1.700000000000000000e+02	1.485830372292795132e-01	-1.332233991672179263e-01
-1.690000000000000000e+02	1.611931130426809966e-01	-1.180658102318150326e-01
-1.680000000000000000e+02	1.722819092947671382e-01	-1.016859235475343765e-01
-1.670000000000000000e+02	1.817278813809529159e-01	-8.423421953267425100e-02
-1.660000000000000000e+02	1.894241481879237743e-01	-6.587356672992551732e-02
-1.650000000000000000e+02	1.952797818870267155e-01	-4.677781799034522181e-02
-1.640000000000000000e+02	1.992209663967047517e-01	-2.713027020034785089e-02
-1.630000000000000000e+02	2.011924138658821304e-01	-7.122013745946116463e-03
-1.620000000000000000e+02	2.011579684863916417e-01	1.305002977102619546e-02
-1.610000000000000000e+02	1.990994017740798094e-01	3.318475017095677548e-02
-1.600000000000000000e+02	1.950197433216955545e-01	5.307868767873118176e-02
-1.590000000000000000e+02	1.889425107054683584e-01	7.252817743168958609e-02
-1.580000000000000000e+02	1.809118548651906799e-01	9.133136592128425491e-02
-1.570000000000000000e+02	1.709923156320473092e-01	1.092906013533678777e-01
-1.560000000000000000e+02	1.592686412640115790e-01	1.262141539267845891e-01
-1.550000000000000000e+02	1.458452363561401621e-01	1.419184081549234033e-01
-1.540000000000000000e+02	1.308454300230436074e-01	1.562298945282867280e-01
-1.530000000000000000e+02	1.144108030344308663e-01	1.689870780709952780e-01
-1.520000000000000000e+02	9.669960951237345503e-02	1.800436805262434214e-01
-1.510000000000000000e+02	7.788498081820871555e-02	1.892679539445278336e-01
-1.500000000000000000e+02	5.815401195460496303e-02	1.965451492294362779e-01
-1.490000000000000000e+02	3.770646385631689496e-02	2.017799160565401650e-01
-1.480000000000000000e+02	1.675256838988863767e-02	2.048972026125613910e-01
-1.470000000000000000e+02	-4.489603084502233332e-03	2.058434627365239300e-01
-1.460000000000000000e+02	-2.579555200123389777e-02	2.045874633055587144e-01
-1.450000000000000000e+02	-4.693687329518901608e-02	2.011211158187018733e-01
-1.440000000000000000e+02	-6.768353443240344991e-02	1.954600396857801570e-01
-1.430000000000000000e+02	-8.780657321971803431e-02	1.876437918092234147e-01
-1.420000000000000000e+02	-1.070808030223561469e-01	1.777363106861980790e-01
-1.410000000000000000e+02	-1.252869598160451792e-01	1.658250886586337125e-01
-1.400000000000000000e+02	-1.422129144613728247e-01	1.520195111909873054e-01
-1.390000000000000000e+02	-1.576584497745660285e-01	1.364526578464139162e-01
-1.380000000000000000e+02	-1.714366291270544018e-01	1.192791128379581678e-01
-1.370000000000000000e+02	-1.833761211734795948e-01	1.006737598504184317e-01
-1.360000000000000000e+02	-1.933235417981653270e-01	8.083010349281587181e-02
-1.350000000000000000e+02	-2.011454816758569963e-01	5.995850584005892048e-02
-1.340000000000000000e+02	-2.067303577224871014e-01	3.828433158944970216e-02
-1.330000000000000000e+02	-2.099901900266583910e-01	1.604563624274599545e-02
-1.320000000000000000e+02	-2.108620894566609338e-01	-6.509625252422525377e-03
-1.310000000000000000e+02	-2.093093901002972268e-01	-2.912568466978727663e-02
-1.300000000000000000e+02	-2.053228342120626548e-01	-5.154204709493907105e-02
-1.290000000000000000e+02	-1.989211990269436903e-01	-7.349581407636018859e-02
-1.280000000000000000e+02	-1.901507146193882891e-01	-9.472483145263074777e-02
-1.270000000000000000e+02	-1.790872504328192283e-01	-1.149709749476565679e-01
-1.260000000000000000e+02	-1.658346189660752368e-01	-1.339839131369950087e-01
-1.250000000000000000e+02	-1.505243293588591491e-01	-1.515233642116717294e-01
-1.240000000000000000e+02	-1.333146401642260337e-01	-1.673623266581254210e-01
-1.230000000000000000e+02	-1.143891317756454418e-01	-1.812902177852276087e-01
-1.220000000000000000e+02	-9.395527835765532521e-02	-1.931155799145091168e-01
-1.210000000000000000e+02	-7.224249737568104457e-02	-2.026688734900123356e-01
-1.200000000000000000e+02	-4.949991374660673432e-02	-2.098050533389653749e-01
-1.190000000000000000e+02	-2.599380996577074776e-02	-2.144059793374497869e-01
-1.180000000000000000e+02	-2.004778166471227457e-03	-2.163822681308688045e-01
-1.170000000000000000e+02	2.217511928311877850e-02	-2.156753682055173593e-01
-1.160000000000000000e+02	4.624591007182733693e-02	-2.122590259579476557e-01
-1.150000000000000000e+02	6.990301986598818074e-02	-2.061404808506911712e-01
-1.140000000000000000e+02	9.284128889945750251e-02	-1.973608711248018566e-01
-1.130000000000000000e+02	1.147589057457571310e-01	-1.859961726149992889e-01
-1.120000000000000000e+02	1.353611604811300051e-01	-1.721571740554019569e-01
-1.110000000000000000e+02	1.543642423707037026e-01	-1.559882264937794694e-01
-1.100000000000000000e+02	1.714991681081086405e-01	-1.376669702208224710e-01
-1.090000000000000000e+02	1.865159412851118692e-01	-1.174026885148940214e-01
-1.080000000000000000e+02	1.991863518058405169e-01	-9.543375650373787933e-02
-1.070000000000000000e+02	2.093086217248851244e-01	-7.202638168580982603e-02
-1.060000000000000000e+02	2.167103978954347254e-01	-4.747170651498772848e-02
-1.050000000000000000e+02	2.212519891873875599e-01	-2.208240538933656585e-02
-1.040000000000000000e+02	2.228290719478734916e-01	3.810856519992098044e-03
-1.030000000000000000e+02	2.213752780985454305e-01	2.986315375279885095e-02
-1.020000000000000000e+02	2.168640265855824312e-01	5.571962028129014144e-02
-1.010000000000000000e+02	2.093099603266243003e-01	8.101991925961225804e-02
-1.000000000000000000e+02	1.987710054214003319e-01	1.054035971503170382e-01
-9.900000000000000000e+01	1.853480651593744921e-01	1.285148727398709168e-01
-9.800000000000000000e+01	1.691843968086856331e-01	1.500073080110607970e-01
-9.700000000000000000e+01	1.504646031149260987e-01	1.695484479071788786e-01
-9.600000000000000000e+01	1.294141866947490505e-01	1.868262714066437624e-01
-9.500000000000000000e+01	1.062973938517281086e-01	2.015529903032491910e-01
-9.400000000000000000e+01	8.141558497039834419e-02	2.134713033419094463e-01
-9.300000000000000000e+01	5.510313291649437256e-02	2.223580729789267629e-01
-9.200000000000000000e+01	2.772493571342494328e-02	2.280282706719365671e-01
-9.100000000000000000e+01	-3.287724930294295272e-04	2.303413069851697748e-01
-9.000000000000000000e+01	-2.864758704596982383e-02	2.292038942061781215e-01
-8.900000000000000000e+01	-5.680788894976841752e-02	2.245718869340019019e-01
-8.800000000000000000e+01	-8.437626846776687117e-02	2.164508614664089614e-01
-8.700000000000000000e+01	-1.109176252588948697e-01	2.049004213349423231e-01
-8.600000000000000000e+01	-1.359996548002727346e-01	1.900347931051536154e-01
-8.500000000000000000e+01	-1.592001755864297374e-01	1.720241889724980489e-01
-8.400000000000000000e+01	-1.801143834914796793e-01	1.510930269410207250e-01
-8.300000000000000000e+01	-1.983622478920200882e-01	1.275210827234184718e-01
-8.200000000000000000e+01	-2.135974141556832573e-01	1.016361640440069519e-01
-8.100000000000000000e+01	-2.255134315934501088e-01	7.381304850411456175e-02
-8.000000000000000000e+01	-2.338513734025435553e-01	4.446957962056161812e-02
-7.900000000000000000e+01	-2.383996209215402673e-01	1.405965284184275410e-02
-7.800000000000000000e+01	-2.389996192339262360e-01	-1.693132010704171894e-02
-7.700000000000000000e+01	-2.355541618223201128e-01	-4.799419267173712922e-02
-7.600000000000000000e+01	-2.280335143420557376e-01	-7.859942642113530720e-02
-7.500000000000000000e+01	-2.164773205346003648e-01	-1.082066301684659199e-01
-7.400000000000000000e+01	-2.009977295073440695e-01	-1.362728430441753069e-01
-7.300000000000000000e+01	-1.817822535488120006e-01	-1.622693494209374310e-01
-7.200000000000000000e+01	-1.590878541920580092e-01	-1.856871932795818025e-01
-7.100000000000000000e+01	-1.332438817339912096e-01	-2.060483036330005291e-01
-7.000000000000000000e+01	-1.046488023810963480e-01	-2.229136340561601315e-01
-6.900000000000000000e+01	-7.376212263601175656e-02	-2.358900322003915362e-01
-6.800000000000000000e+01	-4.109868878771533174e-02	-2.446398957068461888e-01
-6.700000000000000000e+01	-7.226395771066502355e-03	-2.488932491826066351e-01
-6.600000000000000000e+01	2.724272758102874031e-02	-2.484548396319337660e-01
-6.500000000000000000e+01	6.165871715910969247e-02	-2.432093662552927138e-01
-6.400000000000000000e+01	9.534619044480088790e-02	-2.331362841460855317e-01
-6.300000000000000000e+01	1.276186509418635318e-01	-2.183087702967148047e-01
-6.200000000000000000e+01	1.577939137335600817e-01	-1.988967360986467203e-01
-6.100000000000000000e+01	1.852035379216194766e-01	-1.751702716552883399e-01
-6.000000000000000000e+01	2.092108994114085518e-01	-1.474969040503392170e-01
-5.900000000000000000e+01	2.292237555182470299e-01	-1.163399847892278294e-01
-5.800000000000000000e+01	2.447078701058189587e-01	-8.225476852468635580e-02
-5.700000000000000000e+01	2.552009346316342908e-01	-4.588233979492090109e-02
-5.600000000000000000e+01	2.603278638098679432e-01	-7.941331347062327919e-03
-5.500000000000000000e+01	2.598147561399392624e-01	3.078171272466107694e-02
-5.400000000000000000e+01	2.535014910692517387e-01	6.945203747191425192e-02
-5.300000000000000000e+01	2.413496610203932913e-01	1.071962734296011410e-01
-5.200000000000000000e+01	2.234527250844638158e-01	1.431212359172724657e-01
-5.100000000000000000e+01	2.000408697807448122e-01	1.763319689104322352e-01
-5.000000000000000000e+01	1.714827615437066743e-01	2.059576090714740348e-01
-4.900000000000000000e+01	1.382892222523371406e-01	2.311672790022362145e-01
-4.800000000000000000e+01	1.011103510492078472e-01	2.511947252015377385e-01
-4.700000000000000000e+01	6.072720698036310205e-02	2.653628839989446431e-01
-4.600000000000000000e+01	1.803998380229095491e-02	2.731062773430261714e-01
-4.500000000000000000e+01	-2.594041996283008231e-02	2.739912296911896084e-01
-4.400000000000000000e+01	-7.011830287374590243e-02	2.677393436838010343e-01
-4.300000000000000000e+01	-1.133289279369367741e-01	2.542461448648340450e-01
-4.200000000000000000e+01	-1.543663779489975185e-01	2.335959314766170303e-01
-4.100000000000000000e+01	-1.920189590946239644e-01	2.060709574738971150e-01
-4.000000000000000000e+01	-2.250935272120330732e-01	1.721628440841553309e-01
-3.900000000000000000e+01	-2.524525839269073924e-01	1.325774009283920973e-01
-3.800000000000000000e+01	-2.730557536238178429e-01	8.822743420010428772e-02
-3.700000000000000000e+01	-2.859926116958754760e-01	4.022209966104796364e-02
-3.600000000000000000e+01	-2.905314090185089904e-01	-1.013600668663047072e-02
-3.500000000000000000e+01	-2.861486594889711133e-01	-6.139371931650063063e-02
-3.400000000000000000e+01	-2.725648031185078923e-01	-1.119677574345056270e-01
-3.300000000000000000e+01	-2.497802029592705864e-01	-1.601786425779585243e-01
-3.200000000000000000e+01	-2.180971526961081874e-01	-2.043054194782869259e-01
-3.100000000000000000e+01	-1.781436006223732493e-01	-2.426444730901449742e-01
-3.000000000000000000e+01	-1.308907720470151581e-01	-2.735525438751421623e-01
-2.900000000000000000e+01	-7.764503319749566090e-02	-2.955276611502662965e-01
-2.800000000000000000e+01	-2.002492413437722413e-02	-3.072767576700549674e-01
-2.700000000000000000e+01	4.004130680820033872e-02	-3.077756215943296403e-01
-2.600000000000000000e+01	1.003608313756236825e-01	-2.963515327348895112e-01
-2.500000000000000000e+01	1.585339987827690256e-01	-2.727509066487481260e-01
-2.400000000000000000e+01	2.120258864032609769e-01	-2.372043821092541527e-01
-2.300000000000000000e+01	2.582756004652612125e-01	-1.904674572850048597e-01
-2.200000000000000000e+01	2.947907025385569368e-01	-1.338564298240893513e-01
-2.100000000000000000e+01	3.192668435498377533e-01	-6.926968569516525620e-02
-2.000000000000000000e+01	3.297239078783716359e-01	8.177513673584758036e-04
-1.900000000000000000e+01	3.246562569191211445e-01	7.339758096125410802e-02
-1.800000000000000000e+01	3.031795353970423990e-01	1.450041137957621684e-01
-1.700000000000000000e+01	2.651696804681225594e-01	2.118237992068606745e-01
-1.600000000000000000e+01	2.114013727443141422e-01	2.698558667883243500e-01
-1.500000000000000000e+01	1.436413877533734285e-01	3.151115893013485270e-01
-1.400000000000000000e+01	6.471673380269613030e-02	3.438637082295010750e-01
-1.300000000000000000e+01	-2.147497121969599992e-02	3.529253195730254755e-01
-1.200000000000000000e+01	-1.100234475003618734e-01	3.399579198527332702e-01
-1.100000000000000000e+01	-1.951602528183713214e-01	3.038292949530242981e-01
-1.000000000000000000e+01	-2.705211213587582764e-01	2.449300005882688591e-01
-9.000000000000000000e+00	-3.295506784961034774e-01	1.654580682407242320e-01
-8.000000000000000000e+00	-3.659902480540407899e-01	6.961733039436786286e-02
-7.000000000000000000e+00	-3.745367937301772865e-01	-3.632031308721530433e-02
-6.000000000000000000e+00	-3.515197387020029263e-01	-1.441185758684029039e-01
-5.000000000000000000e+00	-2.957191422987079932e-01	-2.439366256596238181e-01
-4.000000000000000000e+00	-2.091186573737260634e-01	-3.250304738132722693e-01
-3.000000000000000000e+00	-9.747042554367446598e-02	-3.768204389107321362e-01
-2.000000000000000000e+00	2.941701284720724813e-02	-3.903173133848028553e-01
-1.000000000000000000e+00	1.580338735594620236e-01	-3.598452435533563976e-01
0.000000000000000000e+00	2.721737017526401625e-01	-2.846873644352362343e-01
1.000000000000000000e+00	3.549561021545926121e-01	-1.704895048735554641e-01
2.000000000000000000e+00	3.914861875768084198e-01	-2.989846744029280717e-02
3.000000000000000000e+00	3.720234150986855282e-01	1.180022302921998056e-01
4.000000000000000000e+00	2.950776724962685948e-01	2.497975938198876145e-01
5.000000000000000000e+00	1.696519507805836213e-01	3.415702531807036091e-01
6.000000000000000000e+00	1.561432882833119033e-02	3.741055485995679053e-01
7.000000000000000000e+00	-1.388125663416960032e-01	3.383260653325757539e-01
8.000000000000000000e+00	-2.625703136596053699e-01	2.392358273100562149e-01
9.000000000000000000e+00	-3.291949472160336509e-01	9.654060912780994264e-02
1.000000000000000000e+01	-3.242625259734955301e-01	-5.873991829393829245e-02
1.100000000000000000e+01	-2.499668733208920135e-01	-1.915751983113290757e-01
1.200000000000000000e+01	-1.256245736115798872e-01	-2.719729427401519906e-01
1.300000000000000000e+01	1.701688354334536177e-02	-2.832773345751197769e-01
1.400000000000000000e+01	1.422833247472139184e-01	-2.268951946706187772e-01
1.500000000000000000e+01	2.204744010534496479e-01	-1.216946241421699160e-01
1.600000000000000000e+01	2.359428140744829205e-01	1.728078583666522528e-03
1.700000000000000000e+01	1.907816427678225291e-01	1.102007926676341343e-01
1.800000000000000000e+01	1.030490065541991851e-01	1.773661827023965409e-01
1.900000000000000000e+01	4.454388884439892623e-04	1.904523622546907269e-01
2.000000000000000000e+01	-8.829185495909511183e-02	1.525671455171355717e-01
2.100000000000000000e+01	-1.414634445410300756e-01	8.017820339159180409e-02
2.200000000000000000e+01	-1.495773097143034414e-01	-2.903066522352322574e-03
2.300000000000000000e+01	-1.165099291400989306e-01	-7.294956465795453260e-02
2.400000000000000000e+01	-5.682590173117528509e-02	-1.128344860071667927e-01
2.500000000000000000e+01	9.544517209190155407e-03	-1.159295379683248362e-01
2.600000000000000000e+01	6.351700498753724833e-02	-8.660967827064804114e-02
2.700000000000000000e+01	9.203748603770828263e-02	-3.760222969098750423e-02
2.800000000000000000e+01	9.096968301247533584e-02	1.467229066329220864e-02
2.900000000000000000e+01	6.501218768466603126e-02	5.525202087529797884e-02
3.000000000000000000e+01	2.511104602827042565e-02	7.464700752844924403e-02
3.100000000000000000e+01	-1.550582888948623742e-02	7.066366775815335899e-02
3.200000000000000000e+01	-4.542275574109409797e-02	4.799052938373959964e-02
3.300000000000000000e+01	-5.791949841598898613e-02	1.580057074676917417e-02
3.400000000000000000e+01	-5.219510464120618448e-02	-1.544594095911489343e-02
3.500000000000000000e+01	-3.267928274881458373e-02	-3.716377332222403629e-02
3.600000000000000000e+01	-6.962151812852845553e-03	-4.475098643455611980e-02
3.700000000000000000e+01	1.677835941490742055e-02	-3.828942931740931394e-02
3.800000000000000000e+01	3.221163755061082212e-02	-2.181543512596091985e-02
3.900000000000000000e+01	3.632966210929811784e-02	-1.515318050109066726e-03
4.000000000000000000e+01	2.976693566140094227e-02	1.632368596672090569e-02
4.100000000000000000e+01	1.606006717712839260e-02	2.711297898722334759e-02
4.200000000000000000e+01	1.493502105514127017e-04	2.893512219745571906e-02
4.300000000000000000e+01	-1.316338720645848434e-02	2.269669045822914066e-02
4.400000000000000000e+01	-2.057349318434507218e-02	1.140841254421077165e-02
4.500000000000000000e+01	-2.093954297909203510e-02	-9.901704413429076018e-04
4.600000000000000000e+01	-1.524844846134317845e-02	-1.087201149793749592e-02
4.700000000000000000e+01	-6.024991293889571907e-03	-1.586342784569655037e-02
4.800000000000000000e+01	3.606732348399230119e-03	-1.533645103472189991e-02
4.900000000000000000e+01	1.088266964269051645e-02	-1.027495759757842027e-02
5.000000000000000000e+01	1.412738833528333869e-02	-2.813580253456726948e-03
5.100000000000000000e+01	1.302481017969757404e-02	4.574106978210937258e-03
5.200000000000000000e+01	8.643566896570467270e-03	9.856682817201109156e-03
5.300000000000000000e+01	2.652558209248681055e-03	1.189567519640302717e-02
5.400000000000000000e+01	-3.021244469259279190e-03	1.052671198371130969e-02
5.500000000000000000e+01	-6.788399843330690520e-03	6.717772764680923943e-03
5.600000000000000000e+01	-7.903997409047201772e-03	1.933824180736788169e-03
5.700000000000000000e+01	-6.463468162209930375e-03	-2.341506407853814233e-03
5.800000000000000000e+01	-3.271691808885886840e-03	-4.983904937096351843e-03
5.900000000000000000e+01	4.990140020947395191e-04	-5.503351296426143256e-03
6.000000000000000000e+01	3.691324164105365749e-03	-4.089045795905585715e-03
6.100000000000000000e+01	5.485461965907204550e-03	-1.440786527184220647e-03
6.200000000000000000e+01	5.606378348223205015e-03	1.489308715252087110e-03
6.300000000000000000e+01	4.281905730873148373e-03	3.835027852486434709e-03
6.400000000000000000e+01	2.114689841031412373e-03	5.027884708096865690e-03
6.500000000000000000e+01	-1.539160768406451561e-04	4.910952241818215304e-03
6.600000000000000000e+01	-1.874819835895166027e-03	3.729363523038815246e-03
6.700000000000000000e+01	-2.663704610308066049e-03	1.980265074486510426e-03
6.800000000000000000e+01	-2.443988297518276311e-03	2.320582038955658702e-04
6.900000000000000000e+01	-1.438798714514149483e-03	-1.028485310685987994e-03
7.000000000000000000e+01	-5.088850957311930777e-05	-1.528893697441651225e-03
7.100000000000000000e+01	1.270687528724090713e-03	-1.248301933771404004e-03
7.200000000000000000e+01	2.168149775696962250e-03	-3.926888740064634806e-04
7.300000000000000000e+01	2.453245299961142462e-03	7.097296454180399570e-04
7.400000000000000000e+01	2.140038858974248857e-03	1.710099279328721475e-03
7.500000000000000000e+01	1.406716939594669777e-03	2.343174090314838458e-03
7.600000000000000000e+01	5.230556271126648830e-04	2.483647292944154029e-03
7.700000000000000000e+01	-2.392734890818637374e-04	2.168376220405080542e-03
7.800000000000000000e+01	-6.861429990633539011e-04	1.554862663961234254e-03
7.900000000000000000e+01	-7.421064952079775697e-04	8.593147109718341599e-04
8.000000000000000000e+01	-4.539234970001999035e-04	2.893547594766757440e-04
8.100000000000000000e+01	3.931821093465383656e-05	-8.675031962295869941e-06
8.200000000000000000e+01	5.737802382253020866e-04	-1.309869653583565081e-05
8.300000000000000000e+01	9.838221490851635671e-04	2.457879377865358414e-04
8.400000000000000000e+01	1.175249348141917160e-03	6.464552754702411171e-04
8.500000000000000000e+01	1.127605855898312567e-03	1.053119296286452984e-03
8.600000000000000000e+01	8.888709766311186878e-04	1.346587887536113614e-03
8.700000000000000000e+01	5.576322277709368398e-04	1.462475059300249796e-03
8.800000000000000000e+01	2.389593498229056559e-04	1.391006979178919340e-03
8.900000000000000000e+01	2.021287210374949559e-05	1.182853415792517807e-03
9.000000000000000000e+01	-5.403709231520820313e-05	9.163003654144034806e-04
9.100000000000000000e+01	1.292387182637247609e-05	6.745429564264454007e-04
9.200000000000000000e+01	1.794152483873928097e-04	5.197469641633832137e-04
9.300000000000000000e+01	3.808569995486654628e-04	4.764306255368630483e-04
9.400000000000000000e+01	5.532497719310647656e-04	5.387735995950902529e-04
9.500000000000000000e+01	6.604772093411112035e-04	6.789493378903290865e-04
9.600000000000000000e+01	6.824858977005003428e-04	8.484533231889781731e-04
9.700000000000000000e+01	5.997238411801442343e-04	9.600814443603455017e-04
9.800000000000000000e+01	4.733308454997970705e-04	1.012936850926064291e-03
9.900000000000000000e+01	3.453344877582397604e-04	1.008429175687401399e-03
1.000000000000000000e+02	2.442533377689740256e-04	9.462473834052371330e-04
1.010000000000000000e+02	1.920356894643986459e-04	8.459186827778985380e-04
1.020000000000000000e+02	1.968729910216620129e-04	7.462993344913153608e-04
1.030000000000000000e+02	2.458151045553997965e-04	6.654333864302969378e-04
1.040000000000000000e+02	3.185898994295199935e-04	6.274458261707819813e-04
1.050000000000000000e+02	3.881175624513131151e-04	6.307148954215036464e-04
1.060000000000000000e+02	4.369513231905881000e-04	6.697543224371195914e-04
1.070000000000000000e+02	4.518457055087036849e-04	7.232756918501700386e-04
