# # Time 	 h_plus 	 h_cross 
# 
-4.090000000000000000e+02	1.606242989966172874e-01	-6.180697211970822419e-02
-4.080000000000000000e+02	1.652780888340742715e-01	-4.835101552282625170e-02
-4.070000000000000000e+02	1.688090051678287073e-01	-3.453516534905141933e-02
-4.060000000000000000e+02	1.711881090113511195e-01	-2.045302192496038785e-02
-4.050000000000000000e+02	1.723943898475833458e-01	-6.200433460494795060e-03
-4.040000000000000000e+02	1.724150104189387800e-01	8.125024518849421548e-03
-4.030000000000000000e+02	1.712450743234363582e-01	2.242473492087387540e-02
-4.020000000000000000e+02	1.688878880227284440e-01	3.659967820913126446e-02
-4.010000000000000000e+02	1.653550015305821352e-01	5.055111462045224630e-02
-4.000000000000000000e+02	1.606661924019638643e-01	6.418127099997765483e-02
-3.990000000000000000e+02	1.548493924833832525e-01	7.739402754920397809e-02
-3.980000000000000000e+02	1.479405572743643094e-01	9.009559972029457242e-02
-3.970000000000000000e+02	1.399834781460226607e-01	1.021952104599262168e-01
-3.960000000000000000e+02	1.310295380632133799e-01	1.136057480085930771e-01
-3.950000000000000000e+02	1.211372562573158618e-01	1.242445562075173426e-01
-3.940000000000000000e+02	1.103723256757934146e-01	1.340336091997778312e-01
-3.930000000000000000e+02	9.880699258310263189e-02	1.429005122510564885e-01
-3.920000000000000000e+02	8.651963910536897284e-02	1.507792164376027810e-01
-3.910000000000000000e+02	7.359382660033632340e-02	1.576096552765145209e-01
-3.900000000000000000e+02	6.011838963632005345e-02	1.633391065553987942e-01
-3.890000000000000000e+02	4.618660590554363871e-02	1.679223302863216416e-01
-3.880000000000000000e+02	3.189556988829450601e-02	1.713219508595285046e-01
-3.870000000000000000e+02	1.734553301826813679e-02	1.735087871197469045e-01
-3.860000000000000000e+02	2.639214644766295879e-03	1.744621273802157424e-01
-3.850000000000000000e+02	-1.211891164335874953e-02	1.741699467404397850e-01
-3.840000000000000000e+02	-2.682335152580446816e-02	1.726290644489724690e-01
-3.830000000000000000e+02	-4.136816644959848827e-02	1.698452813005746909e-01
-3.820000000000000000e+02	-5.564773264490759097e-02	1.658334906052686408e-01
-3.810000000000000000e+02	-6.955853874358293443e-02	1.606172905153768482e-01
-3.800000000000000000e+02	-8.299859057120115291e-02	1.542291923135797604e-01
-3.790000000000000000e+02	-9.586865580689836464e-02	1.467103824909388732e-01
-3.780000000000000000e+02	-1.080734919968503738e-01	1.381111190808006761e-01
-3.770000000000000000e+02	-1.195212493365985923e-01	1.284885284643641490e-01
-3.760000000000000000e+02	-1.301253144659843819e-01	1.179081594697552055e-01
-3.750000000000000000e+02	-1.398046838100965306e-01	1.064429880890069013e-01
-3.740000000000000000e+02	-1.484845851182903798e-01	9.417292156487308552e-02
-3.730000000000000000e+02	-1.560970775966504520e-01	8.118427329157701378e-02
-3.720000000000000000e+02	-1.625816084345372003e-01	6.756918516951307407e-02
-3.710000000000000000e+02	-1.678855210789311214e-01	5.342500097260285269e-02
-3.700000000000000000e+02	-1.719645108943901324e-01	3.885359470104361723e-02
-3.690000000000000000e+02	-1.747830241675934759e-01	2.396065828433134245e-02
-3.680000000000000000e+02	-1.763145967721358454e-01	8.854953366066760714e-03
-3.670000000000000000e+02	-1.765421291993940767e-01	-6.352467759667127477e-03
-3.660000000000000000e+02	-1.754580950828282249e-01	-2.154906668414483667e-02
-3.650000000000000000e+02	-1.730646807933634290e-01	-3.662164324389674541e-02
-3.640000000000000000e+02	-1.693738541598438507e-01	-5.145717382170550414e-02
-3.630000000000000000e+02	-1.644073608678525422e-01	-6.594365751104741546e-02
-3.620000000000000000e+02	-1.581966476092347695e-01	-7.997096391327293552e-02
-3.610000000000000000e+02	-1.507827115898719428e-01	-9.343167622817039053e-02
-3.600000000000000000e+02	-1.422158765510203871e-01	-1.062219232353893428e-01
-3.590000000000000000e+02	-1.325554960158441820e-01	-1.182421937483976032e-01
-3.580000000000000000e+02	-1.218695850338107484e-01	-1.293981271548347300e-01
-3.570000000000000000e+02	-1.102345736573838997e-01	-1.396009497739920946e-01
-3.560000000000000000e+02	-9.773436031708600258e-02	-1.487688773045044710e-01
-3.550000000000000000e+02	-8.446006970060719599e-02	-1.568277541230422567e-01
-3.540000000000000000e+02	-7.050928389542068797e-02	-1.637110787512675025e-01
-3.530000000000000000e+02	-5.598540541579188901e-02	-1.693608655985563427e-01
-3.520000000000000000e+02	-4.099692052745106119e-02	-1.737281639407052547e-01
-3.510000000000000000e+02	-2.565661549330890828e-02	-1.767735138148676943e-01
-3.500000000000000000e+02	-1.008075107549360160e-02	-1.784673344968772946e-01
-3.490000000000000000e+02	5.611798967588331813e-03	-1.787902416711830977e-01
-3.480000000000000000e+02	2.130043928310186574e-02	-1.777332898855200349e-01
-3.470000000000000000e+02	3.686376779109876850e-02	-1.752981373993297010e-01
-3.460000000000000000e+02	5.218050729933913778e-02	-1.714971310835572971e-01
-3.450000000000000000e+02	6.713044690933980818e-02	-1.663533096063628536e-01
-3.440000000000000000e+02	8.159538606819524698e-02	-1.599003237405987599e-01
-3.430000000000000000e+02	9.546007398282270462e-02	-1.521822732505877518e-01
-3.420000000000000000e+02	1.086131370291255754e-01	-1.432534604534526079e-01
-3.410000000000000000e+02	1.209479867600607994e-01	-1.331780611992577079e-01
-3.400000000000000000e+02	1.323637011446394951e-01	-1.220297146700594360e-01
-3.390000000000000000e+02	1.427658717561786916e-01	-1.098910340553539838e-01
-3.380000000000000000e+02	1.520667683507107570e-01	-9.685263228813796588e-02
-3.370000000000000000e+02	1.601876495801800582e-01	-8.301366859769318540e-02
-3.360000000000000000e+02	1.670586445710980639e-01	-6.848024380510586706e-02
-3.350000000000000000e+02	1.726190041072237502e-01	-5.336448387745369726e-02
-3.340000000000000000e+02	1.768179961220930074e-01	-3.778384083418016848e-02
-3.330000000000000000e+02	1.796153009481447071e-01	-2.186062024700638484e-02
-3.320000000000000000e+02	1.809815816204372596e-01	-5.720613315209928731e-03
-3.310000000000000000e+02	1.808987652172000249e-01	1.050773364213361712e-02
-3.300000000000000000e+02	1.793602964005637512e-01	2.669432531615738291e-02
-3.290000000000000000e+02	1.763713013881337555e-01	4.270844884267654962e-02
-3.280000000000000000e+02	1.719486597510054005e-01	5.841982260556206202e-02
-3.270000000000000000e+02	1.661209821320286661e-01	7.369965420068547157e-02
-3.260000000000000000e+02	1.589284927050959584e-01	8.842169914013757459e-02
-3.250000000000000000e+02	1.504228159467577153e-01	1.024633117282857248e-01
-3.240000000000000000e+02	1.406666680599586994e-01	1.157064794596418950e-01
-3.230000000000000000e+02	1.297335514106832954e-01	1.280389282456671773e-01
-3.220000000000000000e+02	1.177069993528733621e-01	1.393548858157861448e-01
-3.210000000000000000e+02	1.046801475019245864e-01	1.495560851333851971e-01
-3.200000000000000000e+02	9.075513923380046366e-02	1.585527466603577074e-01
-3.190000000000000000e+02	7.604230642808071372e-02	1.662643483330990546e-01
-3.180000000000000000e+02	6.065933991002649822e-02	1.726203843006142435e-01
-3.170000000000000000e+02	4.473038856862238816e-02	1.775610502741479524e-01
-3.160000000000000000e+02	2.838509354252425482e-02	1.810378487023016625e-01
-3.150000000000000000e+02	1.175756451741938671e-02	1.830141075312038956e-01
-3.140000000000000000e+02	-5.014694215570379351e-03	1.834654069178656421e-01
-3.130000000000000000e+02	-2.179189973610216879e-02	1.823799089326474943e-01
-3.120000000000000000e+02	-3.843313980346632630e-02	1.797585860096142518e-01
-3.110000000000000000e+02	-5.479754636126673434e-02	1.756153446767269033e-01
-3.100000000000000000e+02	-7.074572838232957850e-02	1.699776297212068077e-01
-3.090000000000000000e+02	-8.613999032627095431e-02	1.628850337329378062e-01
-3.080000000000000000e+02	-1.008459635649971986e-01	1.543902515069294212e-01
-3.070000000000000000e+02	-1.147360474567766658e-01	1.445574882217316171e-01
-3.060000000000000000e+02	-1.276874074277023208e-01	1.334633472509594021e-01
-3.050000000000000000e+02	-1.395842480755449533e-01	1.211958185075757422e-01
-3.040000000000000000e+02	-1.503188788646512564e-01	1.078536460106401113e-01
-3.030000000000000000e+02	-1.597927244586675455e-01	9.354559483132589282e-02
-3.020000000000000000e+02	-1.679172701215810859e-01	7.838962210737214498e-02
-3.010000000000000000e+02	-1.746149329970732023e-01	6.251195772957908459e-02
-3.000000000000000000e+02	-1.798198505429326743e-01	4.604610119027333776e-02
-2.990000000000000000e+02	-1.834785779500300307e-01	2.913174193270439208e-02
-2.980000000000000000e+02	-1.855506870110012474e-01	1.191361134442994740e-02
-2.970000000000000000e+02	-1.860092596191424974e-01	-5.459724711826877824e-03
-2.960000000000000000e+02	-1.848412698685648614e-01	-2.283712324698719542e-02
-2.950000000000000000e+02	-1.820478495874993108e-01	-4.006616117073694139e-02
-2.940000000000000000e+02	-1.776444330618941192e-01	-5.699446124522476037e-02
-2.930000000000000000e+02	-1.716607776895680559e-01	-7.347103575779995177e-02
-2.920000000000000000e+02	-1.641408583389268871e-01	-8.934763633047507203e-02
-2.910000000000000000e+02	-1.551427659553546445e-01	-1.044801866932280887e-01
-2.900000000000000000e+02	-1.447379917139321182e-01	-1.187297885280230725e-01
-2.890000000000000000e+02	-1.330121023243900635e-01	-1.319635590401521397e-01
-2.880000000000000000e+02	-1.200615142245645417e-01	-1.440585637889526538e-01
-2.870000000000000000e+02	-1.059951903118800942e-01	-1.548998851291470968e-01
-2.860000000000000000e+02	-9.093303639166125385e-02	-1.643828829341580922e-01
-2.850000000000000000e+02	-7.500494647314291663e-02	-1.724142518718564943e-01
-2.840000000000000000e+02	-5.834974455016248701e-02	-1.789129915545482619e-01
-2.830000000000000000e+02	-4.111403064244073535e-02	-1.838112793160097957e-01
-2.820000000000000000e+02	-2.345093989571771231e-02	-1.870552360419017179e-01
-2.810000000000000000e+02	-5.518824505782721559e-03	-1.886055762557465043e-01
-2.800000000000000000e+02	1.252013086823873696e-02	-1.884381345367563965e-01
-2.790000000000000000e+02	3.050134871123736865e-02	-1.865442613125981586e-01
-2.780000000000000000e+02	4.825928190728415862e-02	-1.829308579321050066e-01
-2.770000000000000000e+02	6.562874123591802555e-02	-1.776208320089059378e-01
-2.760000000000000000e+02	8.244696042245926171e-02	-1.706536820310369795e-01
-2.750000000000000000e+02	9.855527168116740011e-02	-1.620838916312355438e-01
-2.740000000000000000e+02	1.137998334640682591e-01	-1.519813889181478861e-01
-2.730000000000000000e+02	1.280334767044100375e-01	-1.404309823360156972e-01
-2.720000000000000000e+02	1.411171544776743392e-01	-1.275317452774374638e-01
-2.710000000000000000e+02	1.529213371998348059e-01	-1.133962586155302932e-01
-2.700000000000000000e+02	1.633273393796440542e-01	-9.814971571004538209e-02
-2.690000000000000000e+02	1.722285642898619684e-01	-8.192889582040052687e-02
-2.680000000000000000e+02	1.795316729484552343e-01	-6.488095913931982150e-02
-2.670000000000000000e+02	1.851575831878640721e-01	-4.716206257676751334e-02
-2.660000000000000000e+02	1.890418589008343031e-01	-2.893656931208109240e-02
-2.650000000000000000e+02	1.911370745002828331e-01	-1.037517579991961009e-02
-2.640000000000000000e+02	1.914120231515800408e-01	8.346806363125739564e-03
-2.630000000000000000e+02	1.898526512526201304e-01	2.705091398659278945e-02
-2.620000000000000000e+02	1.864624020327453058e-01	4.555720734778771069e-02
-2.610000000000000000e+02	1.812623960907881748e-01	6.368598484529286452e-02
-2.600000000000000000e+02	1.742914441663040159e-01	8.125952145214399014e-02
-2.590000000000000000e+02	1.656058889553657931e-01	9.810381461045404594e-02
-2.580000000000000000e+02	1.552792743674545339e-01	1.140503207876613634e-01
-2.570000000000000000e+02	1.434018422596188558e-01	1.289376656448714964e-01
-2.560000000000000000e+02	1.300798583638866912e-01	1.426133106569688336e-01
-2.550000000000000000e+02	1.154347708284572255e-01	1.549351590780524979e-01
-2.540000000000000000e+02	9.960220650697355904e-02	1.657730843678539845e-01
-2.530000000000000000e+02	8.273081183601926902e-02	1.750103645884485970e-01
-2.520000000000000000e+02	6.498094682265635746e-02	1.825450068459431030e-01
-2.510000000000000000e+02	4.652308056078466314e-02	1.882913643055234287e-01
-2.500000000000000000e+02	2.753625700826025507e-02	1.921809364148623356e-01
-2.490000000000000000e+02	8.207242847412225470e-03	1.941613955613836762e-01
-2.480000000000000000e+02	-1.127235428795405475e-02	1.942002002327372356e-01
-2.470000000000000000e+02	-3.070753440079754260e-02	1.922840095587347864e-01
-2.460000000000000000e+02	-4.990182528535887230e-02	1.884190677111077517e-01
-2.450000000000000000e+02	-6.865924885203586459e-02	1.826313969101397705e-01
-2.440000000000000000e+02	-8.678631464895011915e-02	1.749667933202014580e-01
-2.430000000000000000e+02	-1.040940208916558696e-01	1.654906219809250678e-01
-2.420000000000000000e+02	-1.203998427784649800e-01	1.542874088744456973e-01
-2.410000000000000000e+02	-1.355296875265566414e-01	1.414602302547076640e-01
-2.400000000000000000e+02	-1.493197954230753299e-01	1.271299014435984531e-01
-2.390000000000000000e+02	-1.616185662530136846e-01	1.114339694111460832e-01
-2.380000000000000000e+02	-1.722882907478611447e-01	9.452551558238461715e-02
-2.370000000000000000e+02	-1.812067671995485907e-01	7.657177742992793412e-02
-2.360000000000000000e+02	-1.882687841042044730e-01	5.775259949726112285e-02
-2.350000000000000000e+02	-1.933874506398048365e-01	3.825872652952196085e-02
-2.340000000000000000e+02	-1.964953526285499463e-01	1.829001037643851468e-02
-2.330000000000000000e+02	-1.975455588449540056e-01	-1.946509594563516389e-03
-2.320000000000000000e+02	-1.965129841664326749e-01	-2.223932000883076937e-02
-2.310000000000000000e+02	-1.933932040127679108e-01	-4.237387631527233384e-02
-2.300000000000000000e+02	-1.882042314314333331e-01	-6.213495749784395811e-02
-2.290000000000000000e+02	-1.809864762571194441e-01	-8.130903951607547364e-02
-2.280000000000000000e+02	-1.718024812129948509e-01	-9.968659938446869373e-02
-2.270000000000000000e+02	-1.607367059924337815e-01	-1.170642255083813171e-01
-2.260000000000000000e+02	-1.478949171406414020e-01	-1.332470940931423931e-01
-2.250000000000000000e+02	-1.334026860075057941e-01	-1.480518509519294090e-01
-2.240000000000000000e+02	-1.174050719379193392e-01	-1.613076744279716424e-01
-2.230000000000000000e+02	-1.000650897150642538e-01	-1.728587238830222028e-01
-2.220000000000000000e+02	-8.156219447310283921e-02	-1.825660553632918737e-01
-2.210000000000000000e+02	-6.209055954307261815e-02	-1.903093879046161008e-01
-2.200000000000000000e+02	-4.185716146194935761e-02	-1.959886978695151438e-01
-2.190000000000000000e+02	-2.107968885789057376e-02	-1.995256199984583312e-01
-2.180000000000000000e+02	1.570570000833784784e-05	-2.008646354203204032e-01
-2.170000000000000000e+02	2.119678956130711597e-02	-1.999740286950449641e-01
-2.160000000000000000e+02	4.222762098294696037e-02	-1.968460144954778113e-01
-2.150000000000000000e+02	6.287124137833959014e-02	-1.914985308844692757e-01
-2.140000000000000000e+02	8.289199606290112432e-02	-1.839753377230911036e-01
-2.130000000000000000e+02	1.020594518532471490e-01	-1.743444526830822683e-01
-2.120000000000000000e+02	1.201502281312867709e-01	-1.626983429479696430e-01
-2.110000000000000000e+02	1.369502360661109530e-01	-1.491535359574677755e-01
-2.100000000000000000e+02	1.522576088258583149e-01	-1.338495474992353884e-01
-2.090000000000000000e+02	1.658851946868430127e-01	-1.169476437563400362e-01
-2.080000000000000000e+02	1.776629301802676586e-01	-9.862933076493433926e-02
-2.070000000000000000e+02	1.874400633138092465e-01	-7.909458218637767379e-02
-2.060000000000000000e+02	1.950871977949187597e-01	-5.855981959612938104e-02
-2.050000000000000000e+02	2.004981304337500880e-01	-3.725566273308576759e-02
-2.040000000000000000e+02	2.035907710714532359e-01	-1.542441844269106140e-02
-2.030000000000000000e+02	2.043102981335026269e-01	6.682252325691391895e-03
-2.020000000000000000e+02	2.026289443634031184e-01	2.880656609875166529e-02
-2.010000000000000000e+02	1.985467028009243462e-01	5.068744100975385719e-02
-2.000000000000000000e+02	1.920919978088653779e-01	7.206349171966057454e-02
-1.990000000000000000e+02	1.833218077879558428e-01	9.267612690523457930e-02
-1.980000000000000000e+02	1.723214508777104192e-01	1.122726765227595874e-01
-1.970000000000000000e+02	1.592040278135856968e-01	1.306095122148626664e-01
-1.960000000000000000e+02	1.441095201965926498e-01	1.474551231601275991e-01
-1.950000000000000000e+02	1.272035465052404890e-01	1.625931093061343813e-01
-1.940000000000000000e+02	1.086757929574840020e-01	1.758250472707980905e-01
-1.930000000000000000e+02	8.873810417090485791e-02	1.869732139791962788e-01
-1.920000000000000000e+02	6.762221478357129112e-02	1.958831257911612667e-01
-1.910000000000000000e+02	4.557731667714209900e-02	2.024257793333947841e-01
-1.900000000000000000e+02	2.286726174133364708e-02	2.064996927203022192e-01
-1.890000000000000000e+02	-2.324500678092241226e-04	2.080326302460649979e-01
-1.880000000000000000e+02	-2.343797230605076248e-02	2.069837155508443827e-01
-1.870000000000000000e+02	-4.646042408104406746e-02	2.033423154564064916e-01
-1.860000000000000000e+02	-6.900929566856597863e-02	1.971307429254991195e-01
-1.850000000000000000e+02	-9.079618640322416334e-02	1.884040748189092507e-01
-1.840000000000000000e+02	-1.115384864345993904e-01	1.772499293100277262e-01
-1.830000000000000000e+02	-1.309630665299276742e-01	1.637879304034364769e-01
-1.820000000000000000e+02	-1.488099290219547510e-01	1.481687527352882339e-01
-1.810000000000000000e+02	-1.648357721409022536e-01	1.305727476196546222e-01
-1.800000000000000000e+02	-1.788174195745079742e-01	1.112081567200289833e-01
-1.790000000000000000e+02	-1.905551148231313108e-01	9.030894777166785514e-02
-1.780000000000000000e+02	-1.998756807397046864e-01	6.813250580253829569e-02
-1.770000000000000000e+02	-2.066345915759884022e-01	4.495577625756493056e-02
-1.760000000000000000e+02	-2.107191662310169411e-01	2.107235951576620289e-02
-1.750000000000000000e+02	-2.120500611089095322e-01	-3.210304119978689506e-03
-1.740000000000000000e+02	-2.105831427183584847e-01	-2.757514659444553970e-02
-1.730000000000000000e+02	-2.063107377935226028e-01	-5.169948421420703100e-02
-1.720000000000000000e+02	-1.992624297901496866e-01	-7.525919990212680266e-02
-1.710000000000000000e+02	-1.895053780158388879e-01	-9.793304493153709434e-02
-1.700000000000000000e+02	-1.771441412023516127e-01	-1.194070061428337687e-01
-1.690000000000000000e+02	-1.623199933431676290e-01	-1.393786818981976039e-01
-1.680000000000000000e+02	-1.452096324848846931e-01	-1.575615064216921435e-01
-1.670000000000000000e+02	-1.260233979314815400e-01	-1.736887280559534508e-01
-1.660000000000000000e+02	-1.050039829202219915e-01	-1.875186637678316337e-01
-1.650000000000000000e+02	-8.242249932734926898e-02	-1.988372585178458107e-01
-1.640000000000000000e+02	-5.857576232542584249e-02	-2.074619959080148124e-01
-1.630000000000000000e+02	-3.378268131649464490e-02	-2.132450663178291073e-01
-1.620000000000000000e+02	-8.380251790679240850e-03	-2.160761307023291444e-01
-1.610000000000000000e+02	1.727895271366728172e-02	-2.158847774931503261e-01
-1.600000000000000000e+02	4.283739707509599814e-02	-2.126422569900914550e-01
-1.590000000000000000e+02	6.793148769544303522e-02	-2.063622270470475695e-01
-1.580000000000000000e+02	9.219836573783989075e-02	-1.971018184300828424e-01
-1.570000000000000000e+02	1.152812745757650637e-01	-1.849617363526091796e-01
-1.560000000000000000e+02	1.368348137497349681e-01	-1.700857336193611069e-01
-1.550000000000000000e+02	1.565300523348669981e-01	-1.526595689212736362e-01
-1.540000000000000000e+02	1.740596013918030427e-01	-1.329094480581388960e-01
-1.530000000000000000e+02	1.891436512983579732e-01	-1.110982111046926318e-01
-1.520000000000000000e+02	2.015331699787027975e-01	-8.752370860351595117e-02
-1.510000000000000000e+02	2.110132558221194110e-01	-6.251428133636925677e-02
-1.500000000000000000e+02	2.174115726465540577e-01	-3.642631575808954331e-02
-1.490000000000000000e+02	2.205978579875955414e-01	-9.637468760446412167e-03
-1.480000000000000000e+02	2.204876024089882647e-01	1.745786059843485588e-02
-1.470000000000000000e+02	2.170446014870116569e-01	4.445390568917777924e-02
-1.460000000000000000e+02	2.102828869203491324e-01	7.093870033672236564e-02
-1.450000000000000000e+02	2.002669390754404921e-01	9.650290623276443214e-02
-1.440000000000000000e+02	1.871122959433200450e-01	1.207433028323637442e-01
-1.430000000000000000e+02	1.709848788549895859e-01	1.432700556431892591e-01
-1.420000000000000000e+02	1.520995956472641075e-01	1.637130555456393910e-01
-1.410000000000000000e+02	1.307182150105514751e-01	1.817282373438782184e-01
-1.400000000000000000e+02	1.071461298853237515e-01	1.970032890750994248e-01
-1.390000000000000000e+02	8.172885250131498025e-02	2.092635770232103010e-01
-1.380000000000000000e+02	5.484741985464215014e-02	2.182773346522419167e-01
-1.370000000000000000e+02	2.691317324342212824e-02	2.238603825298720040e-01
-1.360000000000000000e+02	-1.638099564367534759e-03	2.258802365521156152e-01
-1.350000000000000000e+02	-3.035259495819903758e-02	2.242595092521585953e-01
-1.340000000000000000e+02	-5.876541407861748945e-02	2.189785228849858989e-01
-1.330000000000000000e+02	-8.640795890577297744e-02	2.100772567004774438e-01
-1.320000000000000000e+02	-1.128159653119521211e-01	1.976557759309246487e-01
-1.310000000000000000e+02	-1.375350145389213352e-01	1.818743703229799835e-01
-1.300000000000000000e+02	-1.601315342098137418e-01	1.629523538895451817e-01
-1.290000000000000000e+02	-1.801992537125778893e-01	1.411656543456838997e-01
-1.280000000000000000e+02	-1.973665335394337306e-01	1.168437240712696390e-01
-1.270000000000000000e+02	-2.113035335442518259e-01	9.036537707062869407e-02
-1.260000000000000000e+02	-2.217289107691481909e-01	6.215365398880153686e-02
-1.250000000000000000e+02	-2.284159142197536851e-01	3.266976305401533831e-02
-1.240000000000000000e+02	-2.311977525604993755e-01	2.405709340607963074e-03
-1.230000000000000000e+02	-2.299719183138103640e-01	-2.812244503151702796e-02
-1.220000000000000000e+02	-2.247041696361077034e-01	-5.838248179014583067e-02
-1.210000000000000000e+02	-2.154307897762435808e-01	-8.783705536334901476e-02
-1.200000000000000000e+02	-2.022598542728739623e-01	-1.159519365105452365e-01
-1.190000000000000000e+02	-1.853711780238357920e-01	-1.422055717121300245e-01
-1.180000000000000000e+02	-1.650151514880034698e-01	-1.660987822155717830e-01
-1.170000000000000000e+02	-1.415100039615235783e-01	-1.871645658293139280e-01
-1.160000000000000000e+02	-1.152388824518394417e-01	-2.049767936551336045e-01
-1.150000000000000000e+02	-8.664353702665211765e-02	-2.191603113794729774e-01
-1.140000000000000000e+02	-5.621821834741413948e-02	-2.293987491660656464e-01
-1.130000000000000000e+02	-2.450214431659678352e-02	-2.354420575916738312e-01
-1.120000000000000000e+02	7.929229272610601939e-03	-2.371131485424064211e-01
-1.110000000000000000e+02	4.047372200861393265e-02	-2.343123109617940569e-01
-1.100000000000000000e+02	7.251327691208213355e-02	-2.270242862930990646e-01
-1.090000000000000000e+02	1.034254476045318311e-01	-2.153194068802398442e-01
-1.080000000000000000e+02	1.325950630755302895e-01	-1.993545536282037012e-01
-1.070000000000000000e+02	1.594270978837859787e-01	-1.793726897903069606e-01
-1.060000000000000000e+02	1.833579341957770337e-01	-1.557011898965818819e-01
-1.050000000000000000e+02	2.038676689594152158e-01	-1.287480546324263897e-01
-1.040000000000000000e+02	2.204919363802686771e-01	-9.899626468174707594e-02
-1.030000000000000000e+02	2.328329109213995163e-01	-6.699653086063456220e-02
-1.020000000000000000e+02	2.405694045282353311e-01	-3.335856468939005226e-02
-1.010000000000000000e+02	2.434659659820254118e-01	1.259291333121405516e-03
-1.000000000000000000e+02	2.413805939645597698e-01	3.616227323979834957e-02
-9.900000000000000000e+01	2.342706836642223511e-01	7.063219850190098625e-02
-9.800000000000000000e+01	2.221964218228746346e-01	1.039407672121892973e-01
-9.700000000000000000e+01	2.053261119332666917e-01	1.353662380442995083e-01
-9.600000000000000000e+01	1.839330515984890779e-01	1.642077747857374481e-01
-9.500000000000000000e+01	1.583943967166805689e-01	1.898012116117267778e-01
-9.400000000000000000e+01	1.291873763031515521e-01	2.115343658536721072e-01
-9.300000000000000000e+01	9.688088081325633982e-02	2.288634192771015485e-01
-9.200000000000000000e+01	6.212762505654016720e-02	2.413260355876992447e-01
-9.100000000000000000e+01	2.565252099149418694e-02	2.485549207012029693e-01
-9.000000000000000000e+01	-1.176089798162650857e-02	2.502890234762860655e-01
-8.900000000000000000e+01	-4.928525009062551671e-02	2.463841627294526548e-01
-8.800000000000000000e+01	-8.606798729712325513e-02	2.368203750400788288e-01
-8.700000000000000000e+01	-1.212493372121244417e-01	2.217066990932093085e-01
-8.600000000000000000e+01	-1.539799149502100450e-01	2.012847678811574281e-01
-8.500000000000000000e+01	-1.834437679490411033e-01	1.759274371115188973e-01
-8.400000000000000000e+01	-2.088786168579051250e-01	1.461335482008267184e-01
-8.300000000000000000e+01	-2.295947977670375062e-01	1.125238188509641440e-01
-8.200000000000000000e+01	-2.449947788430916762e-01	7.582947881306537075e-02
-8.100000000000000000e+01	-2.545916230179046114e-01	3.687941338132675467e-02
-8.000000000000000000e+01	-2.580255803810271864e-01	-3.416011684313582843e-03
-7.900000000000000000e+01	-2.550783972615357498e-01	-4.408403377969342257e-02
-7.800000000000000000e+01	-2.456861109770376583e-01	-8.410752636459092879e-02
-7.700000000000000000e+01	-2.299455150561495742e-01	-1.224588661359800601e-01
-7.600000000000000000e+01	-2.081173817595054765e-01	-1.581197659580525772e-01
-7.500000000000000000e+01	-1.806290751708489462e-01	-1.901048415628938948e-01
-7.400000000000000000e+01	-1.480705602071720473e-01	-2.174912653413328956e-01
-7.300000000000000000e+01	-1.111863224964051572e-01	-2.394460155639514531e-01
-7.200000000000000000e+01	-7.086287037490876517e-02	-2.552522846190195538e-01
-7.100000000000000000e+01	-2.811817560333167848e-02	-2.643338183823472076e-01
-7.000000000000000000e+01	1.594277081212661790e-02	-2.662818181935544537e-01
-6.900000000000000000e+01	6.013091752447420613e-02	-2.608655660372034002e-01
-6.800000000000000000e+01	1.032091231255183039e-01	-2.480523875239717957e-01
-6.700000000000000000e+01	1.439262758819412624e-01	-2.280205687523596536e-01
-6.600000000000000000e+01	1.810501809189651035e-01	-2.011612573105260593e-01
-6.500000000000000000e+01	2.134017151930832912e-01	-1.680855262685151674e-01
-6.400000000000000000e+01	2.399104091047186971e-01	-1.295975667436224943e-01
-6.300000000000000000e+01	2.596285643052769765e-01	-8.669958649091960567e-02
-6.200000000000000000e+01	2.717721494724756326e-01	-4.056703030930432219e-02
-6.100000000000000000e+01	2.757618048456896842e-01	7.475656377608285580e-03
-6.000000000000000000e+01	2.712442147518013824e-01	5.599091014095985974e-02
-5.900000000000000000e+01	2.581184316703923343e-01	1.034654011924639183e-01
-5.800000000000000000e+01	2.365565327277332486e-01	1.483491994672378744e-01
-5.700000000000000000e+01	2.070138712902738765e-01	1.891112413002941361e-01
-5.600000000000000000e+01	1.702150352702313518e-01	2.243021262038009944e-01
-5.500000000000000000e+01	1.271630431933662153e-01	2.525805720449165181e-01
-5.400000000000000000e+01	7.911839882120233480e-02	2.727771246237909453e-01
-5.300000000000000000e+01	2.757142406554091707e-02	2.839439882065349918e-01
-5.200000000000000000e+01	-2.579453747495369029e-02	2.854025141793595233e-01
-5.100000000000000000e+01	-7.914785661227180524e-02	2.767853858815216839e-01
-5.000000000000000000e+01	-1.305585520324799575e-01	2.580761464392779536e-01
-4.900000000000000000e+01	-1.781029985887577494e-01	2.296146997801813416e-01
-4.800000000000000000e+01	-2.198841823096821801e-01	1.921210463890687392e-01
-4.700000000000000000e+01	-2.541231216745644672e-01	1.466932927969491485e-01
-4.600000000000000000e+01	-2.792356228157329423e-01	9.479259170174132720e-02
-4.500000000000000000e+01	-2.939074285318492574e-01	3.822076348072440954e-02
-4.400000000000000000e+01	-2.971737495474349178e-01	-2.094669343112088439e-02
-4.300000000000000000e+01	-2.884738116289565224e-01	-8.042164372033649977e-02
-4.200000000000000000e+01	-2.677040525287857076e-01	-1.377632141353833106e-01
-4.100000000000000000e+01	-2.352637480918752244e-01	-1.904771780801767511e-01
-4.000000000000000000e+01	-1.920852936077240558e-01	-2.361107119462776682e-01
-3.900000000000000000e+01	-1.396132717409216961e-01	-2.723905671881628465e-01
-3.800000000000000000e+01	-7.979375777286334959e-02	-2.973128640188249516e-01
-3.700000000000000000e+01	-1.503481629550953644e-02	-3.092580080507312812e-01
-3.600000000000000000e+01	5.186504077319346873e-02	-3.071047183341040765e-01
-3.500000000000000000e+01	1.178065398714328582e-01	-2.903358115435807352e-01
-3.400000000000000000e+01	1.795686428466659601e-01	-2.590997970348531965e-01
-3.300000000000000000e+01	2.338906368779913036e-01	-2.142720507716522893e-01
-3.200000000000000000e+01	2.776553321537807428e-01	-1.574821940688262145e-01
-3.100000000000000000e+01	3.080679715240058347e-01	-9.111152668642620578e-02
-3.000000000000000000e+01	3.228442357955410569e-01	-1.823853171131672307e-02
-2.900000000000000000e+01	3.203894611735370046e-01	5.750756483049662693e-02
-2.800000000000000000e+01	2.999398793419250087e-01	1.320300391644241289e-01
-2.700000000000000000e+01	2.617071868876786334e-01	2.009698687161188269e-01
-2.600000000000000000e+01	2.070036113129961330e-01	2.599199795045187833e-01
-2.500000000000000000e+01	1.382178560435181336e-01	3.047640169735993387e-01
-2.400000000000000000e+01	5.883948189057676414e-02	3.318859242542048227e-01
-2.300000000000000000e+01	-2.664189714124262989e-02	3.385017779363262425e-01
-2.200000000000000000e+01	-1.129228438963474634e-01	3.229151491290614406e-01
-2.100000000000000000e+01	-1.941124678851552376e-01	2.848295192262809139e-01
-2.000000000000000000e+01	-2.641525875355636432e-01	2.255248636384118155e-01
-1.900000000000000000e+01	-3.172166217418577183e-01	1.479546577271272922e-01
-1.800000000000000000e+01	-3.481467071739607344e-01	5.674671757087434987e-02
-1.700000000000000000e+01	-3.530488743305804089e-01	-4.186956984836208429e-02
-1.600000000000000000e+01	-3.297068054126499614e-01	-1.404318354645718858e-01
-1.500000000000000000e+01	-2.780383168490309642e-01	-2.306586960142381348e-01
-1.400000000000000000e+01	-2.004598712791777759e-01	-3.040465728138240231e-01
-1.300000000000000000e+01	-1.020634644097165311e-01	-3.526447053739800719e-01
-1.200000000000000000e+01	9.443568024352802168e-03	-3.699294501147408210e-01
-1.100000000000000000e+01	1.240816763006442475e-01	-3.517172230166248359e-01
-1.000000000000000000e+01	2.302922202153113163e-01	-2.970251219765354667e-01
-9.000000000000000000e+00	3.159464348520266141e-01	-2.087353745504451352e-01
-8.000000000000000000e+00	3.696595047870880890e-01	-9.396438025101817859e-02
-7.000000000000000000e+00	3.823593894582347774e-01	3.598776630323669706e-02
-6.000000000000000000e+00	3.488966419916564310e-01	1.663343553788855789e-01
-5.000000000000000000e+00	2.695778214498249503e-01	2.801305496899883507e-01
-4.000000000000000000e+00	1.512258799813623877e-01	3.603396720091153194e-01
-3.000000000000000000e+00	7.431411026883889825e-03	3.924215413568613586e-01
-2.000000000000000000e+00	-1.422195613040367068e-01	3.672222367731765025e-01
-1.000000000000000000e+00	-2.742799167899875323e-01	2.837673598955250398e-01
0.000000000000000000e+00	-3.649030802612074909e-01	1.510971633508640111e-01
1.000000000000000000e+00	-3.944247769292655859e-01	-1.127779391043060887e-02
2.000000000000000000e+00	-3.523086770001917500e-01	-1.752195411725907259e-01
3.000000000000000000e+00	-2.413520066421947219e-01	-3.082800340594192834e-01
4.000000000000000000e+00	-7.976203260767955605e-02	-3.803364087973851171e-01
5.000000000000000000e+00	1.001812463129440056e-01	-3.713937219437377091e-01
6.000000000000000000e+00	2.577836920563916778e-01	-2.786557644851807014e-01
7.000000000000000000e+00	3.534257128297083050e-01	-1.203661194668009110e-01
8.000000000000000000e+00	3.599606358568909203e-01	6.576100847190015364e-02
9.000000000000000000e+00	2.726824429152274187e-01	2.308344045992395954e-01
1.000000000000000000e+01	1.138941561751758286e-01	3.283093081205026853e-01
1.100000000000000000e+01	-7.105294869655612300e-02	3.290681986115777669e-01
1.200000000000000000e+01	-2.263968444001629721e-01	2.330049642215402117e-01
1.300000000000000000e+01	-3.040516302527715431e-01	7.125676552449287937e-02
1.400000000000000000e+01	-2.809325346600154427e-01	-1.025577853130309330e-01
1.500000000000000000e+01	-1.682615153778176664e-01	-2.305195027759394388e-01
1.600000000000000000e+01	-8.403823416743656446e-03	-2.713064091894318852e-01
1.700000000000000000e+01	1.404367704153339780e-01	-2.156622369667025030e-01
1.800000000000000000e+01	2.261739574604804959e-01	-8.967410974854668482e-02
1.900000000000000000e+01	2.225042420455187187e-01	5.585219814802767913e-02
2.000000000000000000e+01	1.381594446309926949e-01	1.657710082101033489e-01
2.100000000000000000e+01	1.189173169022567610e-02	2.022233127943560693e-01
2.200000000000000000e+01	-1.044534999581432089e-01	1.585128595854927713e-01
2.300000000000000000e+01	-1.673319487010779538e-01	5.957844520443168063e-02
2.400000000000000000e+01	-1.581477093169307568e-01	-5.035289335495962693e-02
2.500000000000000000e+01	-8.855034777587665606e-02	-1.270963331834326915e-01
2.600000000000000000e+01	7.047762087956229923e-03	-1.442446450745459852e-01
2.700000000000000000e+01	8.759568542817258718e-02	-1.020880688270342923e-01
2.800000000000000000e+01	1.227379796408684942e-01	-2.471706923347640611e-02
2.900000000000000000e+01	1.040161684022626737e-01	5.237162715558572879e-02
3.000000000000000000e+01	4.584553611496473141e-02	9.807356225993929533e-02
3.100000000000000000e+01	-2.306956113945879058e-02	9.790795626804665863e-02
3.200000000000000000e+01	-7.325798348700887641e-02	5.796128569525385577e-02
3.300000000000000000e+01	-8.671161471833417622e-02	-1.679454320960165926e-04
3.400000000000000000e+01	-6.285225777593900220e-02	-5.023951938148817770e-02
3.500000000000000000e+01	-1.651754441158275605e-02	-7.279236432093631748e-02
3.600000000000000000e+01	3.017441020648874150e-02	-6.230146532256188724e-02
3.700000000000000000e+01	5.793551816711175334e-02	-2.762704790732560534e-02
3.800000000000000000e+01	5.792302816413918976e-02	1.357619110688633966e-02
3.900000000000000000e+01	3.401253233937081427e-02	4.338386421024153367e-02
4.000000000000000000e+01	-5.809775519616262440e-04	5.107247995939969559e-02
4.100000000000000000e+01	-3.006029335473337991e-02	3.655582641231239910e-02
4.200000000000000000e+01	-4.294691911344390017e-02	8.946335762991725060e-03
4.300000000000000000e+01	-3.623123249653270594e-02	-1.849438503603019826e-02
4.400000000000000000e+01	-1.544059552152944950e-02	-3.442400302675903412e-02
4.500000000000000000e+01	8.837063923193892029e-03	-3.385368755662467033e-02
4.600000000000000000e+01	2.604010344931071905e-02	-1.933001640612138500e-02
4.700000000000000000e+01	3.002501638001491349e-02	1.155223825006489267e-03
4.800000000000000000e+01	2.099916864644828240e-02	1.826779898976441455e-02
4.900000000000000000e+01	4.531918783981967250e-03	2.537960364483635503e-02
5.000000000000000000e+01	-1.149376800640797627e-02	2.093807929693857622e-02
5.100000000000000000e+01	-2.047827653853271160e-02	8.407758922535138110e-03
5.200000000000000000e+01	-1.967424199179271249e-02	-5.865457310558905984e-03
5.300000000000000000e+01	-1.078808493315805070e-02	-1.569985194058048580e-02
5.400000000000000000e+01	1.349400163820281074e-03	-1.762590052208491687e-02
5.500000000000000000e+01	1.123104355278699805e-02	-1.195028411188675185e-02
5.600000000000000000e+01	1.505382798700218711e-02	-2.101499986402087777e-03
5.700000000000000000e+01	1.207684928717686623e-02	7.227381452915011655e-03
5.800000000000000000e+01	4.501515821240806466e-03	1.222483199005654220e-02
5.900000000000000000e+01	-3.871854883874820651e-03	1.141927691804737154e-02
6.000000000000000000e+01	-9.440701085853462488e-03	5.961227909863965786e-03
6.100000000000000000e+01	-1.028088823714175433e-02	-1.215959647003551176e-03
6.200000000000000000e+01	-6.706772981533647496e-03	-6.877824767497302955e-03
6.300000000000000000e+01	-8.364089601871713825e-04	-8.878776489377538175e-03
6.400000000000000000e+01	4.560746411714276458e-03	-6.906771372411841733e-03
6.500000000000000000e+01	7.300978312853243814e-03	-2.343514649623032117e-03
6.600000000000000000e+01	6.625606636354766654e-03	2.540007450721676503e-03
6.700000000000000000e+01	3.297484647622157556e-03	5.668227636314545834e-03
6.800000000000000000e+01	-9.221242705991047244e-04	5.986674385546101977e-03
6.900000000000000000e+01	-4.152971125087496877e-03	3.764099956263516206e-03
7.000000000000000000e+01	-5.187275271919344552e-03	2.799000238469912492e-04
7.100000000000000000e+01	-3.902990289881909554e-03	-2.830845464546958429e-03
7.200000000000000000e+01	-1.170589661497529370e-03	-4.324910497057950741e-03
7.300000000000000000e+01	1.668059356619234091e-03	-3.818935290178913314e-03
7.400000000000000000e+01	3.427532867415118093e-03	-1.806152630618269080e-03
7.500000000000000000e+01	3.519408918823063118e-03	6.725290015536639337e-04
7.600000000000000000e+01	2.146958031301830078e-03	2.517306362402472152e-03
7.700000000000000000e+01	8.096190765990162483e-05	3.050993731256119567e-03
7.800000000000000000e+01	-1.720098972271939157e-03	2.228659702153876297e-03
7.900000000000000000e+01	-2.538427277387656032e-03	5.869982698427339118e-04
8.000000000000000000e+01	-2.175797269332607579e-03	-1.072438975302774733e-03
8.100000000000000000e+01	-9.471852408150324308e-04	-2.054850888806091652e-03
8.200000000000000000e+01	5.088614993296924948e-04	-2.050612515120643891e-03
8.300000000000000000e+01	1.559124521486493151e-03	-1.202943240440135621e-03
8.400000000000000000e+01	1.814261916716221118e-03	2.157382958308766142e-05
8.500000000000000000e+01	1.292415255955523369e-03	1.053643161099061983e-03
8.600000000000000000e+01	3.157026288056045981e-04	1.498141845571072939e-03
8.700000000000000000e+01	-6.500522516308888986e-04	1.248494366774340015e-03
8.800000000000000000e+01	-1.198457289246305287e-03	5.027358460364887271e-04
8.900000000000000000e+01	-1.162868748357074071e-03	-3.542318398681686543e-04
9.000000000000000000e+01	-6.352656685568813886e-04	-9.490452394538886069e-04
9.100000000000000000e+01	8.966380379977886481e-05	-1.069553157110436636e-03
9.200000000000000000e+01	6.829719708204410634e-04	-7.376146031128779333e-04
9.300000000000000000e+01	9.177609718525042834e-04	-1.529005505873360347e-04
9.400000000000000000e+01	7.461873357679257683e-04	4.051652445161194570e-04
9.500000000000000000e+01	2.990011710721557012e-04	7.102439487808685911e-04
9.600000000000000000e+01	-2.026192078469622629e-04	6.693969191211913191e-04
9.700000000000000000e+01	-5.379341063159123488e-04	3.447869874670904389e-04
9.800000000000000000e+01	-5.943262805257266187e-04	-8.304616974811445394e-05
9.900000000000000000e+01	-3.836750310925024759e-04	-4.227687681987795602e-04
1.000000000000000000e+02	-3.548574429936977355e-05	-5.452158448486966883e-04
1.010000000000000000e+02	2.866135932656319486e-04	-4.321716948729389940e-04
1.020000000000000000e+02	4.458403148869948159e-04	-1.607579062602208721e-04
1.030000000000000000e+02	4.100646002466732981e-04	1.251503513784322163e-04
1.040000000000000000e+02	2.214348042367402002e-04	3.153262419024238693e-04
1.050000000000000000e+02	-2.850377101623498944e-05	3.352544587561472728e-04
1.060000000000000000e+02	-2.216886383670101275e-04	2.077696018822501036e-04
1.070000000000000000e+02	-2.887266933569959497e-04	2.383924812591826539e-06
