# # Time 	 h_plus 	 h_cross 
# 
-4.090000000000000000e+02	8.491497002504684588e-02	-9.635944545154952190e-02
-4.080000000000000000e+02	9.247306973561088272e-02	-8.923121248019755258e-02
-4.070000000000000000e+02	9.943971802022424922e-02	-8.150477356300386833e-02
-4.060000000000000000e+02	1.057670833901668550e-01	-7.322869504882915936e-02
-4.050000000000000000e+02	1.114112829058543364e-01	-6.445540966564096419e-02
-4.040000000000000000e+02	1.163326981725609638e-01	-5.524089873627349018e-02
-4.030000000000000000e+02	1.204960693114622006e-01	-4.564427377226874805e-02
-4.020000000000000000e+02	1.238712641962261829e-01	-3.572764332258226982e-02
-4.010000000000000000e+02	1.264331872255964329e-01	-2.555551587748666059e-02
-4.000000000000000000e+02	1.281619215822427660e-01	-1.519439548477221832e-02
-3.990000000000000000e+02	1.290429740053873064e-01	-4.712391308279389665e-03
-3.980000000000000000e+02	1.290674086319129610e-01	5.821223397726862231e-03
-3.970000000000000000e+02	1.282318724165159574e-01	1.633703432856704538e-02
-3.960000000000000000e+02	1.265387817595017839e-01	2.676422066992993967e-02
-3.950000000000000000e+02	1.239963219314064724e-01	3.703273225971636523e-02
-3.940000000000000000e+02	1.206184087405604705e-01	4.707321643043894249e-02
-3.930000000000000000e+02	1.164246359679124987e-01	5.681747798221038759e-02
-3.920000000000000000e+02	1.114403394167842593e-01	6.619903770913716790e-02
-3.910000000000000000e+02	1.056961609606775765e-01	7.515346506866772691e-02
-3.900000000000000000e+02	9.922784394096921534e-02	8.361872016973161126e-02
-3.890000000000000000e+02	9.207638173758461719e-02	9.153580848494784206e-02
-3.880000000000000000e+02	8.428761210752032385e-02	9.884912038091822617e-02
-3.870000000000000000e+02	7.591194174706036857e-02	1.055068321031029793e-01
-3.860000000000000000e+02	6.700403741109045574e-02	1.114612846938834168e-01
-3.850000000000000000e+02	5.762248532629042630e-02	1.166693380358429788e-01
-3.840000000000000000e+02	4.782942087202780856e-02	1.210926973460809963e-01
-3.830000000000000000e+02	3.769013072976747092e-02	1.246982096012459601e-01
-3.820000000000000000e+02	2.727262991717372895e-02	1.274581275461646457e-01
-3.810000000000000000e+02	1.664721632497802306e-02	1.293503391306922712e-01
-3.800000000000000000e+02	5.885992495385778886e-03	1.303585610185945820e-01
-3.790000000000000000e+02	-4.937712916434859774e-03	1.304724841873798613e-01
-3.780000000000000000e+02	-1.574945461902037963e-02	1.296878898198426944e-01
-3.770000000000000000e+02	-2.647459909172126397e-02	1.280067515016151403e-01
-3.760000000000000000e+02	-3.703869201482876128e-02	1.254372484663896781e-01
-3.750000000000000000e+02	-4.736797483409332932e-02	1.219937549458944004e-01
-3.740000000000000000e+02	-5.738990125379313245e-02	1.176967864835477273e-01
-3.730000000000000000e+02	-6.703365007201264603e-02	1.125729031112378958e-01
-3.720000000000000000e+02	-7.623063075120101173e-02	1.066545695873601374e-01
-3.710000000000000000e+02	-8.491497812148736390e-02	9.997997319586815479e-02
-3.700000000000000000e+02	-9.302403264369640823e-02	9.259279990871527311e-02
-3.690000000000000000e+02	-1.004988027139850915e-01	8.454197001547249235e-02
-3.680000000000000000e+02	-1.072843116962045318e-01	7.588146734821628325e-02
-3.670000000000000000e+02	-1.133303184753086112e-01	6.666961520775288585e-02
-3.660000000000000000e+02	-1.185916837561414444e-01	5.696920044196562144e-02
-3.650000000000000000e+02	-1.230283346773428932e-01	4.684661933094870501e-02
-3.640000000000000000e+02	-1.266052797438934063e-01	3.637145856006927108e-02
-3.630000000000000000e+02	-1.292937875045834517e-01	2.561643059514429055e-02
-3.620000000000000000e+02	-1.310712536810352269e-01	1.465665649358885610e-02
-3.610000000000000000e+02	-1.319214090588713417e-01	3.569151489243171591e-03
-3.600000000000000000e+02	-1.318344843666123534e-01	-7.567707864185541609e-03
-3.590000000000000000e+02	-1.308073304677397075e-01	-1.867473141245811277e-02
-3.580000000000000000e+02	-1.288434924872056409e-01	-2.967247424947211734e-02
-3.570000000000000000e+02	-1.259532368040038042e-01	-4.048180283126234097e-02
-3.560000000000000000e+02	-1.221535322309334204e-01	-5.102445943873368944e-02
-3.550000000000000000e+02	-1.174682252851393799e-01	-6.122316672956124028e-02
-3.540000000000000000e+02	-1.119272585701268224e-01	-7.100365756971602216e-02
-3.530000000000000000e+02	-1.055670768207053051e-01	-8.029373249356992759e-02
-3.520000000000000000e+02	-9.843025450682230115e-02	-8.902429797788867505e-02
-3.510000000000000000e+02	-9.056523705384766920e-02	-9.712989009150249653e-02
-3.500000000000000000e+02	-8.202604560769632958e-02	-1.045491880016689024e-01
-3.490000000000000000e+02	-7.287196221402041096e-02	-1.112255517162267227e-01
-3.480000000000000000e+02	-6.316697184726345615e-02	-1.171072302074886440e-01
-3.470000000000000000e+02	-5.297954191292485182e-02	-1.221480301001585111e-01
-3.460000000000000000e+02	-4.238208159637190525e-02	-1.263076145348393797e-01
-3.450000000000000000e+02	-3.145044462126332652e-02	-1.295518456091656334e-01
-3.440000000000000000e+02	-2.026340174541744338e-02	-1.318530849484653433e-01
-3.430000000000000000e+02	-8.902086485456655804e-03	-1.331904496907051760e-01
-3.420000000000000000e+02	2.550582191782853943e-03	-1.335500214580499778e-01
-3.410000000000000000e+02	1.401049624975560584e-02	-1.329250061975589536e-01
-3.400000000000000000e+02	2.539296987538597339e-02	-1.313158431044864904e-01
-3.390000000000000000e+02	3.661304982390645862e-02	-1.287303497963563637e-01
-3.380000000000000000e+02	4.758692969846110843e-02	-1.251835756585030768e-01
-3.370000000000000000e+02	5.823217178831341378e-02	-1.206977252355508207e-01
-3.360000000000000000e+02	6.846789199332345421e-02	-1.153019008724567029e-01
-3.350000000000000000e+02	7.821591556787449440e-02	-1.090326000503545750e-01
-3.340000000000000000e+02	8.740131719028833290e-02	-1.019331342662131851e-01
-3.330000000000000000e+02	9.595282213970117435e-02	-9.405312055938853943e-02
-3.320000000000000000e+02	1.038034598618336329e-01	-8.544834722042279895e-02
-3.310000000000000000e+02	1.108911027222110462e-01	-7.618040667080161477e-02
-3.300000000000000000e+02	1.171589740278718844e-01	-6.631628095564984227e-02
-3.290000000000000000e+02	1.225561211235721565e-01	-5.592788236506096577e-02
-3.280000000000000000e+02	1.270378495686983189e-01	-4.509155207252703301e-02
-3.270000000000000000e+02	1.305661265742159016e-01	-3.388747403334620850e-02
-3.260000000000000000e+02	1.331098855985921037e-01	-2.239921700493589796e-02
-3.250000000000000000e+02	1.346453606139081383e-01	-1.071305853754108382e-02
-3.240000000000000000e+02	1.351563294469627641e-01	1.082672304093907191e-03
-3.230000000000000000e+02	1.346340875956736904e-01	1.289820962283650015e-02
-3.220000000000000000e+02	1.330781324236569585e-01	2.464303459903360166e-02
-3.210000000000000000e+02	1.304958470432988904e-01	3.622660772487112241e-02
-3.200000000000000000e+02	1.269024789392263208e-01	4.755903240026372603e-02
-3.190000000000000000e+02	1.223211694080616058e-01	5.855175306771384647e-02
-3.180000000000000000e+02	1.167828438534286445e-01	6.911824991507009575e-02
-3.170000000000000000e+02	1.103260131765862184e-01	7.917476394981158572e-02
-3.160000000000000000e+02	1.029965242607102094e-01	8.864095866167212567e-02
-3.150000000000000000e+02	9.484748102273664327e-02	9.744033617643949041e-02
-3.140000000000000000e+02	8.593865218670079797e-02	1.055012152240561440e-01
-3.130000000000000000e+02	7.633614360438302493e-02	1.127571984578011194e-01
-3.120000000000000000e+02	6.611193755002924000e-02	1.191477386509179059e-01
-3.110000000000000000e+02	5.534338093373203371e-02	1.246186653257795179e-01
-3.100000000000000000e+02	4.411262577223073328e-02	1.291226671689192917e-01
-3.090000000000000000e+02	3.250605267155504130e-02	1.326198359774166669e-01
-3.080000000000000000e+02	2.061357148780601500e-02	1.350780812250551022e-01
-3.070000000000000000e+02	8.527856724348891956e-03	1.364726861144774095e-01
-3.060000000000000000e+02	-3.656114592366468182e-03	1.367875435338266055e-01
-3.050000000000000000e+02	-1.584193162210798325e-02	1.360150170651199808e-01
-3.040000000000000000e+02	-2.793249514735169844e-02	1.341560776326075621e-01
-3.030000000000000000e+02	-3.983078588069152715e-02	1.312203752529849110e-01
-3.020000000000000000e+02	-5.144064097233426447e-02	1.272262422522330572e-01
-3.010000000000000000e+02	-6.266750501648463145e-02	1.222006411307836327e-01
-3.000000000000000000e+02	-7.341928641915870801e-02	1.161789930327853382e-01
-2.990000000000000000e+02	-8.360705243455923696e-02	1.092049923045249060e-01
-2.980000000000000000e+02	-9.314578228094927415e-02	1.013303335683954504e-01
-2.970000000000000000e+02	-1.019550988290936072e-01	9.261436593830119079e-02
-2.960000000000000000e+02	-1.099599635645991252e-01	8.312368433731610884e-02
-2.950000000000000000e+02	-1.170913363931687934e-01	7.293165722631807235e-02
-2.940000000000000000e+02	-1.232868579130184106e-01	6.211798761186040907e-02
-2.930000000000000000e+02	-1.284914000528171452e-01	5.076787316229497415e-02
-2.920000000000000000e+02	-1.326572685393528073e-01	3.897146946627144670e-02
-2.910000000000000000e+02	-1.357450880357969070e-01	2.682334953032156077e-02
-2.900000000000000000e+02	-1.377240539596778224e-01	1.442167196758231337e-02
-2.890000000000000000e+02	-1.385722695076021804e-01	1.867408077066044390e-03
-2.880000000000000000e+02	-1.382770133779371580e-01	-1.073646367557316850e-02
-2.870000000000000000e+02	-1.368349349642377921e-01	-2.328578960728900499e-02
-2.860000000000000000e+02	-1.342521743359208763e-01	-3.567609270363693297e-02
-2.850000000000000000e+02	-1.305444048994477690e-01	-4.780343767052225301e-02
-2.840000000000000000e+02	-1.257368069503382590e-01	-5.956530675449925316e-02
-2.830000000000000000e+02	-1.198639553903662197e-01	-7.086147777165885397e-02
-2.820000000000000000e+02	-1.129695516778113779e-01	-8.159484384990733918e-02
-2.810000000000000000e+02	-1.051064290207215091e-01	-9.167208545549419829e-02
-2.800000000000000000e+02	-9.633564676328096321e-02	-1.010051577902219000e-01
-2.790000000000000000e+02	-8.672649340360508163e-02	-1.095114149783201762e-01
-2.780000000000000000e+02	-7.635588845988774964e-02	-1.171145468579745663e-01
-2.770000000000000000e+02	-6.530779580038097165e-02	-1.237453078733775080e-01
-2.760000000000000000e+02	-5.367258356081407861e-02	-1.293421765251762945e-01
-2.750000000000000000e+02	-4.154632152377901733e-02	-1.338519577241056857e-01
-2.740000000000000000e+02	-2.903002095636708288e-02	-1.372303220518565625e-01
-2.730000000000000000e+02	-1.622882248201611144e-02	-1.394422763595370984e-01
-2.720000000000000000e+02	-3.251138106909946812e-03	-1.404625606167611840e-01
-2.710000000000000000e+02	9.792245974816848539e-03	-1.402759664605672529e-01
-2.700000000000000000e+02	2.278909871484607885e-02	-1.388775734798440853e-01
-2.690000000000000000e+02	3.562637649508339222e-02	-1.362729840073181597e-01
-2.680000000000000000e+02	4.819198900596413648e-02	-1.324782609377854470e-01
-2.670000000000000000e+02	6.037538961518792990e-02	-1.275198482048489068e-01
-2.660000000000000000e+02	7.206805428428406102e-02	-1.214342202434882251e-01
-2.650000000000000000e+02	8.316442130732162874e-02	-1.142676374501095798e-01
-2.640000000000000000e+02	9.356452330297185260e-02	-1.060781330428059582e-01
-2.630000000000000000e+02	1.031731342309902127e-01	-9.693200014028084677e-02
-2.620000000000000000e+02	1.119012190222068021e-01	-8.690448659706778711e-02
-2.610000000000000000e+02	1.196667838218074820e-01	-7.607922855318294264e-02
-2.600000000000000000e+02	1.263956756192618214e-01	-6.454760256793549977e-02
-2.590000000000000000e+02	1.320223234176474414e-01	-5.240800072719110914e-02
-2.580000000000000000e+02	1.364904134605614550e-01	-3.976503387271181078e-02
-2.570000000000000000e+02	1.397534914737456613e-01	-2.672866883297797189e-02
-2.560000000000000000e+02	1.417755093559734392e-01	-1.341305290280757692e-02
-2.550000000000000000e+02	1.425311423107172570e-01	6.383790685795882240e-05
-2.540000000000000000e+02	1.420062790333661007e-01	1.358154926573498962e-02
-2.530000000000000000e+02	1.401982561800858840e-01	2.701837281499457760e-02
-2.520000000000000000e+02	1.371159849626091831e-01	4.025229793067564010e-02
-2.510000000000000000e+02	1.327800003964389741e-01	5.316211264802699066e-02
-2.500000000000000000e+02	1.272224059227182180e-01	6.562851275250748684e-02
-2.490000000000000000e+02	1.204867121473762459e-01	7.753520911916240987e-02
-2.480000000000000000e+02	1.126275693767438968e-01	8.877002320284629877e-02
-2.470000000000000000e+02	1.037103945885630846e-01	9.922596048983414740e-02
-2.460000000000000000e+02	9.381089445301783736e-02	1.088022517201926581e-01
-2.450000000000000000e+02	8.301448700172807393e-02	1.174053517819863279e-01
-2.440000000000000000e+02	7.141562552460782587e-02	1.249498863647764829e-01
-2.430000000000000000e+02	5.911702924634365530e-02	1.313595367413851467e-01
-2.420000000000000000e+02	4.622882628649321868e-02	1.365678534237724229e-01
-2.410000000000000000e+02	3.286776051801525156e-02	1.405182384481480362e-01
-2.400000000000000000e+02	1.915610125442248485e-02	1.431665096383863411e-01
-2.390000000000000000e+02	5.220153672706653349e-03	1.444805589443546867e-01
-2.380000000000000000e+02	-8.810498268182725967e-03	1.444398404983966988e-01
-2.370000000000000000e+02	-2.280420202904583429e-02	1.430363738634379545e-01
-2.360000000000000000e+02	-3.662845248457113900e-02	1.402749711598237914e-01
-2.350000000000000000e+02	-5.015113441449493142e-02	1.361733468853239259e-01
-2.340000000000000000e+02	-6.324178023257288894e-02	1.307621072378143123e-01
-2.330000000000000000e+02	-7.577283130642786801e-02	1.240846168221535623e-01
-2.320000000000000000e+02	-8.762089093435834752e-02	1.161967417416705367e-01
-2.310000000000000000e+02	-9.866795686446010183e-02	1.071664692313203104e-01
-2.300000000000000000e+02	-1.088026211722438186e-01	9.707340517368708011e-02
-2.290000000000000000e+02	-1.179212253584004388e-01	8.600815204048854745e-02
-2.280000000000000000e+02	-1.259289586922315296e-01	7.407157100944330996e-02
-2.270000000000000000e+02	-1.327408881094711002e-01	6.137393320851246281e-02
-2.260000000000000000e+02	-1.382829083773656209e-01	4.803396622403489913e-02
-2.250000000000000000e+02	-1.424926017638148967e-01	3.417780316483393782e-02
-2.240000000000000000e+02	-1.453199970899664850e-01	1.993784268843360949e-02
-2.230000000000000000e+02	-1.467282188039441548e-01	5.451529455915788726e-03
-2.220000000000000000e+02	-1.466940175832153748e-01	-9.139934522875316561e-03
-2.210000000000000000e+02	-1.452081749493926432e-01	-2.369293627443277289e-02
-2.200000000000000000e+02	-1.422757754553287957e-01	-3.806284376856235163e-02
-2.190000000000000000e+02	-1.379161297444504719e-01	-5.210599002861610735e-02
-2.180000000000000000e+02	-1.321632335443176098e-01	-6.567950762839624979e-02
-2.170000000000000000e+02	-1.250656228694613237e-01	-7.864375340026917571e-02
-2.160000000000000000e+02	-1.166855859722592814e-01	-9.086452321096934182e-02
-2.150000000000000000e+02	-1.070989054837932497e-01	-1.022137655337490986e-01
-2.140000000000000000e+02	-9.639427355445526202e-02	-1.125709476642979684e-01
-2.130000000000000000e+02	-8.467256792405994381e-02	-1.218243689831277621e-01
-2.120000000000000000e+02	-7.204599338850928292e-02	-1.298724070645078388e-01
-2.110000000000000000e+02	-5.863709457965871757e-02	-1.366246827656408258e-01
-2.100000000000000000e+02	-4.457764740582211699e-02	-1.420031309107026296e-01
-2.090000000000000000e+02	-3.000741353385782961e-02	-1.459428453177347429e-01
-2.080000000000000000e+02	-1.507290830019107283e-02	-1.483932178119681533e-01
-2.070000000000000000e+02	7.410621578548154962e-05	-1.493184981437489234e-01
-2.060000000000000000e+02	1.527811454399879455e-02	-1.486982830463027538e-01
-2.050000000000000000e+02	3.038138623842724304e-02	-1.465280021841736391e-01
-2.040000000000000000e+02	4.522558374813343690e-02	-1.428191852354062374e-01
-2.030000000000000000e+02	5.965340459690975788e-02	-1.375995663992745643e-01
-2.020000000000000000e+02	7.351024155159459339e-02	-1.309130218132885659e-01
-2.010000000000000000e+02	8.664584386497242718e-02	-1.228193369828414067e-01
-2.000000000000000000e+02	9.891596224296957118e-02	-1.133938030235489697e-01
-1.990000000000000000e+02	1.101833680517001479e-01	-1.027260904674013875e-01
-1.980000000000000000e+02	1.203208618602250868e-01	-9.092112442018247809e-02
-1.970000000000000000e+02	1.292118251464248746e-01	-7.809681189609073149e-02
-1.960000000000000000e+02	1.367515784733598361e-01	-6.438310281517320433e-02
-1.950000000000000000e+02	1.428488179741109476e-01	-4.992093265538910529e-02
-1.940000000000000000e+02	1.474267920404856436e-01	-3.486086520015125451e-02
-1.930000000000000000e+02	1.504243426794549532e-01	-1.936160703135736752e-02
-1.920000000000000000e+02	1.517967973747038346e-01	-3.588406952918351146e-03
-1.910000000000000000e+02	1.515167062271065013e-01	1.228855004003211529e-02
-1.900000000000000000e+02	1.495743924355443788e-01	2.809622412223637677e-02
-1.890000000000000000e+02	1.459783046359633130e-01	4.366027636337608403e-02
-1.880000000000000000e+02	1.407552107385211249e-01	5.880705568632302316e-02
-1.870000000000000000e+02	1.339501798382296827e-01	7.336553033491081954e-02
-1.860000000000000000e+02	1.256263615608075312e-01	8.716922207883077978e-02
-1.850000000000000000e+02	1.158645607774934361e-01	1.000581267364809568e-01
-1.840000000000000000e+02	1.047626077114076903e-01	1.118805994040364266e-01
-1.830000000000000000e+02	9.243456407249198148e-02	1.224951536523421342e-01
-1.820000000000000000e+02	7.900968546070852305e-02	1.317723909466130272e-01
-1.810000000000000000e+02	6.463123773143286677e-02	1.395968886689603894e-01
-1.800000000000000000e+02	4.945448568593140137e-02	1.458672924390713166e-01
-1.790000000000000000e+02	3.364604732436635159e-02	1.504992400548089693e-01
-1.780000000000000000e+02	1.738179027464514456e-02	1.534260895567940430e-01
-1.770000000000000000e+02	8.449646584955188781e-04	1.545999686827535802e-01
-1.760000000000000000e+02	-1.577578649439731126e-02	1.539926299404645316e-01
-1.750000000000000000e+02	-3.228851938185422349e-02	1.515960967268814574e-01
-1.740000000000000000e+02	-4.850016245896556638e-02	1.474230879103769487e-01
-1.730000000000000000e+02	-6.421811363459986599e-02	1.415074979916099984e-01
-1.720000000000000000e+02	-7.925426685046207953e-02	1.339037438449899309e-01
-1.710000000000000000e+02	-9.342595188461116917e-02	1.246867036026934744e-01
-1.700000000000000000e+02	-1.065581472821846010e-01	1.139513172848628797e-01
-1.690000000000000000e+02	-1.184859078040299968e-01	1.018117278684509408e-01
-1.680000000000000000e+02	-1.290564930869789739e-01	8.840025297721407216e-02
-1.670000000000000000e+02	-1.381313966510457625e-01	7.386611870090914467e-02
-1.660000000000000000e+02	-1.455882485482373201e-01	5.837396446800930533e-02
-1.650000000000000000e+02	-1.513225656383250239e-01	4.210213089479842435e-02
-1.640000000000000000e+02	-1.552493245023919277e-01	2.524074549630121386e-02
-1.630000000000000000e+02	-1.573043333666916122e-01	7.989624033855913590e-03
-1.620000000000000000e+02	-1.574458251541592246e-01	-9.444018582152631860e-03
-1.610000000000000000e+02	-1.556542208018017737e-01	-2.684729899079010482e-02
-1.600000000000000000e+02	-1.519336278635853299e-01	-4.400594886915040055e-02
-1.590000000000000000e+02	-1.463120591021461192e-01	-6.070563127214111121e-02
-1.580000000000000000e+02	-1.388415179329585414e-01	-7.673444863698447582e-02
-1.570000000000000000e+02	-1.295977736081801446e-01	-9.188592620572828829e-02
-1.560000000000000000e+02	-1.186798535514851649e-01	-1.059616911288959601e-01
-1.550000000000000000e+02	-1.062092328302188110e-01	-1.187741123956055772e-01
-1.540000000000000000e+02	-9.232872238852365965e-02	-1.301488673788522288e-01
-1.530000000000000000e+02	-7.720106482378946700e-02	-1.399274065748778162e-01
-1.520000000000000000e+02	-6.100734884489940335e-02	-1.479692623076286073e-01
-1.510000000000000000e+02	-4.394562922635650293e-02	-1.541539357744246830e-01
-1.500000000000000000e+02	-2.622614985297824775e-02	-1.583838412964315157e-01
-1.490000000000000000e+02	-8.071647227439734951e-03	-1.605846967906561784e-01
-1.480000000000000000e+02	1.028620939395210286e-02	-1.607074494325571312e-01
-1.470000000000000000e+02	2.860965323166126187e-02	-1.587294101260344203e-01
-1.460000000000000000e+02	4.665780501819938308e-02	-1.546550730307003907e-01
-1.450000000000000000e+02	6.418977346812401730e-02	-1.485165999307437867e-01
-1.440000000000000000e+02	8.096761048451237008e-02	-1.403740818406538915e-01
-1.430000000000000000e+02	9.675971114452507071e-02	-1.303153572137107363e-01
-1.420000000000000000e+02	1.113450318138672623e-01	-1.184545766559576552e-01
-1.410000000000000000e+02	1.245137276607009985e-01	-1.049313194240258790e-01
-1.400000000000000000e+02	1.360734603154302724e-01	-8.991157228304801075e-02
-1.390000000000000000e+02	1.458500291494604639e-01	-7.358328601150172787e-02
-1.380000000000000000e+02	1.536907113986198670e-01	-5.615515451694019083e-02
-1.370000000000000000e+02	1.594668425263570943e-01	-3.785425421089288339e-02
-1.360000000000000000e+02	1.630760847530959567e-01	-1.892337365666474022e-02
-1.350000000000000000e+02	1.644444330469240489e-01	3.816058373132637303e-04
-1.340000000000000000e+02	1.635279359285878031e-01	1.979645700999466823e-02
-1.330000000000000000e+02	1.603137165305127954e-01	3.905057058040361379e-02
-1.320000000000000000e+02	1.548209525487315996e-01	5.787109753010701019e-02
-1.310000000000000000e+02	1.471012708683724635e-01	7.598671561085454385e-02
-1.300000000000000000e+02	1.372387662316744417e-01	9.313148306474229587e-02
-1.290000000000000000e+02	1.253497855106934789e-01	1.090489294880362392e-01
-1.280000000000000000e+02	1.115816049632407658e-01	1.234957466893202988e-01
-1.270000000000000000e+02	9.611116944728657907e-02	1.362456474638713833e-01
-1.260000000000000000e+02	7.914321389222424286e-02	1.470930322249797972e-01
-1.250000000000000000e+02	6.090792727190229988e-02	1.558564616172754824e-01
-1.240000000000000000e+02	4.165817696313370982e-02	1.623818777978714434e-01
-1.230000000000000000e+02	2.166705553795843925e-02	1.665455008232710754e-01
-1.220000000000000000e+02	1.223106665273945154e-03	1.682566993886191187e-01
-1.210000000000000000e+02	-1.937477194356087076e-02	1.674596573196999727e-01
-1.200000000000000000e+02	-3.981867795724049891e-02	1.641349581315203476e-01
-1.190000000000000000e+02	-5.979732977461431342e-02	1.583009811979862735e-01
-1.180000000000000000e+02	-7.900069527735777142e-02	1.500145579647813032e-01
-1.170000000000000000e+02	-9.712474605433027430e-02	1.393710650224649628e-01
-1.160000000000000000e+02	-1.138762694982590612e-01	1.265039311943922662e-01
-1.150000000000000000e+02	-1.289776672246126799e-01	1.115835437164739291e-01
-1.140000000000000000e+02	-1.421705937605869108e-01	9.481714655602554997e-02
-1.130000000000000000e+02	-1.532240503621967453e-01	7.644213741108141225e-02
-1.120000000000000000e+02	-1.619350595604457654e-01	5.672669713472035941e-02
-1.110000000000000000e+02	-1.681335156239690543e-01	3.596577373372333158e-02
-1.100000000000000000e+02	-1.716859465846470589e-01	1.447690166861130556e-02
-1.090000000000000000e+02	-1.724986315372443735e-01	-7.404267280207640911e-03
-1.080000000000000000e+02	-1.705201868349084937e-01	-2.932887543035797226e-02
-1.070000000000000000e+02	-1.657435575000380523e-01	-5.094015232822109163e-02
-1.060000000000000000e+02	-1.582073563267809846e-01	-7.187901970643595373e-02
-1.050000000000000000e+02	-1.479972482247434440e-01	-9.178868181548095750e-02
-1.040000000000000000e+02	-1.352443612263105610e-01	-1.103240262670835831e-01
-1.030000000000000000e+02	-1.201244593451910730e-01	-1.271556190818626808e-01
-1.020000000000000000e+02	-1.028572832664941678e-01	-1.419746090573694441e-01
-1.010000000000000000e+02	-8.370372862376899981e-02	-1.544994136083201741e-01
-1.000000000000000000e+02	-6.296262930802244695e-02	-1.644813009966998862e-01
-9.900000000000000000e+01	-4.096677453776030597e-02	-1.717096218229487992e-01
-9.800000000000000000e+01	-1.807849387726341572e-02	-1.760165532703014957e-01
-9.700000000000000000e+01	5.314339519433915540e-03	-1.772815564565917712e-01
-9.600000000000000000e+01	2.881074707367096630e-02	-1.754350295778007440e-01
-9.500000000000000000e+01	5.199620415724648392e-02	-1.704600844246244584e-01
-9.400000000000000000e+01	7.445176456398595877e-02	-1.623947925476029730e-01
-9.300000000000000000e+01	9.576115851277369750e-02	-1.513332678808437803e-01
-9.200000000000000000e+01	1.155196917096248665e-01	-1.374277939487505429e-01
-9.100000000000000000e+01	1.333406834678882158e-01	-1.208850273225913763e-01
-9.000000000000000000e+01	1.488626175067355450e-01	-1.019663780033243233e-01
-8.900000000000000000e+01	1.617594041943425098e-01	-8.098177412043476575e-02
-8.800000000000000000e+01	1.717450913882412888e-01	-5.828740008065790706e-02
-8.700000000000000000e+01	1.785806101153004644e-01	-3.428115447509203634e-02
-8.600000000000000000e+01	1.820798682994590467e-01	-9.396098438050176291e-03
-8.500000000000000000e+01	1.821155523416538580e-01	1.590625948062512895e-02
-8.400000000000000000e+01	1.786254790818850857e-01	4.114379598149003892e-02
-8.300000000000000000e+01	1.716134949093378881e-01	6.582303427941785245e-02
-8.200000000000000000e+01	1.611520873383844310e-01	8.944935249008645339e-02
-8.100000000000000000e+01	1.473839468761840577e-01	1.115344427986648540e-01
-8.000000000000000000e+01	1.305216647905519389e-01	1.316070826186848119e-01
-7.900000000000000000e+01	1.108462356812925098e-01	1.492231087034134873e-01
-7.800000000000000000e+01	8.870468409807524823e-02	1.639751785261665262e-01
-7.700000000000000000e+01	6.450238328104994368e-02	1.755042115165476313e-01
-7.600000000000000000e+01	3.870025607747080293e-02	1.835063977951059688e-01
-7.500000000000000000e+01	1.180634275637216374e-02	1.877424316143001537e-01
-7.400000000000000000e+01	-1.563293863469035830e-02	1.880450775884571490e-01
-7.300000000000000000e+01	-4.304051529786829394e-02	1.843262311356181626e-01
-7.200000000000000000e+01	-6.982650923213594429e-02	1.765812451752928613e-01
-7.100000000000000000e+01	-9.539478762490505304e-02	1.648921576511389597e-01
-7.000000000000000000e+01	-1.191561870846741256e-01	1.494300453515691185e-01
-6.900000000000000000e+01	-1.405423193775534318e-01	1.304550878749895226e-01
-6.800000000000000000e+01	-1.590191397777439841e-01	1.083147095555718892e-01
-6.700000000000000000e+01	-1.740997412252983378e-01	8.344127502365984717e-02
-6.600000000000000000e+01	-1.853600877918940015e-01	5.634257043940064241e-02
-6.500000000000000000e+01	-1.924492281004812622e-01	2.759329855768428291e-02
-6.400000000000000000e+01	-1.951015304781273385e-01	-2.171097088055950423e-03
-6.300000000000000000e+01	-1.931463064989654699e-01	-3.226869535310581544e-02
-6.200000000000000000e+01	-1.865170778449708744e-01	-6.198407940407418132e-02
-6.100000000000000000e+01	-1.752590974471250340e-01	-9.058388058171927548e-02
-6.000000000000000000e+01	-1.595304876461721144e-01	-1.173398824960392023e-01
-5.900000000000000000e+01	-1.396065162823771355e-01	-1.415386864596041294e-01
-5.800000000000000000e+01	-1.158783493657569164e-01	-1.625032239027459358e-01
-5.700000000000000000e+01	-8.884931056895517543e-02	-1.796117897523350215e-01
-5.600000000000000000e+01	-5.913249021782908399e-02	-1.923155924152742113e-01
-5.500000000000000000e+01	-2.742772125714575474e-02	-2.001626529926968656e-01
-5.400000000000000000e+01	5.481908091379718642e-03	-2.028079948269678467e-01
-5.300000000000000000e+01	3.874667311481207882e-02	-2.000304723297522957e-01
-5.200000000000000000e+01	7.147026266477750356e-02	-1.917464774426350105e-01
-5.100000000000000000e+01	1.027287991750048396e-01	-1.780220223656771572e-01
-5.000000000000000000e+01	1.316006704474838307e-01	-1.590782619779449458e-01
-4.900000000000000000e+01	1.571946598391845418e-01	-1.352897614615478084e-01
-4.800000000000000000e+01	1.786691951345948937e-01	-1.071910210991765117e-01
-4.700000000000000000e+01	1.952618954599313061e-01	-7.546653146224721609e-02
-4.600000000000000000e+01	2.063178481640436657e-01	-4.094167899643596370e-02
-4.500000000000000000e+01	2.113156145357368565e-01	-4.571252972134382149e-03
-4.400000000000000000e+01	2.098974283205448932e-01	3.259270769880685814e-02
-4.300000000000000000e+01	2.018836953842318427e-01	6.941872900909550059e-02
-4.200000000000000000e+01	1.872937046201222089e-01	1.047244119595199391e-01
-4.100000000000000000e+01	1.663631113675876905e-01	1.373084926445229115e-01
-4.000000000000000000e+01	1.395430062036669139e-01	1.660026188147172288e-01
-3.900000000000000000e+01	1.075072298212326888e-01	1.896983243423307208e-01
-3.800000000000000000e+01	7.114625021357731671e-02	2.073925899434514442e-01
-3.700000000000000000e+01	3.155552679344213879e-02	2.182309414968287009e-01
-3.600000000000000000e+01	-9.990668858056973856e-03	2.215519064882909006e-01
-3.500000000000000000e+01	-5.207799150770658914e-02	2.169235244778403016e-01
-3.400000000000000000e+01	-9.317178064808272209e-02	2.041782973439238980e-01
-3.300000000000000000e+01	-1.316736603979279663e-01	1.834481849345639959e-01
-3.200000000000000000e+01	-1.659977540963493425e-01	1.551712879775732912e-01
-3.100000000000000000e+01	-1.946030251494657859e-01	1.201120387050699234e-01
-3.000000000000000000e+01	-2.160683803901264910e-01	7.936080556792947382e-02
-2.900000000000000000e+01	-2.291630375125118524e-01	3.432147681079602414e-02
-2.800000000000000000e+01	-2.329180817350800237e-01	-1.331608614709123284e-02
-2.700000000000000000e+01	-2.267003641473716580e-01	-6.160816255910809419e-02
-2.600000000000000000e+01	-2.102692404663552006e-01	-1.084573284102752638e-01
-2.500000000000000000e+01	-1.838200278445890068e-01	-1.516611565222493463e-01
-2.400000000000000000e+01	-1.480384964252602631e-01	-1.889931262400515177e-01
-2.300000000000000000e+01	-1.041304012429556947e-01	-2.183176231994639893e-01
-2.200000000000000000e+01	-5.378330864653670801e-02	-2.377296799290350982e-01
-2.100000000000000000e+01	8.235700372490543496e-04	-2.456490929971011372e-01
-2.000000000000000000e+01	5.707152281246641312e-02	-2.409436012691262008e-01
-1.900000000000000000e+01	1.120190662484272653e-01	-2.230701816586328490e-01
-1.800000000000000000e+01	1.625090125352449677e-01	-1.921661677934455581e-01
-1.700000000000000000e+01	2.053111714602815219e-01	-1.491577812392238245e-01
-1.600000000000000000e+01	2.373184400792434368e-01	-9.579537526087453236e-02
-1.500000000000000000e+01	2.557742741365459094e-01	-3.463816079182679974e-02
-1.400000000000000000e+01	2.584802932732982450e-01	3.093236622272660039e-02
-1.300000000000000000e+01	2.440744445539051177e-01	9.681388013999479847e-02
-1.200000000000000000e+01	2.122651140585485041e-01	1.584415181948638507e-01
-1.100000000000000000e+01	1.639275141369300193e-01	2.109887496020845243e-01
-1.000000000000000000e+01	1.013827239941975794e-01	2.496859567851224260e-01
-9.000000000000000000e+00	2.842998707395085617e-02	2.702631923650489210e-01
-8.000000000000000000e+00	-4.968539798370039118e-02	2.694391122116505666e-01
-7.000000000000000000e+00	-1.266072742332648438e-01	2.454231604755013618e-01
-6.000000000000000000e+00	-1.951639703999269726e-01	1.983400835757148095e-01
-5.000000000000000000e+00	-2.479235470191147872e-01	1.306332614627658262e-01
-4.000000000000000000e+00	-2.780307308815507250e-01	4.729068773541874465e-02
-3.000000000000000000e+00	-2.801105023713443276e-01	-4.415592756996455231e-02
-2.000000000000000000e+00	-2.513088007170780069e-01	-1.340423268613049890e-01
-1.000000000000000000e+00	-1.922112973006281644e-01	-2.113654207288880038e-01
0.000000000000000000e+00	-1.075881256582205125e-01	-2.651141919446954320e-01
1.000000000000000000e+00	-6.580071887404888992e-03	-2.858965788608341385e-01
2.000000000000000000e+00	9.772585557037388737e-02	-2.679054527795386442e-01
3.000000000000000000e+00	1.897971005078538387e-01	-2.107353167924929105e-01
4.000000000000000000e+00	2.539821583827902574e-01	-1.205838731514986134e-01
5.000000000000000000e+00	2.775469710469412599e-01	-1.051676095741520267e-02
6.000000000000000000e+00	2.539530244526796432e-01	1.010064650041176681e-01
7.000000000000000000e+00	1.854189309579026834e-01	1.931957367503157330e-01
8.000000000000000000e+00	8.383900584064316042e-02	2.473680378698550619e-01
9.000000000000000000e+00	-3.078393950532245030e-02	2.517198518872826307e-01
1.000000000000000000e+01	-1.342676407030773678e-01	2.049005724120095129e-01
1.100000000000000000e+01	-2.040524399376652531e-01	1.176211163134737309e-01
1.200000000000000000e+01	-2.251204991312691361e-01	1.041439171621376392e-02
1.300000000000000000e+01	-1.943219971244275757e-01	-9.116175579157263786e-02
1.400000000000000000e+01	-1.215126014602936483e-01	-1.633108199959523721e-01
1.500000000000000000e+01	-2.690603069918794110e-02	-1.903905959052371588e-01
1.600000000000000000e+01	6.461511751444226626e-02	-1.690489084284654275e-01
1.700000000000000000e+01	1.304345962283081917e-01	-1.086820044603059310e-01
1.800000000000000000e+01	1.562707218105227336e-01	-2.821772737452216823e-02
1.900000000000000000e+01	1.395710196515673740e-01	4.967227497984497836e-02
2.000000000000000000e+01	8.930616459983850564e-02	1.051246966681220196e-01
2.100000000000000000e+01	2.244786034839143726e-02	1.262338912400902957e-01
2.200000000000000000e+01	-4.139857635114118500e-02	1.115431742422920286e-01
2.300000000000000000e+01	-8.563723511634316332e-02	6.943230168530864499e-02
2.400000000000000000e+01	-1.009971500071518563e-01	1.471744243099288967e-02
2.500000000000000000e+01	-8.715456356394853110e-02	-3.623456511829815235e-02
2.600000000000000000e+01	-5.182299262572544196e-02	-7.014984098235774179e-02
2.700000000000000000e+01	-7.579707028635473097e-03	-8.016584230750857520e-02
2.800000000000000000e+01	3.223704649966337848e-02	-6.692084190907710006e-02
2.900000000000000000e+01	5.735918258361216021e-02	-3.738729342468598976e-02
3.000000000000000000e+01	6.303286103087066272e-02	-2.048377615482681845e-03
3.100000000000000000e+01	5.057026750640573887e-02	2.851629092905224108e-02
3.200000000000000000e+01	2.611570678377254581e-02	4.660375628440339285e-02
3.300000000000000000e+01	-1.784894582710547326e-03	4.911109804229006615e-02
3.400000000000000000e+01	-2.491526360001178678e-02	3.771271237683596067e-02
3.500000000000000000e+01	-3.762615960771466955e-02	1.767595158685227041e-02
3.600000000000000000e+01	-3.800945173955190548e-02	-4.151595400074902138e-03
3.700000000000000000e+01	-2.785251921678973119e-02	-2.147655783036726135e-02
3.800000000000000000e+01	-1.157718805259285756e-02	-3.021453489779389601e-02
3.900000000000000000e+01	5.388732666248092530e-03	-2.927804157229934104e-02
4.000000000000000000e+01	1.825947192799863908e-02	-2.041048108852418566e-02
4.100000000000000000e+01	2.411459437760745880e-02	-7.275872828421292571e-03
4.200000000000000000e+01	2.241160050003439957e-02	5.848743517854154521e-03
4.300000000000000000e+01	1.477356461511390370e-02	1.533818670447784950e-02
4.400000000000000000e+01	4.218906170507292878e-03	1.912088579233283195e-02
4.500000000000000000e+01	-5.883422723969250999e-03	1.701829911921444796e-02
4.600000000000000000e+01	-1.280019510550592203e-02	1.051172557689207358e-02
4.700000000000000000e+01	-1.509801437098403851e-02	2.080586210737416820e-03
4.800000000000000000e+01	-1.284093922928336226e-02	-5.635890606193714319e-03
4.900000000000000000e+01	-7.360380243665133777e-03	-1.059667061574584047e-02
5.000000000000000000e+01	-6.826955360586033040e-04	-1.185183040168753810e-02
5.100000000000000000e+01	5.154613455042184218e-03	-9.630138081590470384e-03
5.200000000000000000e+01	8.664009003522951322e-03	-5.084835035624627603e-03
5.300000000000000000e+01	9.221644458411544162e-03	1.650481995795773614e-04
5.400000000000000000e+01	7.140764473586348055e-03	4.545983525072560920e-03
5.500000000000000000e+01	3.407994752738238188e-03	6.981378513124687595e-03
5.600000000000000000e+01	-6.869679906109378131e-04	7.100508711770460446e-03
5.700000000000000000e+01	-3.954984764086912595e-03	5.228421054354823183e-03
5.800000000000000000e+01	-5.616760265862138016e-03	2.190599430014261717e-03
5.900000000000000000e+01	-5.459546930928686585e-03	-9.881798676270815620e-04
6.000000000000000000e+01	-3.811590298483240845e-03	-3.404350675670829180e-03
6.100000000000000000e+01	-1.361285473256824410e-03	-4.509256991921077075e-03
6.200000000000000000e+01	1.090825900136466143e-03	-4.202648276203764521e-03
6.300000000000000000e+01	2.870211475124585625e-03	-2.786674674692158748e-03
6.400000000000000000e+01	3.585089079371081826e-03	-8.182563816300857757e-04
6.500000000000000000e+01	3.198594780894633595e-03	1.070657073394979796e-03
6.600000000000000000e+01	1.987814227157141261e-03	2.368341107190280459e-03
6.700000000000000000e+01	4.128283217761947858e-04	2.804109663335686235e-03
6.800000000000000000e+01	-1.031829951554545394e-03	2.385263295742735736e-03
6.900000000000000000e+01	-1.962403103588622640e-03	1.361930339123132482e-03
7.000000000000000000e+01	-2.200069534382224912e-03	1.125807853950576339e-04
7.100000000000000000e+01	-1.783966729018161704e-03	-9.799074482477782184e-04
7.200000000000000000e+01	-9.330895072806862176e-04	-1.635057790014127124e-03
7.300000000000000000e+01	4.756224951237251081e-05	-1.740467840803210575e-03
7.400000000000000000e+01	8.662308077512213302e-04	-1.352135323062641711e-03
7.500000000000000000e+01	1.318735613423531721e-03	-6.538141141987830916e-04
7.600000000000000000e+01	1.341829390612375456e-03	1.094964831685541130e-04
7.700000000000000000e+01	9.943860810749988090e-04	7.201828450306504720e-04
7.800000000000000000e+01	4.275761957817133109e-04	1.032078090242978096e-03
7.900000000000000000e+01	-1.669856383323465633e-04	1.002975725604038576e-03
8.000000000000000000e+01	-6.190086896453980735e-04	6.949950666037831536e-04
8.100000000000000000e+01	-8.281653043691075645e-04	2.374444064886334826e-04
8.200000000000000000e+01	-7.703390866276810332e-04	-2.225076556493822688e-04
8.300000000000000000e+01	-5.033158631634148230e-04	-5.545499146962816006e-04
8.400000000000000000e+01	-1.350595199113799620e-04	-6.863432446245449703e-04
8.500000000000000000e+01	2.170363126172783507e-04	-6.148668845783135297e-04
8.600000000000000000e+01	4.595241354867248668e-04	-3.897289149629188450e-04
8.700000000000000000e+01	5.397053600256337871e-04	-9.567528307295873103e-05
8.800000000000000000e+01	4.627028660918120948e-04	1.735878917697127651e-04
8.900000000000000000e+01	2.731145123339248789e-04	3.486165530954691617e-04
9.000000000000000000e+01	3.940262822782647663e-05	3.941829741901240521e-04
9.100000000000000000e+01	-1.651415220354636004e-04	3.154221923122127479e-04
9.200000000000000000e+01	-2.899621905536278895e-04	1.575064081926695180e-04
9.300000000000000000e+01	-3.099132234382954119e-04	-2.735679415901622497e-05
9.400000000000000000e+01	-2.354382730293881924e-04	-1.807807813732986517e-04
9.500000000000000000e+01	-1.039624643082740440e-04	-2.644433605753318019e-04
9.600000000000000000e+01	3.857672657736028679e-05	-2.683095587076905135e-04
9.700000000000000000e+01	1.523615979344231932e-04	-2.034223871617056947e-04
9.800000000000000000e+01	2.088920830485544887e-04	-9.709613580400914472e-05
9.900000000000000000e+01	2.037880996156452083e-04	1.286599602887130524e-05
1.000000000000000000e+02	1.481754906928543065e-04	9.752791189556683251e-05
1.010000000000000000e+02	6.317113581891744168e-05	1.376511749712786231e-04
1.020000000000000000e+02	-2.346181524986489447e-05	1.269402042841324984e-04
1.030000000000000000e+02	-8.637938233141652042e-05	7.696829599878475374e-05
1.040000000000000000e+02	-1.127147251294664197e-04	7.508035612789590515e-06
1.050000000000000000e+02	-9.789585972482278307e-05	-5.917392068181572256e-05
1.060000000000000000e+02	-5.446113064524926348e-05	-1.035153316808860180e-04
1.070000000000000000e+02	3.239817513073732935e-07	-1.167159477017387230e-04
