# # Time 	 h_plus 	 h_cross 
# 
-4.090000000000000000e+02	-2.107776709192558245e-02	-1.545537209614196716e-01
-4.080000000000000000e+02	-1.001818207316634672e-02	-1.556244448449389806e-01
-4.070000000000000000e+02	1.095328960471105223e-03	-1.559041879429902411e-01
-4.060000000000000000e+02	1.220639363463698820e-02	-1.553902538494473518e-01
-4.050000000000000000e+02	2.325850506127683653e-02	-1.540839347636593359e-01
-4.040000000000000000e+02	3.419530077881566266e-02	-1.519905181976569375e-01
-4.030000000000000000e+02	4.496084201751130577e-02	-1.491192745015433307e-01
-4.020000000000000000e+02	5.549989615049428365e-02	-1.454834236108635270e-01
-4.010000000000000000e+02	6.575844473102196441e-02	-1.410999743822727581e-01
-4.000000000000000000e+02	7.568326750548011461e-02	-1.359899309118948740e-01
-3.990000000000000000e+02	8.522286425533805165e-02	-1.301779793304397859e-01
-3.980000000000000000e+02	9.432751337026892835e-02	-1.236924423343653962e-01
-3.970000000000000000e+02	1.029495263286075574e-01	-1.165651544316326782e-01
-3.960000000000000000e+02	1.110434936779941401e-01	-1.088313196488979034e-01
-3.950000000000000000e+02	1.185665213346761698e-01	-1.005293522610399837e-01
-3.940000000000000000e+02	1.254784560557815343e-01	-9.170070118092883693e-02
-3.930000000000000000e+02	1.317420989794078623e-01	-8.238965872221540310e-02
-3.920000000000000000e+02	1.373234061726081590e-01	-7.264315452031035181e-02
-3.910000000000000000e+02	1.421916751771678256e-01	-6.251053546624830981e-02
-3.900000000000000000e+02	1.463198157891078266e-01	-5.204305369592735625e-02
-3.890000000000000000e+02	1.496842368246571187e-01	-4.129419296565802616e-02
-3.880000000000000000e+02	1.522651109387719859e-01	-3.031938760008303854e-02
-3.870000000000000000e+02	1.540480642969523362e-01	-1.917541629946168877e-02
-3.860000000000000000e+02	1.550203083442181218e-01	-7.919660509436335372e-03
-3.850000000000000000e+02	1.551735934888787416e-01	3.389340258035478635e-03
-3.840000000000000000e+02	1.545044334775199368e-01	1.469235285981764470e-02
-3.830000000000000000e+02	1.530135880768230261e-01	2.592985934131487868e-02
-3.820000000000000000e+02	1.507060899318176939e-01	3.704235732680784959e-02
-3.810000000000000000e+02	1.475912505675211206e-01	4.797066304071081339e-02
-3.800000000000000000e+02	1.436826452825077927e-01	5.865621554914004360e-02
-3.790000000000000000e+02	1.389980767749774970e-01	6.904138078828421510e-02
-3.780000000000000000e+02	1.335595576794994244e-01	7.906968595198830829e-02
-3.770000000000000000e+02	1.273930491678766097e-01	8.868643156918068482e-02
-3.760000000000000000e+02	1.205289423774588836e-01	9.783888329977090403e-02
-3.750000000000000000e+02	1.130020132178744391e-01	1.064769561836032830e-01
-3.740000000000000000e+02	1.048484155687192110e-01	1.145509265197928450e-01
-3.730000000000000000e+02	9.610935552043706198e-02	1.220147330407634761e-01
-3.720000000000000000e+02	8.682946661180898640e-02	1.288252407311551162e-01
-3.710000000000000000e+02	7.705660905638760105e-02	1.349424983513846099e-01
-3.700000000000000000e+02	6.684164951704694990e-02	1.403299828081908118e-01
-3.690000000000000000e+02	5.623822223320445318e-02	1.449548289040952231e-01
-3.680000000000000000e+02	4.530247241496790367e-02	1.487880430415573774e-01
-3.670000000000000000e+02	3.409278292653248471e-02	1.518046995093640661e-01
-3.660000000000000000e+02	2.266948538673863034e-02	1.539841180386792574e-01
-3.650000000000000000e+02	1.109455691718372501e-02	1.553100213840620247e-01
-3.640000000000000000e+02	-5.687026395778792959e-04	1.557724540860153384e-01
-3.630000000000000000e+02	-1.225634803923757871e-02	1.553627784991067351e-01
-3.620000000000000000e+02	-2.390334292132381341e-02	1.540784172444040756e-01
-3.610000000000000000e+02	-3.544434888356788604e-02	1.519217689095420099e-01
-3.600000000000000000e+02	-4.681406702965008881e-02	1.489000958365952754e-01
-3.590000000000000000e+02	-5.794757959811516757e-02	1.450255431625049329e-01
-3.580000000000000000e+02	-6.878071392379089821e-02	1.403151313339683626e-01
-3.570000000000000000e+02	-7.925040810688406545e-02	1.347907216801260688e-01
-3.560000000000000000e+02	-8.929507642088928276e-02	1.284789546929881732e-01
-3.550000000000000000e+02	-9.885497244390280269e-02	1.214111608062517500e-01
-3.540000000000000000e+02	-1.078725478609462440e-01	1.136232436092051573e-01
-3.530000000000000000e+02	-1.162927565040469263e-01	1.051555890585607611e-01
-3.520000000000000000e+02	-1.240634154690115898e-01	9.605291662892924409e-02
-3.510000000000000000e+02	-1.311356560254424153e-01	8.636395754909008404e-02
-3.500000000000000000e+02	-1.374641723059202847e-01	7.614129297286570397e-02
-3.490000000000000000e+02	-1.430075383229284514e-01	6.544109030008067596e-02
-3.480000000000000000e+02	-1.477284979165542356e-01	5.432282366931152212e-02
-3.470000000000000000e+02	-1.515942352004154559e-01	4.284897062954241137e-02
-3.460000000000000000e+02	-1.545766235298446922e-01	3.108468628859044000e-02
-3.450000000000000000e+02	-1.566524510962909456e-01	1.909745640025967486e-02
-3.440000000000000000e+02	-1.578027603284766489e-01	6.956693054862177206e-03
-3.430000000000000000e+02	-1.580156028188673956e-01	-5.266656570438840029e-03
-3.420000000000000000e+02	-1.572836409318397743e-01	-1.750028374112169716e-02
-3.410000000000000000e+02	-1.556050971564403584e-01	-2.967096452163939593e-02
-3.400000000000000000e+02	-1.529838460721972271e-01	-4.170536600351198303e-02
-3.390000000000000000e+02	-1.494294541640628360e-01	-5.353026151944900723e-02
-3.380000000000000000e+02	-1.449571957620823526e-01	-6.507297300020607744e-02
-3.370000000000000000e+02	-1.395880346230142233e-01	-7.626181716458987903e-02
-3.360000000000000000e+02	-1.333484239691010709e-01	-8.702677755887930355e-02
-3.350000000000000000e+02	-1.262706126516633942e-01	-9.729926613168313199e-02
-3.340000000000000000e+02	-1.183922308834362697e-01	-1.070131865177134378e-01
-3.330000000000000000e+02	-1.097561591843173451e-01	-1.161052582589757048e-01
-3.320000000000000000e+02	-1.004103550814428591e-01	-1.245154009076857582e-01
-3.310000000000000000e+02	-9.040762205670110907e-02	-1.321871470611867827e-01
-3.300000000000000000e+02	-7.980484606047093254e-02	-1.390671708550189067e-01
-3.290000000000000000e+02	-6.866400667318552087e-02	-1.451080155213430034e-01
-3.280000000000000000e+02	-5.705111178797035720e-02	-1.502665697502142406e-01
-3.270000000000000000e+02	-4.503545139889027910e-02	-1.545046314579254509e-01
-3.260000000000000000e+02	-3.268947537855140112e-02	-1.577894129336083751e-01
-3.250000000000000000e+02	-2.008840759506522536e-02	-1.600937968038754489e-01
-3.240000000000000000e+02	-7.309804496147744024e-03	-1.613965780722061427e-01
-3.230000000000000000e+02	5.566956972562411322e-03	-1.616826703215140937e-01
-3.220000000000000000e+02	1.846110323523280500e-02	-1.609432644720236449e-01
-3.210000000000000000e+02	3.129083078124233336e-02	-1.591759914658270603e-01
-3.200000000000000000e+02	4.397404243141275065e-02	-1.563850113352227844e-01
-3.190000000000000000e+02	5.642878591179560643e-02	-1.525810631164301601e-01
-3.180000000000000000e+02	6.857378303258258867e-02	-1.477814766590954398e-01
-3.170000000000000000e+02	8.032896234403583136e-02	-1.420101417337264471e-01
-3.160000000000000000e+02	9.161641170399247025e-02	-1.352980539877794708e-01
-3.150000000000000000e+02	1.023605037962367209e-01	-1.276822121688860057e-01
-3.140000000000000000e+02	1.124872714347355807e-01	-1.192044320337628666e-01
-3.130000000000000000e+02	1.219266656872141502e-01	-1.099136154997965714e-01
-3.120000000000000000e+02	1.306124392927060784e-01	-9.986441904395505775e-02
-3.110000000000000000e+02	1.384825945926120572e-01	-8.911700325963178848e-02
-3.100000000000000000e+02	1.454798641366203682e-01	-7.773669132206074972e-02
-3.090000000000000000e+02	1.515521482626223382e-01	-6.579360295981512285e-02
-3.080000000000000000e+02	1.566528536717619047e-01	-5.336245980249015169e-02
-3.070000000000000000e+02	1.607414206178794103e-01	-4.052192421580091963e-02
-3.060000000000000000e+02	1.637837451455488036e-01	-2.735358521639386087e-02
-3.050000000000000000e+02	1.657521831980788840e-01	-1.394230919844440843e-02
-3.040000000000000000e+02	1.666259495674391466e-01	-3.754069427196713186e-04
-3.030000000000000000e+02	1.663913423795279900e-01	1.325791871213213326e-02
-3.020000000000000000e+02	1.650435956239612034e-01	2.686741859548391967e-02
-3.010000000000000000e+02	1.625865683275770079e-01	4.036299255042934825e-02
-3.000000000000000000e+02	1.590236256681901716e-01	5.365279732838290627e-02
-2.990000000000000000e+02	1.543704501512902227e-01	6.664579075059917646e-02
-2.980000000000000000e+02	1.486502690118838288e-01	7.925197785340636070e-02
-2.970000000000000000e+02	1.418938008202098311e-01	9.138304109715618406e-02
-2.960000000000000000e+02	1.341396402212864380e-01	1.029523300498689509e-01
-2.950000000000000000e+02	1.254332833167283445e-01	1.138768781942627317e-01
-2.940000000000000000e+02	1.158265454537580758e-01	1.240779261697179808e-01
-2.930000000000000000e+02	1.053784230163739566e-01	1.334801398889036705e-01
-2.920000000000000000e+02	9.415432527926141659e-02	1.420128927398822682e-01
-2.910000000000000000e+02	8.222570879464202731e-02	1.496108214021991123e-01
-2.900000000000000000e+02	6.966966277666286622e-02	1.562143543004453905e-01
-2.890000000000000000e+02	5.656844741763716183e-02	1.617702083115171996e-01
-2.880000000000000000e+02	4.300898746689311297e-02	1.662318494653196588e-01
-2.870000000000000000e+02	2.908301795875751009e-02	1.695639607598184440e-01
-2.860000000000000000e+02	1.488393415733500584e-02	1.717330606939483917e-01
-2.850000000000000000e+02	5.086196529813827001e-04	1.727128434460216133e-01
-2.840000000000000000e+02	-1.394318798105363862e-02	1.724872542669700637e-01
-2.830000000000000000e+02	-2.836933606805852950e-02	1.710487510166509573e-01
-2.820000000000000000e+02	-4.266830384411798155e-02	1.683982327069040441e-01
-2.810000000000000000e+02	-5.673788134403813521e-02	1.645451835058855117e-01
-2.800000000000000000e+02	-7.047618718499874813e-02	1.595078159328988388e-01
-2.790000000000000000e+02	-8.378261753739965623e-02	1.533130490598260676e-01
-2.780000000000000000e+02	-9.655859707768280065e-02	1.459964386967416150e-01
-2.770000000000000000e+02	-1.087083288486205418e-01	1.376020422372181973e-01
-2.760000000000000000e+02	-1.201395209385843349e-01	1.281822330300981805e-01
-2.750000000000000000e+02	-1.307640568989656971e-01	1.177975143602754959e-01
-2.740000000000000000e+02	-1.404990232029524333e-01	1.065158568862174665e-01
-2.730000000000000000e+02	-1.492670195919501286e-01	9.441263723521958751e-02
-2.720000000000000000e+02	-1.569969474654362152e-01	8.157007620450119900e-02
-2.710000000000000000e+02	-1.636246303114643474e-01	6.807672109893692092e-02
-2.700000000000000000e+02	-1.690933926480466254e-01	5.402687052295128411e-02
-2.690000000000000000e+02	-1.733545920366358073e-01	3.951994482949460624e-02
-2.680000000000000000e+02	-1.763677500508995521e-01	2.465962753612679567e-02
-2.670000000000000000e+02	-1.780967782621224460e-01	9.553231349703232220e-03
-2.660000000000000000e+02	-1.785253040946493952e-01	-5.687347190420698889e-03
-2.650000000000000000e+02	-1.776412595532603222e-01	-2.094952329510637104e-02
-2.640000000000000000e+02	-1.754423788725177347e-01	-3.611946003371669517e-02
-2.630000000000000000e+02	-1.719363409787730557e-01	-5.108292627292173455e-02
-2.620000000000000000e+02	-1.671408365577309041e-01	-6.572617146119424936e-02
-2.610000000000000000e+02	-1.610835577254370599e-01	-7.993681062162420747e-02
-2.600000000000000000e+02	-1.538021088839746919e-01	-9.360471268004091905e-02
-2.590000000000000000e+02	-1.453438379536987901e-01	-1.066228850711409132e-01
-2.580000000000000000e+02	-1.357655878073003586e-01	-1.188883474347413455e-01
-2.570000000000000000e+02	-1.251333683824981113e-01	-1.303029871406237994e-01
-2.560000000000000000e+02	-1.135219506147143592e-01	-1.407743893657823486e-01
-2.550000000000000000e+02	-1.010143840034011808e-01	-1.502166344941349152e-01
-2.540000000000000000e+02	-8.770144030019970394e-02	-1.585510557173095414e-01
-2.530000000000000000e+02	-7.367776610513698810e-02	-1.657004012269233661e-01
-2.520000000000000000e+02	-5.905147430844599754e-02	-1.716069607720701051e-01
-2.510000000000000000e+02	-4.393366931403024089e-02	-1.762201951196898098e-01
-2.500000000000000000e+02	-2.843905999369166285e-02	-1.794975540583207685e-01
-2.490000000000000000e+02	-1.268618306207298582e-02	-1.814066948565059567e-01
-2.480000000000000000e+02	3.203507801806712574e-03	-1.819258387403223654e-01
-2.470000000000000000e+02	1.910658701205434490e-02	-1.810440459446681916e-01
-2.460000000000000000e+02	3.489862903185619869e-02	-1.787614059846727999e-01
-2.450000000000000000e+02	5.045519961209651155e-02	-1.750891404435144239e-01
-2.440000000000000000e+02	6.565285842031619301e-02	-1.700496162566822456e-01
-2.430000000000000000e+02	8.037016495143488315e-02	-1.636762681852581836e-01
-2.420000000000000000e+02	9.448867938511731901e-02	-1.560134299521723777e-01
-2.410000000000000000e+02	1.078938035648436683e-01	-1.471161817179288400e-01
-2.400000000000000000e+02	1.204744717449221653e-01	-1.370476621417238694e-01
-2.390000000000000000e+02	1.321272615121279470e-01	-1.258840843776729279e-01
-2.380000000000000000e+02	1.427570330446482905e-01	-1.137117713846002159e-01
-2.370000000000000000e+02	1.522750039015271784e-01	-1.006238726755299823e-01
-2.360000000000000000e+02	1.606007038335439951e-01	-8.672171362511114923e-02
-2.350000000000000000e+02	1.676630445850399720e-01	-7.211352807495410855e-02
-2.340000000000000000e+02	1.734008178231657427e-01	-5.691362880760997278e-02
-2.330000000000000000e+02	1.777630519526782471e-01	-4.124194595656422574e-02
-2.320000000000000000e+02	1.807096220315924651e-01	-2.522290988272511345e-02
-2.310000000000000000e+02	1.822111139626045317e-01	-8.984445150721402998e-03
-2.300000000000000000e+02	1.822501341199491698e-01	7.342843425255798397e-03
-2.290000000000000000e+02	1.808217524658388420e-01	2.362694448958222587e-02
-2.280000000000000000e+02	1.779324518600283178e-01	3.973554235787805922e-02
-2.270000000000000000e+02	1.736007702456738300e-01	5.553672826076310604e-02
-2.260000000000000000e+02	1.678569600081498692e-01	7.090109198211325126e-02
-2.250000000000000000e+02	1.607430306161144462e-01	8.570171618525676549e-02
-2.240000000000000000e+02	1.523124487080579070e-01	9.981558287783307004e-02
-2.230000000000000000e+02	1.426298170967956191e-01	1.131245737919439331e-01
-2.220000000000000000e+02	1.317704302223235147e-01	1.255165084848686163e-01
-2.210000000000000000e+02	1.198194733632600845e-01	1.368863590204177083e-01
-2.200000000000000000e+02	1.068716992600068083e-01	1.471367650773887925e-01
-2.190000000000000000e+02	9.303063065001067333e-02	1.561790333752534066e-01
-2.180000000000000000e+02	7.840786549374578751e-02	1.639338908749196355e-01
-2.170000000000000000e+02	6.312198613019094628e-02	1.703323449086798780e-01
-2.160000000000000000e+02	4.729781250604685877e-02	1.753162044718704626e-01
-2.150000000000000000e+02	3.106541045312855021e-02	1.788386661574717929e-01
-2.140000000000000000e+02	1.455904624726933085e-02	1.808648022729369975e-01
-2.130000000000000000e+02	-2.083888406369306147e-03	1.813719479868682594e-01
-2.120000000000000000e+02	-1.872398773770875963e-02	1.803499922300353386e-01
-2.110000000000000000e+02	-3.522105649746461176e-02	1.778018013584168611e-01
-2.100000000000000000e+02	-5.143526090484965702e-02	1.737431712239334569e-01
-2.090000000000000000e+02	-6.722807863433320763e-02	1.682021341682438109e-01
-2.080000000000000000e+02	-8.246356737859648900e-02	1.612194233190056003e-01
-2.070000000000000000e+02	-9.700948641925727367e-02	1.528482686227215781e-01
-2.060000000000000000e+02	-1.107384463744764125e-01	1.431540819181263968e-01
-2.050000000000000000e+02	-1.235290343586861461e-01	1.322140364209955510e-01
-2.040000000000000000e+02	-1.352669049112024402e-01	1.201165422899954233e-01
-2.030000000000000000e+02	-1.458458271329547695e-01	1.069606208144419229e-01
-2.020000000000000000e+02	-1.551686786299828757e-01	9.285518063673046940e-02
-2.010000000000000000e+02	-1.631483771002761873e-01	7.791820028764818995e-02
-2.000000000000000000e+02	-1.697087407169364515e-01	6.227582216511054480e-02
-1.990000000000000000e+02	-1.747852688553401812e-01	4.606136391911067052e-02
-1.980000000000000000e+02	-1.783258351841515710e-01	2.941425401067176287e-02
-1.970000000000000000e+02	-1.802913097523073660e-01	1.247855130653769545e-02
-1.960000000000000000e+02	-1.806558777824970319e-01	-4.598750179819686458e-03
-1.950000000000000000e+02	-1.794074912285604784e-01	-2.166506671796965613e-02
-1.940000000000000000e+02	-1.765485781022919087e-01	-3.856817780769388609e-02
-1.930000000000000000e+02	-1.720959309102063073e-01	-5.515595833714265206e-02
-1.920000000000000000e+02	-1.660807345428406412e-01	-7.127773336424571282e-02
-1.910000000000000000e+02	-1.585483583706382149e-01	-8.678558195256100283e-02
-1.900000000000000000e+02	-1.495580938484160627e-01	-1.015356025378445909e-01
-1.890000000000000000e+02	-1.391836776102483020e-01	-1.153898603848508148e-01
-1.880000000000000000e+02	-1.275116057299943428e-01	-1.282170755568601550e-01
-1.870000000000000000e+02	-1.146409620948572045e-01	-1.398940857798345316e-01
-1.860000000000000000e+02	-1.006826785582889267e-01	-1.503070650429314536e-01
-1.850000000000000000e+02	-8.575867630572871214e-02	-1.593526770164916673e-01
-1.840000000000000000e+02	-7.000089393107755686e-02	-1.669391516715437451e-01
-1.830000000000000000e+02	-5.355014794795929373e-02	-1.729870771648893413e-01
-1.820000000000000000e+02	-3.655500077679416787e-02	-1.774300162711969497e-01
-1.810000000000000000e+02	-1.917094359240353527e-02	-1.802173914542926914e-01
-1.800000000000000000e+02	-1.553702974871839842e-03	-1.813127268635122413e-01
-1.790000000000000000e+02	1.612822495436312328e-02	-1.806940087415925267e-01
-1.780000000000000000e+02	3.370767656222074110e-02	-1.783561371125402528e-01
-1.770000000000000000e+02	5.101754944683416920e-02	-1.743102477595294963e-01
-1.760000000000000000e+02	6.789167966747802763e-02	-1.685837358509924000e-01
-1.750000000000000000e+02	8.416647857348054373e-02	-1.612203024190934364e-01
-1.740000000000000000e+02	9.968249133891568525e-02	-1.522796035514445423e-01
-1.730000000000000000e+02	1.142857773543572986e-01	-1.418366661577806775e-01
-1.720000000000000000e+02	1.278296721418616666e-01	-1.299818063274431890e-01
-1.710000000000000000e+02	1.401767564806638000e-01	-1.168191352366187846e-01
-1.700000000000000000e+02	1.511986594222837488e-01	-1.024673997911287188e-01
-1.690000000000000000e+02	1.607788147892143527e-01	-8.705794170085427719e-02
-1.680000000000000000e+02	1.688136408804100097e-01	-7.073350359362218231e-02
-1.670000000000000000e+02	1.752135232078300686e-01	-5.364718112709122161e-02
-1.660000000000000000e+02	1.799038680185562067e-01	-3.596107038020321389e-02
-1.650000000000000000e+02	1.828260261445689983e-01	-1.784480656285300157e-02
-1.640000000000000000e+02	1.839380758724684373e-01	5.259936588497387535e-04
-1.630000000000000000e+02	1.832154546772582493e-01	1.897137274417582190e-02
-1.620000000000000000e+02	1.806541814444506677e-01	3.730930925848117974e-02
-1.610000000000000000e+02	1.762636933464656053e-01	5.535396004943584497e-02
-1.600000000000000000e+02	1.700737861399485296e-01	7.292253459369445190e-02
-1.590000000000000000e+02	1.621313874366509533e-01	8.983821555177862184e-02
-1.580000000000000000e+02	1.525019485266995156e-01	1.059258012345054567e-01
-1.570000000000000000e+02	1.412684817332032494e-01	1.210163213582129416e-01
-1.560000000000000000e+02	1.285310024693723241e-01	1.349488005466748519e-01
-1.550000000000000000e+02	1.144057942034431424e-01	1.475719760340955811e-01
-1.540000000000000000e+02	9.902449955627040667e-02	1.587459518403205594e-01
-1.530000000000000000e+02	8.253375480026357847e-02	1.683452246927790996e-01
-1.520000000000000000e+02	6.509237579579249533e-02	1.762582756126037098e-01
-1.510000000000000000e+02	4.686953479224949953e-02	1.823858285708800653e-01
-1.500000000000000000e+02	2.804845495333796804e-02	1.866473513715792010e-01
-1.490000000000000000e+02	8.819782436414255397e-03	1.889814828677306990e-01
-1.480000000000000000e+02	-1.062523491006036290e-02	1.893460928081678041e-01
-1.470000000000000000e+02	-3.008624041981028049e-02	1.877175818232948157e-01
-1.460000000000000000e+02	-4.935988430090224033e-02	1.840925554907243689e-01
-1.450000000000000000e+02	-6.824183706356085066e-02	1.784882372033643194e-01
-1.440000000000000000e+02	-8.652886113129952539e-02	1.709426838058557552e-01
-1.430000000000000000e+02	-1.040209847509714625e-01	1.615148936537988411e-01
-1.420000000000000000e+02	-1.205263631384928535e-01	1.502879140761623489e-01
-1.410000000000000000e+02	-1.358521566506664668e-01	1.373598892756155709e-01
-1.400000000000000000e+02	-1.498241964560196871e-01	1.228472364040488624e-01
-1.390000000000000000e+02	-1.622761019640576452e-01	1.068874730442733595e-01
-1.380000000000000000e+02	-1.730549035724238960e-01	8.963586717664728809e-02
-1.370000000000000000e+02	-1.820229650983284098e-01	7.126420262735654043e-02
-1.360000000000000000e+02	-1.890598013950344769e-01	5.195933646682592694e-02
-1.350000000000000000e+02	-1.940637703329843866e-01	3.192155363018227276e-02
-1.340000000000000000e+02	-1.969548966799911649e-01	1.136295551599645140e-02
-1.330000000000000000e+02	-1.976743571106377440e-01	-9.493295054599839092e-03
-1.320000000000000000e+02	-1.961836131973907771e-01	-3.042143736813032046e-02
-1.310000000000000000e+02	-1.924694394392545971e-01	-5.118774835082346569e-02
-1.300000000000000000e+02	-1.865431860791745000e-01	-7.155573798304738775e-02
-1.290000000000000000e+02	-1.784413119157771122e-01	-9.128870470185113106e-02
-1.280000000000000000e+02	-1.682256567978477613e-01	-1.101523837720246729e-01
-1.270000000000000000e+02	-1.559839206269613698e-01	-1.279170756248334262e-01
-1.260000000000000000e+02	-1.418282363838983262e-01	-1.443620842325376019e-01
-1.250000000000000000e+02	-1.258950079306934144e-01	-1.592771722735305262e-01
-1.240000000000000000e+02	-1.083445466855664369e-01	-1.724653536957234112e-01
-1.230000000000000000e+02	-8.935945467888883886e-02	-1.837456115286661140e-01
-1.220000000000000000e+02	-6.914321679539771337e-02	-1.929555588166868563e-01
-1.210000000000000000e+02	-4.791840396270285324e-02	-1.999539077287402211e-01
-1.200000000000000000e+02	-2.592505310789019676e-02	-2.046227219326736124e-01
-1.190000000000000000e+02	-3.416572439531173275e-03	-2.068698254529235669e-01
-1.180000000000000000e+02	1.934103086325926132e-02	-2.066301856657391245e-01
-1.170000000000000000e+02	4.207216039191250673e-02	-2.038674428830890561e-01
-1.160000000000000000e+02	6.449528276857706410e-02	-1.985763669210068583e-01
-1.150000000000000000e+02	8.632652156166463475e-02	-1.907835975874654644e-01
-1.140000000000000000e+02	1.072826761055903494e-01	-1.805476274051982521e-01
-1.130000000000000000e+02	1.270860070088402627e-01	-1.679588636483876074e-01
-1.120000000000000000e+02	1.454663874433470283e-01	-1.531401090978796731e-01
-1.110000000000000000e+02	1.621658452700212305e-01	-1.362458727135979486e-01
-1.100000000000000000e+02	1.769425190812941862e-01	-1.174613994674732487e-01
-1.090000000000000000e+02	1.895740758051726871e-01	-9.700086569670225700e-02
-1.080000000000000000e+02	1.998613728471052842e-01	-7.510555003388312556e-02
-1.070000000000000000e+02	2.076321926039650378e-01	-5.204149905454982100e-02
-1.060000000000000000e+02	2.127436848369738953e-01	-2.809634593846658049e-02
-1.050000000000000000e+02	2.150850812327649297e-01	-3.576996947996093773e-03
-1.040000000000000000e+02	2.145813446980793793e-01	2.119532597661468939e-02
-1.030000000000000000e+02	2.111943862712693520e-01	4.588903359252252678e-02
-1.020000000000000000e+02	2.049236306098974059e-01	7.016484616481097336e-02
-1.010000000000000000e+02	1.958119111392281342e-01	9.368198477616249131e-02
-1.000000000000000000e+02	1.839413417670630047e-01	1.161021782041718603e-01
-9.900000000000000000e+01	1.694345639403785631e-01	1.370951336087788131e-01
-9.800000000000000000e+01	1.524548483163190582e-01	1.563425253269158377e-01
-9.700000000000000000e+01	1.332040015868344029e-01	1.735436166227075361e-01
-9.600000000000000000e+01	1.119216943378589096e-01	1.884201397964974101e-01
-9.500000000000000000e+01	8.888400580063023082e-02	2.007216007522694690e-01
-9.400000000000000000e+01	6.439752126052968040e-02	2.102292565971461691e-01
-9.300000000000000000e+01	3.879610249859479637e-02	2.167591972820807622e-01
-9.200000000000000000e+01	1.243958724353848647e-02	2.201660375873620845e-01
-9.100000000000000000e+01	-1.429229801985297359e-02	2.203520997099432388e-01
-9.000000000000000000e+01	-4.100603204069335622e-02	2.172627879588209243e-01
-8.900000000000000000e+01	-6.729781138278027874e-02	2.108913937464218236e-01
-8.800000000000000000e+01	-9.275965209455315497e-02	2.012796658903844293e-01
-8.700000000000000000e+01	-1.169867123197242120e-01	1.885225583519322123e-01
-8.600000000000000000e+01	-1.395831676272324684e-01	1.727660708014243651e-01
-8.500000000000000000e+01	-1.601685815313305672e-01	1.542057705293832515e-01
-8.400000000000000000e+01	-1.783842659995641122e-01	1.330859045558837606e-01
-8.300000000000000000e+01	-1.938991575247994426e-01	1.096978450241483938e-01
-8.200000000000000000e+01	-2.064166989457819068e-01	8.437740530423165630e-02
-8.100000000000000000e+01	-2.156803778693644758e-01	5.750030501385301057e-02
-8.000000000000000000e+01	-2.214792977144512398e-01	2.947817131804634366e-02
-7.900000000000000000e+01	-2.236537452577075091e-01	7.531867880713532734e-04
-7.800000000000000000e+01	-2.220988515604261360e-01	-2.820818442200880016e-02
-7.700000000000000000e+01	-2.167686401963238307e-01	-5.692117463277238804e-02
-7.600000000000000000e+01	-2.076803783137655957e-01	-8.489033494748554620e-02
-7.500000000000000000e+01	-1.949170941599550622e-01	-1.116181920529833171e-01
-7.400000000000000000e+01	-1.786255673601279681e-01	-1.366110102874540655e-01
-7.300000000000000000e+01	-1.590204073183210665e-01	-1.593908806624829977e-01
-7.200000000000000000e+01	-1.363825399154975082e-01	-1.795030752047672151e-01
-7.100000000000000000e+01	-1.110567512899814924e-01	-1.965238932192491517e-01
-7.000000000000000000e+01	-8.344853383055858553e-02	-2.100710260547135888e-01
-6.900000000000000000e+01	-5.402149148358872249e-02	-2.198134329935048370e-01
-6.800000000000000000e+01	-2.328952608754123951e-02	-2.254836550389870964e-01
-6.700000000000000000e+01	8.189616748489796441e-03	-2.268795543313495144e-01
-6.600000000000000000e+01	3.982641703630134672e-02	-2.238722123191104196e-01
-6.500000000000000000e+01	7.100760074879192141e-02	-2.164153439261144174e-01
-6.400000000000000000e+01	1.011044275389492986e-01	-2.045455239037786699e-01
-6.300000000000000000e+01	1.294853195333882934e-01	-1.883869129322220115e-01
-6.200000000000000000e+01	1.555221622703505391e-01	-1.681577997514585310e-01
-6.100000000000000000e+01	1.786112644171510000e-01	-1.441689690941006796e-01
-6.000000000000000000e+01	1.981849315274795686e-01	-1.168236598915573798e-01
-5.900000000000000000e+01	2.137256976248156082e-01	-8.661477869172179433e-02
-5.800000000000000000e+01	2.247819181844188663e-01	-5.411533003650196433e-02
-5.700000000000000000e+01	2.309783259499073316e-01	-1.997222970131816780e-02
-5.600000000000000000e+01	2.320300602191244788e-01	1.509455681869621355e-02
-5.500000000000000000e+01	2.277571239742815501e-01	5.031106083731955170e-02
-5.400000000000000000e+01	2.180947693318335545e-01	8.486083330639748734e-02
-5.300000000000000000e+01	2.031057619510905354e-01	1.179042539101215203e-01
-5.200000000000000000e+01	1.829822065248926655e-01	1.485978582178565655e-01
-5.100000000000000000e+01	1.580591328253313776e-01	1.761201848453383401e-01
-5.000000000000000000e+01	1.288037746567085307e-01	1.996928528998016816e-01
-4.900000000000000000e+01	9.581382640013751117e-02	2.185992496231282944e-01
-4.800000000000000000e+01	5.980819257317183252e-02	2.322151426639471605e-01
-4.700000000000000000e+01	2.161101046673768664e-02	2.400069630412158539e-01
-4.600000000000000000e+01	-1.785178131363021961e-02	2.415689569414792848e-01
-4.500000000000000000e+01	-5.757088350541818972e-02	2.366387873175240519e-01
-4.400000000000000000e+01	-9.647692707157888570e-02	2.251184082062376024e-01
-4.300000000000000000e+01	-1.334641797770677873e-01	2.070839375346457956e-01
-4.200000000000000000e+01	-1.674184325633290005e-01	1.827957047397939239e-01
-4.100000000000000000e+01	-1.972535401638614849e-01	1.527141307427229977e-01
-4.000000000000000000e+01	-2.219414040557716461e-01	1.174873324801322533e-01
-3.900000000000000000e+01	-2.405430699267547545e-01	7.795086985182382577e-02
-3.800000000000000000e+01	-2.522505515040697199e-01	3.512170339127022173e-02
-3.700000000000000000e+01	-2.564152086137974629e-01	-9.824063433304155643e-03
-3.600000000000000000e+01	-2.525816991007841517e-01	-5.557221527449050791e-02
-3.500000000000000000e+01	-2.405191884644402589e-01	-1.007007504651845214e-01
-3.400000000000000000e+01	-2.202441751858351116e-01	-1.437194307603122112e-01
-3.300000000000000000e+01	-1.920430455248089419e-01	-1.831043625349254300e-01
-3.200000000000000000e+01	-1.564866937532657654e-01	-2.173547165746652354e-01
-3.100000000000000000e+01	-1.144316621213793406e-01	-2.450319944798349803e-01
-3.000000000000000000e+01	-6.702308777579646382e-02	-2.648223709168617268e-01
-2.900000000000000000e+01	-1.568820848870858264e-02	-2.755941563452651843e-01
-2.800000000000000000e+01	3.790319138749979888e-02	-2.764544094338338698e-01
-2.700000000000000000e+01	9.185919345737963981e-02	-2.668035461280786613e-01
-2.600000000000000000e+01	1.440970976565101314e-01	-2.463914911728637969e-01
-2.500000000000000000e+01	1.924474183680307537e-01	-2.153722761841520283e-01
-2.400000000000000000e+01	2.346900322145547835e-01	-1.743424764676949901e-01
-2.300000000000000000e+01	2.686454969633487178e-01	-1.243727803790892483e-01
-2.200000000000000000e+01	2.922828455436086714e-01	-6.701395795959391721e-02
-2.100000000000000000e+01	3.038196839053586840e-01	-4.303448725632035010e-03
-2.000000000000000000e+01	3.018408158547060682e-01	6.125770625406153080e-02
-1.900000000000000000e+01	2.854181585384462094e-01	1.267566913737080692e-01
-1.800000000000000000e+01	2.542570914258021619e-01	1.889597396092783377e-01
-1.700000000000000000e+01	2.087583249012320008e-01	2.444292358474544902e-01
-1.600000000000000000e+01	1.501393539471720107e-01	2.896418145544002454e-01
-1.500000000000000000e+01	8.055712463354025576e-02	3.212354905590329990e-01
-1.400000000000000000e+01	3.018307388824355980e-03	3.362214788960553036e-01
-1.300000000000000000e+01	-7.854039272303782460e-02	3.321675609862644873e-01
-1.200000000000000000e+01	-1.593369852313109292e-01	3.076026798485775871e-01
-1.100000000000000000e+01	-2.340454468017017509e-01	2.621909503617282367e-01
-1.000000000000000000e+01	-2.969201854285714037e-01	1.970522908476422252e-01
-9.000000000000000000e+00	-3.422832226298309632e-01	1.149208106654430184e-01
-8.000000000000000000e+00	-3.649278738507485409e-01	2.032309783358415833e-02
-7.000000000000000000e+00	-3.607480052464477338e-01	-8.047149094807533320e-02
-6.000000000000000000e+00	-3.273332899949705221e-01	-1.796333235290054064e-01
-5.000000000000000000e+00	-2.646090733474431578e-01	-2.682020435339116937e-01
-4.000000000000000000e+00	-1.754040710446119478e-01	-3.367665098756723041e-01
-3.000000000000000000e+00	-6.583930808604625262e-02	-3.764636828757604303e-01
-2.000000000000000000e+00	5.465528407848149056e-02	-3.801355269715948060e-01
-1.000000000000000000e+00	1.737445552338390264e-01	-3.438052903544306926e-01
0.000000000000000000e+00	2.771718717478336425e-01	-2.678421825766332254e-01
1.000000000000000000e+00	3.504635975846980833e-01	-1.580991607322538572e-01
2.000000000000000000e+00	3.812330726107130974e-01	-2.628389315494425449e-02
3.000000000000000000e+00	3.616652968624513576e-01	1.107580592432428485e-01
4.000000000000000000e+00	2.908825521828408700e-01	2.328252879909966100e-01
5.000000000000000000e+00	1.768536548348118853e-01	3.194794350165583441e-01
6.000000000000000000e+00	3.645062747428966243e-02	3.543056246558658473e-01
7.000000000000000000e+00	-1.066139267078695801e-01	3.289827623312378546e-01
8.000000000000000000e+00	-2.258679603619640208e-01	2.465421835073432766e-01
9.000000000000000000e+00	-2.978254199701202420e-01	1.222077849663147225e-01
1.000000000000000000e+01	-3.080200773428452554e-01	-1.880864595997283270e-02
1.100000000000000000e+01	-2.552884650271319833e-01	-1.465725449040333195e-01
1.200000000000000000e+01	-1.530863240722759588e-01	-2.336953373847358295e-01
1.300000000000000000e+01	-2.655159922096716335e-02	-2.624050631455928650e-01
1.400000000000000000e+01	9.366939242544905508e-02	-2.294941292840361746e-01
1.500000000000000000e+01	1.795817362697539055e-01	-1.470381218496804032e-01
1.600000000000000000e+01	2.132461129476287132e-01	-3.903534098704204702e-02
1.700000000000000000e+01	1.912068132593227887e-01	6.558978000060396163e-02
1.800000000000000000e+01	1.246256209561731193e-01	1.410366427955544177e-01
1.900000000000000000e+01	3.526499242663319600e-02	1.713559413471528459e-01
2.000000000000000000e+01	-5.127435344587982086e-02	1.539926333891039889e-01
2.100000000000000000e+01	-1.128454097872311074e-01	9.924877154702563264e-02
2.200000000000000000e+01	-1.364290583555502756e-01	2.620153259311057761e-02
2.300000000000000000e+01	-1.207018951373693277e-01	-4.341363080298274446e-02
2.400000000000000000e+01	-7.512768906732895935e-02	-9.145394544637738821e-02
2.500000000000000000e+01	-1.605263826904964816e-02	-1.079382122844599612e-01
2.600000000000000000e+01	3.863307409873497494e-02	-9.282752253474227389e-02
2.700000000000000000e+01	7.467685790533994117e-02	-5.473899122992741811e-02
2.800000000000000000e+01	8.492695561662431947e-02	-7.398894977792028378e-03
2.900000000000000000e+01	7.034886700923093095e-02	3.486369821891219245e-02
3.000000000000000000e+01	3.861379708065094257e-02	6.119499408961744102e-02
3.100000000000000000e+01	1.000780836846461861e-03	6.673326576327226478e-02
3.200000000000000000e+01	-3.126032441675642704e-02	5.307433655680720425e-02
3.300000000000000000e+01	-5.009555761181681138e-02	2.687239840344356201e-02
3.400000000000000000e+01	-5.233065656528020776e-02	-2.772092652984988002e-03
3.500000000000000000e+01	-3.985933637701813415e-02	-2.717001453942015365e-02
3.600000000000000000e+01	-1.832684339301697204e-02	-4.037391883685617633e-02
3.700000000000000000e+01	4.946733947805985639e-03	-4.041417823891524375e-02
3.800000000000000000e+01	2.325793354885877587e-02	-2.926477650628248744e-02
3.900000000000000000e+01	3.228599151057155031e-02	-1.170933963520655145e-02
4.000000000000000000e+01	3.094359864404332833e-02	6.408853623379071399e-03
4.100000000000000000e+01	2.118834010003220469e-02	1.998366372440715799e-02
4.200000000000000000e+01	7.009493728614720962e-03	2.595237505510877146e-02
4.300000000000000000e+01	-6.991765281246715633e-03	2.382141118033961544e-02
4.400000000000000000e+01	-1.696241401642628946e-02	1.541118096486884283e-02
4.500000000000000000e+01	-2.076079465143301078e-02	4.011164742258305389e-03
4.600000000000000000e+01	-1.826123724440570709e-02	-6.770409594932219610e-03
4.700000000000000000e+01	-1.111852578635616658e-02	-1.403014317558001073e-02
4.800000000000000000e+01	-2.028629830845935563e-03	-1.629400889323149443e-02
4.900000000000000000e+01	6.186230535518259105e-03	-1.369826525671388739e-02
5.000000000000000000e+01	1.138300947106451848e-02	-7.719022443733437010e-03
5.100000000000000000e+01	1.258998311362888659e-02	-5.380595627105145976e-04
5.200000000000000000e+01	1.008496586596201346e-02	5.663866748326992426e-03
5.300000000000000000e+01	5.154712023697675428e-03	9.325108236069214879e-03
5.400000000000000000e+01	-4.627295173375892655e-04	9.824579918155974811e-03
5.500000000000000000e+01	-5.096018296830052627e-03	7.516000437378977765e-03
5.600000000000000000e+01	-7.617113409587225256e-03	3.490278410629487314e-03
5.700000000000000000e+01	-7.673893860828431314e-03	-8.706073518893316055e-04
5.800000000000000000e+01	-5.614942518986172984e-03	-4.307141647854822314e-03
5.900000000000000000e+01	-2.363641808086644567e-03	-6.013863624660919713e-03
6.000000000000000000e+01	9.958264992365217002e-04	-5.800735804405269397e-03
6.100000000000000000e+01	3.525073171759583214e-03	-4.029430869573019137e-03
6.200000000000000000e+01	4.647834719668206965e-03	-1.428705122417265943e-03
6.300000000000000000e+01	4.292008603539648748e-03	1.142799581363233711e-03
6.400000000000000000e+01	2.781638175835399532e-03	2.987047874167347069e-03
6.500000000000000000e+01	7.143232557397401466e-04	3.703561983214785375e-03
6.600000000000000000e+01	-1.245670039443052927e-03	3.273858243273349098e-03
6.700000000000000000e+01	-2.573905358753728143e-03	1.999746051082543306e-03
6.800000000000000000e+01	-2.998894047970424720e-03	3.654764712312236338e-04
6.900000000000000000e+01	-2.551597850646790920e-03	-1.117242548151165795e-03
7.000000000000000000e+01	-1.489322902471833113e-03	-2.061561715905727878e-03
7.100000000000000000e+01	-2.067575012147214323e-04	-2.291666701220345607e-03
7.200000000000000000e+01	9.074880222870103678e-04	-1.859995718254194757e-03
7.300000000000000000e+01	1.574968640631256751e-03	-9.891411521042419840e-04
7.400000000000000000e+01	1.679919696986412149e-03	1.410930850104589307e-05
7.500000000000000000e+01	1.271123356002400607e-03	8.459376400865013280e-04
7.600000000000000000e+01	5.528926154532514368e-04	1.296300372152625786e-03
7.700000000000000000e+01	-2.220985558991526380e-04	1.305622183277551545e-03
7.800000000000000000e+01	-8.293341749488995903e-04	9.393414950052618277e-04
7.900000000000000000e+01	-1.122428979599370555e-03	3.611471306792558584e-04
8.000000000000000000e+01	-1.079242962142632281e-03	-2.294478957541508401e-04
8.100000000000000000e+01	-7.655444261876774353e-04	-6.732064320432686521e-04
8.200000000000000000e+01	-3.027998345102005519e-04	-8.634215080569098691e-04
8.300000000000000000e+01	1.494646578579348522e-04	-7.942521632395021678e-04
8.400000000000000000e+01	4.715857708505682240e-04	-5.250108200632848734e-04
8.500000000000000000e+01	5.932565931511792285e-04	-1.581809543181719106e-04
8.600000000000000000e+01	5.058736850373975755e-04	1.856059540573476462e-04
8.700000000000000000e+01	2.784845544889566070e-04	4.171442735598501631e-04
8.800000000000000000e+01	-1.345222803273538021e-05	4.836037744570925701e-04
8.900000000000000000e+01	-2.707200491179828574e-04	3.921014206419100355e-04
9.000000000000000000e+01	-4.265773626324237964e-04	1.980073513694618364e-04
9.100000000000000000e+01	-4.590472615582186851e-04	-2.795340802099164918e-05
9.200000000000000000e+01	-3.760875232399689774e-04	-2.213844826215796702e-04
9.300000000000000000e+01	-2.157145880126733987e-04	-3.317336541560089464e-04
9.400000000000000000e+01	-3.671234184571594959e-05	-3.419999897866636031e-04
9.500000000000000000e+01	1.082854606055607023e-04	-2.644659190921258346e-04
9.600000000000000000e+01	1.862667387729072786e-04	-1.361058826125587757e-04
9.700000000000000000e+01	1.851448131053173580e-04	3.664534430715195215e-06
9.800000000000000000e+01	1.123437208543729158e-04	1.105083916901415908e-04
9.900000000000000000e+01	6.379886892984860445e-06	1.624050516096587542e-04
1.000000000000000000e+02	-1.006737911754935583e-04	1.476090559713198259e-04
1.010000000000000000e+02	-1.757226599238755104e-04	8.502674444995678052e-05
1.020000000000000000e+02	-2.061693919398596339e-04	7.892604955249879075e-07
1.030000000000000000e+02	-1.922773832269480346e-04	-8.128447734001177237e-05
1.040000000000000000e+02	-1.391697869426602552e-04	-1.374817170624684649e-04
1.050000000000000000e+02	-7.050749904369531880e-05	-1.570794751422344680e-04
1.060000000000000000e+02	-6.869851032064321460e-06	-1.391013079701654373e-04
1.070000000000000000e+02	3.398577269874675759e-05	-9.371154281991570965e-05
