# # Time 	 h_plus 	 h_cross 
# 
-4.090000000000000000e+02	3.034035492317061714e-03	-1.557371811405509343e-01
-4.080000000000000000e+02	1.330491332653267397e-02	-1.552817141406127865e-01
-4.070000000000000000e+02	2.353682449648782787e-02	-1.541482384221591895e-01
-4.060000000000000000e+02	3.368495758392589523e-02	-1.523393861252355097e-01
-4.050000000000000000e+02	4.370451298787696170e-02	-1.498607923274390685e-01
-4.040000000000000000e+02	5.355087507138810154e-02	-1.467211467824453275e-01
-4.030000000000000000e+02	6.318070583018807473e-02	-1.429318437764335870e-01
-4.020000000000000000e+02	7.255095233924700737e-02	-1.385072847384362371e-01
-4.010000000000000000e+02	8.161948493134604798e-02	-1.334647361646252306e-01
-4.000000000000000000e+02	9.034469170689884976e-02	-1.278234284707641666e-01
-3.990000000000000000e+02	9.868719228722228065e-02	-1.216069113951516178e-01
-3.980000000000000000e+02	1.066088792087396819e-01	-1.148408565695357014e-01
-3.970000000000000000e+02	1.140732059528409975e-01	-1.075533191955911488e-01
-3.960000000000000000e+02	1.210454676962404441e-01	-9.977480751928960445e-02
-3.950000000000000000e+02	1.274929673361057947e-01	-9.153816397135972061e-02
-3.940000000000000000e+02	1.333851739967036598e-01	-8.287843499412340942e-02
-3.930000000000000000e+02	1.386938732428821819e-01	-7.383273001844062322e-02
-3.920000000000000000e+02	1.433933082533693781e-01	-6.444007010766256149e-02
-3.910000000000000000e+02	1.474603112381653314e-01	-5.474122683709711779e-02
-3.900000000000000000e+02	1.508744244191816686e-01	-4.477855202723936279e-02
-3.890000000000000000e+02	1.536180099315807845e-01	-3.459579899682465459e-02
-3.880000000000000000e+02	1.556763480450099879e-01	-2.423793604699708837e-02
-3.870000000000000000e+02	1.570377231487472824e-01	-1.375095293095966037e-02
-3.860000000000000000e+02	1.576934969927983321e-01	-3.181661103401138471e-03
-3.850000000000000000e+02	1.576381687278196886e-01	7.422511418831511699e-03
-3.840000000000000000e+02	1.568694213403318827e-01	1.801372971939803336e-02
-3.830000000000000000e+02	1.553880863592587147e-01	2.854433423333705214e-02
-3.820000000000000000e+02	1.531982831362780628e-01	3.896606842108639446e-02
-3.810000000000000000e+02	1.503074042356176976e-01	4.923101607673247698e-02
-3.800000000000000000e+02	1.467260562152069847e-01	5.929185782285610606e-02
-3.790000000000000000e+02	1.424680496544269703e-01	6.910195254465061054e-02
-3.780000000000000000e+02	1.375503586024327263e-01	7.861555488983545947e-02
-3.770000000000000000e+02	1.319930652404341931e-01	8.778803057034290092e-02
-3.760000000000000000e+02	1.258192898569535367e-01	9.657606846080406260e-02
-3.750000000000000000e+02	1.190551063033928880e-01	1.049378884910754789e-01
-3.740000000000000000e+02	1.117294431654043269e-01	1.128334443374337248e-01
-3.730000000000000000e+02	1.038739709540021788e-01	1.202246199284442013e-01
-3.720000000000000000e+02	9.552297568790669990e-02	1.270754187981889272e-01
-3.710000000000000000e+02	8.671321930588986315e-02	1.333521453402820300e-01
-3.700000000000000000e+02	7.748378741355603505e-02	1.390235770420510941e-01
-3.690000000000000000e+02	6.787592493381912340e-02	1.440611268082709895e-01
-3.680000000000000000e+02	5.793286029295109663e-02	1.484389945188077375e-01
-3.670000000000000000e+02	4.769961883504726663e-02	1.521343070036339507e-01
-3.660000000000000000e+02	3.722282621605989272e-02	1.551272456623110085e-01
-3.650000000000000000e+02	2.655050258453472978e-02	1.574011610026975483e-01
-3.640000000000000000e+02	1.573184840886732508e-02	1.589426734254970330e-01
-3.630000000000000000e+02	4.817053118514431735e-03	1.597427630451579705e-01
-3.620000000000000000e+02	-6.143176668813765846e-03	1.597940815092343536e-01
-3.610000000000000000e+02	-1.709747750276457284e-02	1.590932087767129022e-01
-3.600000000000000000e+02	-2.799418280547060281e-02	1.576405329596601845e-01
-3.590000000000000000e+02	-3.878161410286326549e-02	1.554399922764976016e-01
-3.580000000000000000e+02	-4.940831586801680553e-02	1.524990827244173675e-01
-3.570000000000000000e+02	-5.982330069434521613e-02	1.488288492782266770e-01
-3.560000000000000000e+02	-6.997629454025010298e-02	1.444438601952748313e-01
-3.550000000000000000e+02	-7.981798088315988915e-02	1.393621643589793013e-01
-3.540000000000000000e+02	-8.930024261072527780e-02	1.336052316731262124e-01
-3.530000000000000000e+02	-9.837640047233450757e-02	1.271978765998936223e-01
-3.520000000000000000e+02	-1.070014469149947606e-01	1.201681650161120773e-01
-3.510000000000000000e+02	-1.151322741342285655e-01	1.125473046441601566e-01
-3.500000000000000000e+02	-1.227278951826617087e-01	1.043695193960064160e-01
-3.490000000000000000e+02	-1.297496569971544056e-01	9.567190805031691725e-02
-3.480000000000000000e+02	-1.361614442288111571e-01	8.649428776352567627e-02
-3.470000000000000000e+02	-1.419298727897312928e-01	7.687902299530953443e-02
-3.460000000000000000e+02	-1.470244720654117487e-01	6.687084050700650706e-02
-3.450000000000000000e+02	-1.514178547824350796e-01	5.651663116756900501e-02
-3.440000000000000000e+02	-1.550858193565628484e-01	4.586542267971410042e-02
-3.430000000000000000e+02	-1.580076168416405247e-01	3.496790270158747077e-02
-3.420000000000000000e+02	-1.601661008485866233e-01	2.387583390942563805e-02
-3.410000000000000000e+02	-1.615476326497566339e-01	1.264252828519848645e-02
-3.400000000000000000e+02	-1.621422852198472764e-01	1.322304331970846703e-03
-3.390000000000000000e+02	-1.619439208389079621e-01	-1.002977030526285007e-02
-3.380000000000000000e+02	-1.609502509463950348e-01	-2.135814239498429537e-02
-3.370000000000000000e+02	-1.591628777452683552e-01	-3.260704163618686341e-02
-3.360000000000000000e+02	-1.565876158132838147e-01	-4.372083627505635867e-02
-3.350000000000000000e+02	-1.532337767648884741e-01	-5.464416682899141120e-02
-3.340000000000000000e+02	-1.491144774202281253e-01	-6.532220435602717479e-02
-3.330000000000000000e+02	-1.442469112036722234e-01	-7.570104165274466057e-02
-3.320000000000000000e+02	-1.386520863831164074e-01	-8.572792471119548841e-02
-3.310000000000000000e+02	-1.323547527190204187e-01	-9.535152380885671131e-02
-3.300000000000000000e+02	-1.253833087936068735e-01	-1.045222002688240281e-01
-3.290000000000000000e+02	-1.177700032491441201e-01	-1.131919418494374552e-01
-3.280000000000000000e+02	-1.095499639838273948e-01	-1.213155905715210536e-01
-3.270000000000000000e+02	-1.007617151440942660e-01	-1.288501971244561672e-01
-3.260000000000000000e+02	-9.144692450107237691e-02	-1.357554285713938602e-01
-3.250000000000000000e+02	-8.165016468213708023e-02	-1.419938592335711902e-01
-3.240000000000000000e+02	-7.141871351489516295e-02	-1.475311827040882429e-01
-3.230000000000000000e+02	-6.080233872493224362e-02	-1.523364104164109667e-01
-3.220000000000000000e+02	-4.985306786976855670e-02	-1.563820556036411569e-01
-3.210000000000000000e+02	-3.862494447846132745e-02	-1.596443015404722388e-01
-3.200000000000000000e+02	-2.717377144972343839e-02	-1.621031530221813954e-01
-3.190000000000000000e+02	-1.555684284145533898e-02	-1.637425701035916947e-01
-3.180000000000000000e+02	-3.832665259833021709e-03	-1.645505831958008480e-01
-3.170000000000000000e+02	7.939329873124987419e-03	-1.645193886990448939e-01
-3.160000000000000000e+02	1.969908182911286193e-02	-1.636454244362385568e-01
-3.150000000000000000e+02	3.138601922290809587e-02	-1.619294597584515494e-01
-3.140000000000000000e+02	4.293976966958192032e-02	-1.593765894647927728e-01
-3.130000000000000000e+02	5.430010700645204746e-02	-1.559953962098654667e-01
-3.120000000000000000e+02	6.540763789775018433e-02	-1.518003247240963249e-01
-3.110000000000000000e+02	7.620383036009041600e-02	-1.468095764477846121e-01
-3.100000000000000000e+02	8.663133758230361081e-02	-1.410454304172795437e-01
-3.090000000000000000e+02	9.663434745069841847e-02	-1.345343218337970437e-01
-3.080000000000000000e+02	1.061588850744191737e-01	-1.273067410537505328e-01
-3.070000000000000000e+02	1.151531090648607314e-01	-1.193971105036271685e-01
-3.060000000000000000e+02	1.235675999582962203e-01	-1.108436398688943114e-01
-3.050000000000000000e+02	1.313556391868817841e-01	-1.016881600235407246e-01
-3.040000000000000000e+02	1.384734770275564131e-01	-9.197593628372464913e-02
-3.030000000000000000e+02	1.448805879913111216e-01	-8.175546168484931764e-02
-3.020000000000000000e+02	1.505399121567015941e-01	-7.107823109573933873e-02
-3.010000000000000000e+02	1.554180810013964242e-01	-5.999849709569268774e-02
-3.000000000000000000e+02	1.594856263437515465e-01	-4.857300864968629173e-02
-2.990000000000000000e+02	1.627171910791027076e-01	-3.686064540830602532e-02
-2.980000000000000000e+02	1.650916330398831122e-01	-2.492235100492505226e-02
-2.970000000000000000e+02	1.665922388041519986e-01	-1.282068426867212160e-02
-2.960000000000000000e+02	1.672068495070727634e-01	-6.194696974128763517e-04
-2.950000000000000000e+02	1.669279556282153854e-01	1.161649324532718422e-02
-2.940000000000000000e+02	1.657525748225477658e-01	2.382173805323234070e-02
-2.930000000000000000e+02	1.636828407254793116e-01	3.593051459361476518e-02
-2.920000000000000000e+02	1.607256878907330211e-01	4.787715773934924507e-02
-2.910000000000000000e+02	1.568927930725573239e-01	5.959640877506548751e-02
-2.900000000000000000e+02	1.522006460733883737e-01	7.102377724949858473e-02
-2.890000000000000000e+02	1.466705053375577106e-01	8.209589657832559728e-02
-2.880000000000000000e+02	1.403283272746916055e-01	9.275087768314087266e-02
-2.870000000000000000e+02	1.332046693302895712e-01	1.029286587310565410e-01
-2.860000000000000000e+02	1.253345669627003445e-01	1.125713490290445179e-01
-2.850000000000000000e+02	1.167573848292906280e-01	1.216235651269789581e-01
-2.840000000000000000e+02	1.075166426290932731e-01	1.300327571938458826e-01
-2.830000000000000000e+02	9.765973482517892323e-02	1.377495814403927876e-01
-2.820000000000000000e+02	8.723793763674321522e-02	1.447280195386943247e-01
-2.810000000000000000e+02	7.630596096635770820e-02	1.509258461171446297e-01
-2.800000000000000000e+02	6.492172513336973150e-02	1.563048483382285803e-01
-2.790000000000000000e+02	5.314608048784767030e-02	1.608310684101107446e-01
-2.780000000000000000e+02	4.104249843419242177e-02	1.644750329269589473e-01
-2.770000000000000000e+02	2.867674421014752492e-02	1.672119600999359690e-01
-2.760000000000000000e+02	1.611653297271598353e-02	1.690219434114562935e-01
-2.750000000000000000e+02	3.431170861179653944e-03	1.698901103312727146e-01
-2.740000000000000000e+02	-9.308817180988070497e-03	1.698067548485326095e-01
-2.730000000000000000e+02	-2.203207093949884759e-02	1.687674426986318088e-01
-2.720000000000000000e+02	-3.466678783650103263e-02	1.667730882970991091e-01
-2.710000000000000000e+02	-4.714131200446020076e-02	1.638306588821453191e-01
-2.700000000000000000e+02	-5.938419200006066906e-02	1.599515177835008906e-01
-2.690000000000000000e+02	-7.132445256827039948e-02	1.551524921088450748e-01
-2.680000000000000000e+02	-8.289274084847202129e-02	1.494559859274542102e-01
-2.670000000000000000e+02	-9.402110925570657252e-02	1.428897370153467683e-01
-2.660000000000000000e+02	-1.046435867164462047e-01	1.354866682035525960e-01
-2.650000000000000000e+02	-1.146965850799956943e-01	1.272847489734041104e-01
-2.640000000000000000e+02	-1.241192879820098849e-01	1.183268298030788063e-01
-2.630000000000000000e+02	-1.328540288112660672e-01	1.086604463966256706e-01
-2.620000000000000000e+02	-1.408466554417785177e-01	9.833759445260363552e-02
-2.610000000000000000e+02	-1.480468794261158572e-01	8.741447581036584924e-02
-2.600000000000000000e+02	-1.544086073929549219e-01	7.595121699240221791e-02
-2.590000000000000000e+02	-1.598902524534551450e-01	6.401156133911932444e-02
-2.580000000000000000e+02	-1.644549636016440497e-01	5.166272676733461855e-02
-2.570000000000000000e+02	-1.680710904073293155e-01	3.897452702663597307e-02
-2.560000000000000000e+02	-1.707122247438422336e-01	2.601938885726755649e-02
-2.550000000000000000e+02	-1.723574416327915970e-01	1.287194753761074228e-02
-2.540000000000000000e+02	-1.729915038063527810e-01	-3.914255107107016888e-04
-2.530000000000000000e+02	-1.726050123589812912e-01	-1.369305352933701189e-02
-2.520000000000000000e+02	-1.711945250541238861e-01	-2.695439868867145067e-02
-2.510000000000000000e+02	-1.687626410661907661e-01	-4.009651741504204059e-02
-2.500000000000000000e+02	-1.653180532184608531e-01	-5.304052494694641573e-02
-2.490000000000000000e+02	-1.608757536347261985e-01	-6.570808243231750223e-02
-2.480000000000000000e+02	-1.554565056647954358e-01	-7.802165985384561242e-02
-2.470000000000000000e+02	-1.490871322639905627e-01	-8.990559519044191705e-02
-2.460000000000000000e+02	-1.418004489941285529e-01	-1.012859631505859254e-01
-2.450000000000000000e+02	-1.336350675917768738e-01	-1.120912444904232641e-01
-2.440000000000000000e+02	-1.246352284499013113e-01	-1.222527832502763034e-01
-2.430000000000000000e+02	-1.148505969006023419e-01	-1.317052331808446775e-01
-2.420000000000000000e+02	-1.043360239088035046e-01	-1.403869904929629375e-01
-2.410000000000000000e+02	-9.315127201261223788e-02	-1.482406100894605727e-01
-2.400000000000000000e+02	-8.136079402303687813e-02	-1.552131571634787488e-01
-2.390000000000000000e+02	-6.903314429127369034e-02	-1.612567300078593113e-01
-2.380000000000000000e+02	-5.624081070426338591e-02	-1.663286632737028536e-01
-2.370000000000000000e+02	-4.305979167248191047e-02	-1.703918788746984769e-01
-2.360000000000000000e+02	-2.956915069668001814e-02	-1.734151907767850498e-01
-2.350000000000000000e+02	-1.585056470705435705e-02	-1.753735660362944482e-01
-2.340000000000000000e+02	-1.987862073343045141e-03	-1.762483516067923639e-01
-2.330000000000000000e+02	1.193332042319462938e-02	-1.760272443469109438e-01
-2.320000000000000000e+02	2.582645518571357809e-02	-1.747045102406687700e-01
-2.310000000000000000e+02	3.960436350255631260e-02	-1.722822976269773043e-01
-2.300000000000000000e+02	5.317981241062313957e-02	-1.687690167385152984e-01
-2.290000000000000000e+02	6.646605287626990155e-02	-1.641800092207235662e-01
-2.280000000000000000e+02	7.937737027066056605e-02	-1.585375345567880678e-01
-2.270000000000000000e+02	9.182963657983267414e-02	-1.518707129305529868e-01
-2.260000000000000000e+02	1.037408609289599964e-01	-1.442154240987122693e-01
-2.250000000000000000e+02	1.150317349379753051e-01	-1.356141621085536209e-01
-2.240000000000000000e+02	1.256260955754813780e-01	-1.261159194913581694e-01
-2.230000000000000000e+02	1.354516758951138933e-01	-1.157757536506242579e-01
-2.220000000000000000e+02	1.444404124743551843e-01	-1.046546551285140458e-01
-2.210000000000000000e+02	1.525289548442292364e-01	-9.281923118011693730e-02
-2.200000000000000000e+02	1.596591559850302489e-01	-8.034132710696045843e-02
-2.190000000000000000e+02	1.657785123759020762e-01	-6.729762907642707070e-02
-2.180000000000000000e+02	1.708405746619286736e-01	-5.376922955286785738e-02
-2.170000000000000000e+02	1.748053321795541570e-01	-3.984112918241017320e-02
-2.160000000000000000e+02	1.776393312092325039e-01	-2.560179130994117910e-02
-2.150000000000000000e+02	1.793161592637984858e-01	-1.114262060497712807e-02
-2.140000000000000000e+02	1.798174475268052297e-01	3.442574765742150572e-03
-2.130000000000000000e+02	1.791319619304371780e-01	1.805833485423924065e-02
-2.120000000000000000e+02	1.772562023322878100e-01	3.260805691949204832e-02
-2.110000000000000000e+02	1.741945340901693562e-01	4.699459020961179595e-02
-2.100000000000000000e+02	1.699592466082947562e-01	6.112095199881953378e-02
-2.090000000000000000e+02	1.645705782541931894e-01	7.489092051264446825e-02
-2.080000000000000000e+02	1.580566920031254152e-01	8.820967923167291613e-02
-2.070000000000000000e+02	1.504535902127727975e-01	1.009844816193675304e-01
-2.060000000000000000e+02	1.418049776803708972e-01	1.131253015315569627e-01
-2.050000000000000000e+02	1.321620707339348499e-01	1.245454762352500855e-01
-2.040000000000000000e+02	1.215833639116048748e-01	1.351623273586978480e-01
-2.030000000000000000e+02	1.101343329416687167e-01	1.448977829831816777e-01
-2.020000000000000000e+02	9.788701457853485333e-02	1.536790219197777807e-01
-2.010000000000000000e+02	8.491969064846011106e-02	1.614389632142100295e-01
-2.000000000000000000e+02	7.131640934683002031e-02	1.681168353510465452e-01
-1.990000000000000000e+02	5.716648785518058107e-02	1.736586812843499417e-01
-1.980000000000000000e+02	4.256397014883905872e-02	1.780178254284314476e-01
-1.970000000000000000e+02	2.760704277753358443e-02	1.811552986080716410e-01
-1.960000000000000000e+02	1.239743672115786212e-02	1.830405857185341267e-01
-1.950000000000000000e+02	-2.960381076032911080e-03	1.836516722578840632e-01
-1.940000000000000000e+02	-1.835979887369131383e-02	1.829739630759734670e-01
-1.930000000000000000e+02	-3.369262557381701856e-02	1.810025569171129778e-01
-1.920000000000000000e+02	-4.884995036013178860e-02	1.777416284854741735e-01
-1.910000000000000000e+02	-6.372290173837964755e-02	1.732045310848079334e-01
-1.900000000000000000e+02	-7.820342013516103086e-02	1.674138362129765079e-01
-1.890000000000000000e+02	-9.218503888390970624e-02	1.604013084415026047e-01
-1.880000000000000000e+02	-1.055636682325823555e-01	1.522078143258282223e-01
-1.870000000000000000e+02	-1.182382686555417117e-01	1.428832540583102328e-01
-1.860000000000000000e+02	-1.301115267249097207e-01	1.324865157782520453e-01
-1.850000000000000000e+02	-1.410917402707351775e-01	1.210840910701994622e-01
-1.840000000000000000e+02	-1.510920616376550674e-01	1.087509064708091916e-01
-1.830000000000000000e+02	-1.600317607448313029e-01	9.556952145026940959e-02
-1.820000000000000000e+02	-1.678369053276008160e-01	8.162964633793513836e-02
-1.810000000000000000e+02	-1.744410050938033918e-01	6.702759910462735560e-02
-1.800000000000000000e+02	-1.797856142889447395e-01	5.186570348591724999e-02
-1.790000000000000000e+02	-1.838208873096043861e-01	3.625163142345391026e-02
-1.780000000000000000e+02	-1.865060821931759649e-01	2.029769328879944476e-02
-1.770000000000000000e+02	-1.878100070443182168e-01	4.120079832858405955e-03
-1.760000000000000000e+02	-1.877114047345107561e-01	-1.216193973009187940e-02
-1.750000000000000000e+02	-1.861992715305286761e-01	-2.842685864559412606e-02
-1.740000000000000000e+02	-1.832731056697269878e-01	-4.455180726268766905e-02
-1.730000000000000000e+02	-1.789430823038584972e-01	-6.041345570693455042e-02
-1.720000000000000000e+02	-1.732301516772762062e-01	-7.588893851641645427e-02
-1.710000000000000000e+02	-1.661660578882250827e-01	-9.085679483071483487e-02
-1.700000000000000000e+02	-1.577932761011976714e-01	-1.051979174163136660e-01
-1.690000000000000000e+02	-1.481648666317725016e-01	-1.187965035447947765e-01
-1.680000000000000000e+02	-1.373442449100584495e-01	-1.315410005169925234e-01
-1.670000000000000000e+02	-1.254089607954221586e-01	-1.433245551236864146e-01
-1.660000000000000000e+02	-1.124377359533132864e-01	-1.540477817800212090e-01
-1.650000000000000000e+02	-9.852261696770778232e-02	-1.636173727582428128e-01
-1.640000000000000000e+02	-8.376439544079762600e-02	-1.719478117798976524e-01
-1.630000000000000000e+02	-6.827181057809569853e-02	-1.789622026579000824e-01
-1.620000000000000000e+02	-5.216083283458042286e-02	-1.845930223766621414e-01
-1.610000000000000000e+02	-3.555387538394027408e-02	-1.887828170946957429e-01
-1.600000000000000000e+02	-1.857893766287372489e-02	-1.914848341364125128e-01
-1.590000000000000000e+02	-1.368685903307386049e-03	-1.926635833200357473e-01
-1.580000000000000000e+02	1.594052378745974829e-02	-1.922953213105644821e-01
-1.570000000000000000e+02	3.320967361093907916e-02	-1.903684530905694061e-01
-1.560000000000000000e+02	5.029815673545161986e-02	-1.868838451067560136e-01
-1.550000000000000000e+02	6.706488706575501613e-02	-1.818550451756961728e-01
-1.540000000000000000e+02	8.336942760876762948e-02	-1.753084098659516699e-01
-1.530000000000000000e+02	9.907067892143717192e-02	-1.672845953956755283e-01
-1.520000000000000000e+02	1.140358855568422008e-01	-1.578344320010627022e-01
-1.510000000000000000e+02	1.281337125671594968e-01	-1.470222713834503092e-01
-1.500000000000000000e+02	1.412381280640890302e-01	-1.349246902997560116e-01
-1.490000000000000000e+02	1.532295483541080694e-01	-1.216300905069540583e-01
-1.480000000000000000e+02	1.639959575024695915e-01	-1.072381914611890003e-01
-1.470000000000000000e+02	1.734339913704885383e-01	-9.185941677694105245e-02
-1.460000000000000000e+02	1.814499761098241071e-01	-7.561417635695470707e-02
-1.450000000000000000e+02	1.879609111157042878e-01	-5.863204703150010771e-02
-1.440000000000000000e+02	1.928953865426513425e-01	-4.105085548871936080e-02
-1.430000000000000000e+02	1.961944256740140724e-01	-2.301566822999371112e-02
-1.420000000000000000e+02	1.978122427135902139e-01	-4.677694237347066082e-03
-1.410000000000000000e+02	1.977169069357183340e-01	1.380689301357103556e-02
-1.400000000000000000e+02	1.958909075601332761e-01	3.227818861143946089e-02
-1.390000000000000000e+02	1.923315070807615212e-01	5.057182454662083326e-02
-1.380000000000000000e+02	1.870515724873317853e-01	6.852670516946479662e-02
-1.370000000000000000e+02	1.800791638163477815e-01	8.598006408281816393e-02
-1.360000000000000000e+02	1.714576490149672949e-01	1.027709365224793170e-01
-1.350000000000000000e+02	1.612457967474971998e-01	1.187416477064439230e-01
-1.340000000000000000e+02	1.495175858879270181e-01	1.337392876755296445e-01
-1.330000000000000000e+02	1.363618747006835608e-01	1.476171840230794119e-01
-1.320000000000000000e+02	1.218819279604611977e-01	1.602363593919820250e-01
-1.310000000000000000e+02	1.061948014496308379e-01	1.714669602271237103e-01
-1.300000000000000000e+02	8.943058452054836183e-02	1.811896429826775623e-01
-1.290000000000000000e+02	7.173225211294138870e-02	1.892966198276034018e-01
-1.280000000000000000e+02	5.325492498564520644e-02	1.956932379330021399e-01
-1.270000000000000000e+02	3.415944318496294541e-02	2.003005422009815351e-01
-1.260000000000000000e+02	1.461748389672356749e-02	2.030537283676332183e-01
-1.250000000000000000e+02	-5.192028109540621807e-03	2.039042830515130633e-01
-1.240000000000000000e+02	-2.508444729301562495e-02	2.028208387770339960e-01
-1.230000000000000000e+02	-4.487101518295176505e-02	1.997897729295184943e-01
-1.220000000000000000e+02	-6.436054309903783965e-02	1.948158138966357977e-01
-1.210000000000000000e+02	-8.336117775502946414e-02	1.879224425495201467e-01
-1.200000000000000000e+02	-1.016822276723108182e-01	1.791521273504326217e-01
-1.190000000000000000e+02	-1.191360353053736998e-01	1.685663845355993007e-01
-1.180000000000000000e+02	-1.355398786537986844e-01	1.562456561025148682e-01
-1.170000000000000000e+02	-1.507178851033639244e-01	1.422889997512809812e-01
-1.160000000000000000e+02	-1.645029393178947807e-01	1.268135864848781713e-01
-1.150000000000000000e+02	-1.767375093337308911e-01	1.099557020477528735e-01
-1.140000000000000000e+02	-1.872777552026875236e-01	9.186750469096582883e-02
-1.130000000000000000e+02	-1.959959207003232340e-01	7.271267169099089600e-02
-1.120000000000000000e+02	-2.027781612816436374e-01	5.267150741119257934e-02
-1.110000000000000000e+02	-2.075277770370710373e-01	3.193696869404011318e-02
-1.100000000000000000e+02	-2.101669787617848340e-01	1.071319862889922800e-02
-1.090000000000000000e+02	-2.106389203678483701e-01	-1.078632244501459385e-02
-1.080000000000000000e+02	-2.089075964587879530e-01	-3.234091384924850376e-02
-1.070000000000000000e+02	-2.049593061882576950e-01	-5.372465662204177483e-02
-1.060000000000000000e+02	-1.988034273561751220e-01	-7.470861237883044681e-02
-1.050000000000000000e+02	-1.904729763027254996e-01	-9.506315362463561847e-02
-1.040000000000000000e+02	-1.800278126955252300e-01	-1.145558687196607528e-01
-1.030000000000000000e+02	-1.675470047599447732e-01	-1.329682605406697915e-01
-1.020000000000000000e+02	-1.531349407275068020e-01	-1.500840056372268472e-01
-1.010000000000000000e+02	-1.369194921440786139e-01	-1.656957143451891212e-01
-1.000000000000000000e+02	-1.190512064344338566e-01	-1.796077239233052625e-01
-9.900000000000000000e+01	-9.970235911416276686e-02	-1.916386000917112142e-01
-9.800000000000000000e+01	-7.906529293859794472e-02	-2.016224647096218070e-01
-9.700000000000000000e+01	-5.735211755613076751e-02	-2.094133142200990394e-01
-9.600000000000000000e+01	-3.479255540913704647e-02	-2.148882372509220984e-01
-9.500000000000000000e+01	-1.163077434685475496e-02	-2.179463626186329550e-01
-9.400000000000000000e+01	1.187063400029325470e-02	-2.185123931366265149e-01
-9.300000000000000000e+01	3.544843432951255008e-02	-2.165388519206574991e-01
-9.200000000000000000e+01	5.883027469415975930e-02	-2.120053951223508093e-01
-9.100000000000000000e+01	8.173726149344712200e-02	-2.049209632586442842e-01
-9.000000000000000000e+01	1.038889199723616596e-01	-1.953247840540960623e-01
-8.900000000000000000e+01	1.250064358718910862e-01	-1.832869638522080791e-01
-8.800000000000000000e+01	1.448160228570882502e-01	-1.689087433790964765e-01
-8.700000000000000000e+01	1.630471044049330021e-01	-1.523174645393660931e-01
-8.600000000000000000e+01	1.794482532997687119e-01	-1.336803401161344163e-01
-8.500000000000000000e+01	1.937836091442303454e-01	-1.131921809651087740e-01
-8.400000000000000000e+01	2.058339891038754865e-01	-9.107656404402666994e-02
-8.300000000000000000e+01	2.154031625599595323e-01	-6.758618676595233576e-02
-8.200000000000000000e+01	2.223253267073633244e-01	-4.298607113316335604e-02
-8.100000000000000000e+01	2.264596383454427486e-01	-1.756949995815409310e-02
-8.000000000000000000e+01	2.276968392398224794e-01	8.351225797634694720e-03
-7.900000000000000000e+01	2.259618970160901519e-01	3.444801939010778274e-02
-7.800000000000000000e+01	2.212163461618162630e-01	6.038060648228296690e-02
-7.700000000000000000e+01	2.134602798977010552e-01	8.580046697414886459e-02
-7.600000000000000000e+01	2.027339442391928315e-01	1.103550920252188566e-01
-7.500000000000000000e+01	1.891188868531668843e-01	1.336925213232687815e-01
-7.400000000000000000e+01	1.727435952607242475e-01	1.554605856658366481e-01
-7.300000000000000000e+01	1.537744047604622799e-01	1.753257867537786896e-01
-7.200000000000000000e+01	1.324139914046107702e-01	1.929729291369850219e-01
-7.100000000000000000e+01	1.089088458443824431e-01	2.081020656100204258e-01
-7.000000000000000000e+01	8.354420264055008316e-02	2.204385417162035288e-01
-6.900000000000000000e+01	5.664182282335144397e-02	2.297380581597714133e-01
-6.800000000000000000e+01	2.855712259040661324e-02	2.357916118910261261e-01
-6.700000000000000000e+01	-3.243734683787406108e-04	2.384391466211277510e-01
-6.600000000000000000e+01	-2.959866387770421214e-02	2.375895978552428067e-01
-6.500000000000000000e+01	-5.883503533248189005e-02	2.331094410279161422e-01
-6.400000000000000000e+01	-8.758067910297856473e-02	2.249752751610609169e-01
-6.300000000000000000e+01	-1.153665241693320326e-01	2.132238291034314337e-01
-6.200000000000000000e+01	-1.417381589144000587e-01	1.979432970417043525e-01
-6.100000000000000000e+01	-1.662389617853039514e-01	1.792820405590463961e-01
-6.000000000000000000e+01	-1.884228438584671650e-01	1.574489927814859691e-01
-5.900000000000000000e+01	-2.078635510204835113e-01	1.327128520153820768e-01
-5.800000000000000000e+01	-2.241609636167935238e-01	1.054044677206694564e-01
-5.700000000000000000e+01	-2.369538384362100958e-01	7.590838666320662287e-02
-5.600000000000000000e+01	-2.459263776646585520e-01	4.465525198890431258e-02
-5.500000000000000000e+01	-2.508110767270970709e-01	1.212824017446339359e-02
-5.400000000000000000e+01	-2.513987883878615048e-01	-2.114619268460224411e-02
-5.300000000000000000e+01	-2.475458462508519641e-01	-5.460472056340670566e-02
-5.200000000000000000e+01	-2.391850905934820859e-01	-8.764253148446449204e-02
-5.100000000000000000e+01	-2.263248327362071821e-01	-1.196536913175211131e-01
-5.000000000000000000e+01	-2.090508986049335882e-01	-1.500237878126960411e-01
-4.900000000000000000e+01	-1.875358294798526726e-01	-1.781309782651718521e-01
-4.800000000000000000e+01	-1.620402270533982114e-01	-2.033638445890086355e-01
-4.700000000000000000e+01	-1.329141656465925025e-01	-2.251335911917913268e-01
-4.600000000000000000e+01	-1.006083196245847050e-01	-2.429142465587260102e-01
-4.500000000000000000e+01	-6.562878830852914014e-02	-2.561714494093523253e-01
-4.400000000000000000e+01	-2.856190174961973499e-02	-2.644598838663963503e-01
-4.300000000000000000e+01	9.863965295303069036e-03	-2.674054891765436648e-01
-4.200000000000000000e+01	4.887589865481780510e-02	-2.647427558040207352e-01
-4.100000000000000000e+01	8.766565389910729866e-02	-2.563112261273307046e-01
-4.000000000000000000e+01	1.253817942423419429e-01	-2.420619456877574072e-01
-3.900000000000000000e+01	1.611434907117678117e-01	-2.220680298526082896e-01
-3.800000000000000000e+01	1.940566394152502261e-01	-1.965339789799269710e-01
-3.700000000000000000e+01	2.232323176274070842e-01	-1.658032968772444882e-01
-3.600000000000000000e+01	2.478075309080370048e-01	-1.303639158771983941e-01
-3.500000000000000000e+01	2.669681166932823535e-01	-9.085088663392876240e-02
-3.400000000000000000e+01	2.799735647474896894e-01	-4.804575576738782244e-02
-3.300000000000000000e+01	2.861833911497999039e-01	-2.872034488064267692e-03
-3.200000000000000000e+01	2.850850173777237373e-01	4.361085243693561819e-02
-3.100000000000000000e+01	2.763259597834695214e-01	9.021619153321853990e-02
-3.000000000000000000e+01	2.597269556696391035e-01	1.356940830562038403e-01
-2.900000000000000000e+01	2.353122637857382737e-01	1.787021737342635586e-01
-2.800000000000000000e+01	2.033187862182764261e-01	2.178284997722742533e-01
-2.700000000000000000e+01	1.642984444002080491e-01	2.516868545208714170e-01
-2.600000000000000000e+01	1.189895240108032326e-01	2.789427432614960400e-01
-2.500000000000000000e+01	6.841451259298064747e-02	2.983153831995634109e-01
-2.400000000000000000e+01	1.387128022275782406e-02	3.086519198691330401e-01
-2.300000000000000000e+01	-4.305367568862514954e-02	3.089894600707505101e-01
-2.200000000000000000e+01	-1.005324631996558915e-01	2.986270852615902083e-01
-2.100000000000000000e+01	-1.565748432033516602e-01	2.771579408887929197e-01
-2.000000000000000000e+01	-2.089757371578097878e-01	2.445457416017358943e-01
-1.900000000000000000e+01	-2.554104759522985990e-01	2.011910621889337059e-01
-1.800000000000000000e+01	-2.934928759913411067e-01	1.480355604980163609e-01
-1.700000000000000000e+01	-3.209832944261348242e-01	8.646948819512206841e-02
-1.600000000000000000e+01	-3.357629430203937781e-01	1.845001227237626912e-02
-1.500000000000000000e+01	-3.359972001778784856e-01	-5.347637874540173142e-02
-1.400000000000000000e+01	-3.203507014382900309e-01	-1.261398159149068332e-01
-1.300000000000000000e+01	-2.880977324758463576e-01	-1.960132696702923116e-01
-1.200000000000000000e+01	-2.393310720255185653e-01	-2.591441970594575150e-01
-1.100000000000000000e+01	-1.750589424447451248e-01	-3.112715004842802058e-01
-1.000000000000000000e+01	-9.747578944427688630e-02	-3.481365848514724748e-01
-9.000000000000000000e+00	-9.959050264612480038e-03	-3.658538802989026451e-01
-8.000000000000000000e+00	8.280645783081654054e-02	-3.610659799921002722e-01
-7.000000000000000000e+00	1.748480077370285490e-01	-3.314944670842063790e-01
-6.000000000000000000e+00	2.591547661385539825e-01	-2.764589602944934610e-01
-5.000000000000000000e+00	3.280637200515995056e-01	-1.974053856403512608e-01
-4.000000000000000000e+00	3.738399437308042028e-01	-9.820335580516401097e-02
-3.000000000000000000e+00	3.894216982150330852e-01	1.450559180051019283e-02
-2.000000000000000000e+00	3.695964261178235066e-01	1.312267693986838568e-01
-1.000000000000000000e+00	3.122615976489023226e-01	2.400568229583944502e-01
0.000000000000000000e+00	2.196455862919776958e-01	3.277308204411290005e-01
1.000000000000000000e+00	9.915346154151477576e-02	3.812592448411276647e-01
2.000000000000000000e+00	-3.636269970044248706e-02	3.902183440138272674e-01
3.000000000000000000e+00	-1.694465530353607974e-01	3.493324089810646571e-01
4.000000000000000000e+00	-2.803195738089301892e-01	2.606483263959716301e-01
5.000000000000000000e+00	-3.503069121416097498e-01	1.349591189326132257e-01
6.000000000000000000e+00	-3.659610730176725557e-01	-8.947909545599420228e-03
7.000000000000000000e+00	-3.229879513071910457e-01	-1.469669926195949772e-01
8.000000000000000000e+00	-2.283606443564923649e-01	-2.544646350145360336e-01
9.000000000000000000e+00	-9.982655551899756452e-02	-3.119194697648189907e-01
1.000000000000000000e+01	3.749531064945350878e-02	-3.096327413106698678e-01
1.100000000000000000e+01	1.566186872157387111e-01	-2.505397031101623262e-01
1.200000000000000000e+01	2.350088940215729616e-01	-1.495312381072790298e-01
1.300000000000000000e+01	2.597628236306973593e-01	-2.992592801634586658e-02
1.400000000000000000e+01	2.302711268474484374e-01	8.225834682592314540e-02
1.500000000000000000e+01	1.578170046014681915e-01	1.644490064462988954e-01
1.600000000000000000e+01	6.207144750905566749e-02	2.025142812195692976e-01
1.700000000000000000e+01	-3.399591511239970915e-02	1.933530233813749721e-01
1.800000000000000000e+01	-1.097630103542849983e-01	1.446274224171702205e-01
1.900000000000000000e+01	-1.514356743372528846e-01	7.186788719689375660e-02
2.000000000000000000e+01	-1.544282150586269442e-01	-5.920343188380466394e-03
2.100000000000000000e+01	-1.233813292830988895e-01	-7.100756479356139239e-02
2.200000000000000000e+01	-6.988927115671436652e-02	-1.108163333985525967e-01
2.300000000000000000e+01	-9.046143327459123598e-03	-1.201523851627537692e-01
2.400000000000000000e+01	4.451918211272599263e-02	-1.013816829643346268e-01
2.500000000000000000e+01	7.988822345178890616e-02	-6.287433890762252064e-02
2.600000000000000000e+01	9.183630250425332819e-02	-1.625610407555508688e-02
2.700000000000000000e+01	8.123179554468550057e-02	2.670977579716679942e-02
2.800000000000000000e+01	5.394670083371442409e-02	5.685294253789169305e-02
2.900000000000000000e+01	1.877642309647985924e-02	6.932947825867544211e-02
3.000000000000000000e+01	-1.504166845122978033e-02	6.407821887735679067e-02
3.100000000000000000e+01	-4.001753428640687782e-02	4.510758364834133866e-02
3.200000000000000000e+01	-5.187938104917279303e-02	1.893910041124542004e-02
3.300000000000000000e+01	-5.001908110597479140e-02	-7.306493224013927909e-03
3.400000000000000000e+01	-3.708894349575476285e-02	-2.763169837546042285e-02
3.500000000000000000e+01	-1.782750708129611852e-02	-3.836696289562999129e-02
3.600000000000000000e+01	2.352994415389621317e-03	-3.862354386114198040e-02
3.700000000000000000e+01	1.870527169576025744e-02	-3.004744179190934825e-02
3.800000000000000000e+01	2.813296859840823394e-02	-1.603223318507118744e-02
3.900000000000000000e+01	2.962470413816762488e-02	-6.530857426771753725e-04
4.000000000000000000e+01	2.413460179523067503e-02	1.237655614394206349e-02
4.100000000000000000e+01	1.403968671251531151e-02	2.047590457217156323e-02
4.200000000000000000e+01	2.383157033260999754e-03	2.260734273652242887e-02
4.300000000000000000e+01	-7.938183793219732651e-03	1.925069771204798372e-02
4.400000000000000000e+01	-1.479441404093122248e-02	1.205138384501387716e-02
4.500000000000000000e+01	-1.718430787485545480e-02	3.261772554315283800e-03
4.600000000000000000e+01	-1.527733812326712709e-02	-4.861680295248902751e-03
4.700000000000000000e+01	-1.019751957542449142e-02	-1.057738860574672542e-02
4.800000000000000000e+01	-3.607922317508683793e-03	-1.296399000886377766e-02
4.900000000000000000e+01	2.744862211803987366e-03	-1.200746624463035553e-02
5.000000000000000000e+01	7.446593233356579335e-03	-8.461022890362655466e-03
5.100000000000000000e+01	9.684128834460318733e-03	-3.548004566053447172e-03
5.200000000000000000e+01	9.339758803092446798e-03	1.387069193333548712e-03
5.300000000000000000e+01	6.903059155471470351e-03	5.208477714390151621e-03
5.400000000000000000e+01	3.270843275587530501e-03	7.216358341809488673e-03
5.500000000000000000e+01	-5.286379245220417010e-04	7.241705051494698453e-03
5.600000000000000000e+01	-3.594123933748261720e-03	5.598977753225325635e-03
5.700000000000000000e+01	-5.341924311408991106e-03	2.939353055310317108e-03
5.800000000000000000e+01	-5.587327707579944729e-03	3.720631949267374762e-05
5.900000000000000000e+01	-4.518764961327714248e-03	-2.404642137177402487e-03
6.000000000000000000e+01	-2.591495889105997243e-03	-3.899547944778406286e-03
6.100000000000000000e+01	-3.911028509182575105e-04	-4.260857193703995391e-03
6.200000000000000000e+01	1.535383631326843641e-03	-3.593114161969085830e-03
6.300000000000000000e+01	2.792472056333633774e-03	-2.215351055414221341e-03
6.400000000000000000e+01	3.202816331560521482e-03	-5.594152718805394135e-04
6.500000000000000000e+01	2.811344250647923333e-03	9.514321215473491109e-04
6.600000000000000000e+01	1.839646391481949191e-03	1.997983081966094553e-03
6.700000000000000000e+01	6.006753791310539756e-04	2.415734420192898382e-03
6.800000000000000000e+01	-5.779702954615130277e-04	2.210707493983725576e-03
6.900000000000000000e+01	-1.435901022578196752e-03	1.531858606529209760e-03
7.000000000000000000e+01	-1.831119157081298032e-03	6.128918712883131559e-04
7.100000000000000000e+01	-1.751044602823510288e-03	-2.990691341427868907e-04
7.200000000000000000e+01	-1.290766805175992118e-03	-1.000741681466383410e-03
7.300000000000000000e+01	-6.116870485899024738e-04	-1.364193216056966895e-03
7.400000000000000000e+01	9.423528765548311401e-05	-1.359512836986345686e-03
7.500000000000000000e+01	6.612476047804127137e-04	-1.049080836599533550e-03
7.600000000000000000e+01	9.836022179616470823e-04	-5.516641752829290089e-04
7.700000000000000000e+01	1.026135964322879212e-03	-9.473525749275534875e-06
7.800000000000000000e+01	8.213715711958298861e-04	4.456979358336142136e-04
7.900000000000000000e+01	4.559039203944922447e-04	7.203268931104129646e-04
8.000000000000000000e+01	4.290774995802207640e-05	7.837648677601289976e-04
8.100000000000000000e+01	-3.170024031716314815e-04	6.532627615369506272e-04
8.200000000000000000e+01	-5.489928983814580839e-04	3.908200043770513493e-04
8.300000000000000000e+01	-6.213550061075541085e-04	7.880700373306044366e-05
8.400000000000000000e+01	-5.445143555482231989e-04	-2.040341634507866699e-04
8.500000000000000000e+01	-3.570209207844367012e-04	-3.960612015098734185e-04
8.600000000000000000e+01	-1.235378807493105939e-04	-4.691848283768665991e-04
8.700000000000000000e+01	9.610950260941274550e-05	-4.282937116699054615e-04
8.800000000000000000e+01	2.557407812076546239e-04	-2.998386925645752667e-04
8.900000000000000000e+01	3.275912653878112427e-04	-1.258393864565941149e-04
9.000000000000000000e+01	3.084214261584518639e-04	4.536864193714537755e-05
9.100000000000000000e+01	2.201176142588185671e-04	1.758324878050433000e-04
9.200000000000000000e+01	9.159552520538313738e-05	2.431889075165468859e-04
9.300000000000000000e+01	-4.204023161241776614e-05	2.393457390309973074e-04
9.400000000000000000e+01	-1.469078130963636438e-04	1.766326766173854099e-04
9.500000000000000000e+01	-2.031695912746590686e-04	8.080007544363087429e-05
9.600000000000000000e+01	-2.132690836144148785e-04	-2.071699224000435950e-05
9.700000000000000000e+01	-1.732123129333620925e-04	-1.067638373220168785e-04
9.800000000000000000e+01	-1.022346241861097244e-04	-1.572089838529835829e-04
9.900000000000000000e+01	-2.354536711354244873e-05	-1.663952520129112803e-04
1.000000000000000000e+02	4.332516432326970218e-05	-1.401175066978604142e-04
1.010000000000000000e+02	8.585753133353129216e-05	-9.081008888129257751e-05
1.020000000000000000e+02	9.925011884439905721e-05	-3.300707985070753918e-05
1.030000000000000000e+02	8.522048063015329883e-05	1.968279488663704429e-05
1.040000000000000000e+02	4.960898781383743126e-05	5.544576990333349134e-05
1.050000000000000000e+02	5.593493567349466269e-06	6.929293034095218508e-05
1.060000000000000000e+02	-3.590673487260441721e-05	6.048539831036154192e-05
1.070000000000000000e+02	-6.500407187347816010e-05	3.504734552825459337e-05
