# # Time 	 h_plus 	 h_cross 
# 
-4.090000000000000000e+02	1.362967614013957662e-01	-6.651073285111853972e-02
-4.080000000000000000e+02	1.405784859000809572e-01	-5.710497798778032402e-02
-4.070000000000000000e+02	1.442148585693935614e-01	-4.741695052834225821e-02
-4.060000000000000000e+02	1.471867861682376322e-01	-3.749072802793983195e-02
-4.050000000000000000e+02	1.494781740689322957e-01	-2.737171251686196932e-02
-4.040000000000000000e+02	1.510760202329288759e-01	-1.710642728892722980e-02
-4.030000000000000000e+02	1.519704954728402502e-01	-6.742306897715628390e-03
-4.020000000000000000e+02	1.521550095031121985e-01	3.672518718369086489e-03
-4.010000000000000000e+02	1.516262471942589618e-01	1.408960805139168604e-02
-4.000000000000000000e+02	1.503842257030277019e-01	2.445995574090075592e-02
-3.990000000000000000e+02	1.484323234907916900e-01	3.473465350745053026e-02
-3.980000000000000000e+02	1.457772737752622561e-01	4.486502347586956291e-02
-3.970000000000000000e+02	1.424291547284848580e-01	5.480282631668346310e-02
-3.960000000000000000e+02	1.384013632673314620e-01	6.450049156299676734e-02
-3.950000000000000000e+02	1.337105729606186399e-01	7.391134654310034524e-02
-3.940000000000000000e+02	1.283766761098258657e-01	8.298984283243326932e-02
-3.930000000000000000e+02	1.224227101359741665e-01	9.169177912938863972e-02
-3.920000000000000000e+02	1.158745144250682285e-01	9.997430027048156975e-02
-3.910000000000000000e+02	1.087610086691939704e-01	1.077963259027321097e-01
-3.900000000000000000e+02	1.011142312456861786e-01	1.151189818975185547e-01
-3.890000000000000000e+02	9.296898892491735344e-02	1.219053453415031713e-01
-3.880000000000000000e+02	8.436251591832689967e-02	1.281210349769308643e-01
-3.870000000000000000e+02	7.533422284162227811e-02	1.337343599077796819e-01
-3.860000000000000000e+02	6.592593288384224204e-02	1.387161942062256903e-01
-3.850000000000000000e+02	5.618151798714961925e-02	1.430402929975956861e-01
-3.840000000000000000e+02	4.614670203611145882e-02	1.466834392579539903e-01
-3.830000000000000000e+02	3.586885334766987121e-02	1.496255772956446572e-01
-3.820000000000000000e+02	2.539676735213687933e-02	1.518499321255421530e-01
-3.810000000000000000e+02	1.478044041484804887e-02	1.533431140033529871e-01
-3.800000000000000000e+02	4.070835803444760453e-03	1.540952074504396141e-01
-3.790000000000000000e+02	-6.680357143010268173e-03	1.540998441669486907e-01
-3.780000000000000000e+02	-1.742096953985542568e-02	1.533542593022911016e-01
-3.770000000000000000e+02	-2.809860403253721522e-02	1.518593306269957754e-01
-3.760000000000000000e+02	-3.866036270873385305e-02	1.496197362800381625e-01
-3.750000000000000000e+02	-4.905459156545775856e-02	1.466436613863447702e-01
-3.740000000000000000e+02	-5.922992924763727934e-02	1.429429206560973997e-01
-3.730000000000000000e+02	-6.913565410238398101e-02	1.385329709941628962e-01
-3.720000000000000000e+02	-7.872209124843439210e-02	1.334328336425555928e-01
-3.710000000000000000e+02	-8.794086395836847592e-02	1.276650267012532092e-01
-3.700000000000000000e+02	-9.674514097340486396e-02	1.212554798704823522e-01
-3.690000000000000000e+02	-1.050898784915134387e-01	1.142334316344757877e-01
-3.680000000000000000e+02	-1.129320555792837910e-01	1.066313091956914150e-01
-3.670000000000000000e+02	-1.202309017735848917e-01	9.848459155752439798e-02
-3.660000000000000000e+02	-1.269481156611034223e-01	8.983165624196653987e-02
-3.650000000000000000e+02	-1.330479598952294951e-01	8.071379707311973628e-02
-3.640000000000000000e+02	-1.384977346190430780e-01	7.117467073876210248e-02
-3.630000000000000000e+02	-1.432678953600655392e-01	6.126004190939227795e-02
-3.620000000000000000e+02	-1.473319793776254882e-01	5.101800456349147445e-02
-3.610000000000000000e+02	-1.506669011718979323e-01	4.049856164463357805e-02
-3.600000000000000000e+02	-1.532530933004965790e-01	2.975339012665493763e-02
-3.590000000000000000e+02	-1.550746310464795052e-01	1.883559548761816124e-02
-3.580000000000000000e+02	-1.561193401291186833e-01	7.799456685202270541e-03
-3.570000000000000000e+02	-1.563788868526911069e-01	-3.299830977552878613e-03
-3.560000000000000000e+02	-1.558488530373149383e-01	-1.440641507188393164e-02
-3.550000000000000000e+02	-1.545287839184648904e-01	-2.546413057744225522e-02
-3.540000000000000000e+02	-1.524222212704026691e-01	-3.641670498302460729e-02
-3.530000000000000000e+02	-1.495367181513131138e-01	-4.720806759073812447e-02
-3.520000000000000000e+02	-1.458838322639745000e-01	-5.778263538152756534e-02
-3.510000000000000000e+02	-1.414790989814544431e-01	-6.808559927155413694e-02
-3.500000000000000000e+02	-1.363406894802034752e-01	-7.806246817850882869e-02
-3.490000000000000000e+02	-1.304927317974854950e-01	-8.766098616668031862e-02
-3.480000000000000000e+02	-1.239630548080438016e-01	-9.683073182294139880e-02
-3.470000000000000000e+02	-1.167824863878887676e-01	-1.055228769803736311e-01
-3.460000000000000000e+02	-1.089853778565653131e-01	-1.136907663771748872e-01
-3.450000000000000000e+02	-1.006094541681105403e-01	-1.212901734063117493e-01
-3.440000000000000000e+02	-9.169564546801006744e-02	-1.282795458084323437e-01
-3.430000000000000000e+02	-8.228790066846800033e-02	-1.346202399486433887e-01
-3.420000000000000000e+02	-7.243298379311653712e-02	-1.402767423582321482e-01
-3.410000000000000000e+02	-6.218025393912721827e-02	-1.452168772697579602e-01
-3.400000000000000000e+02	-5.158142979839967085e-02	-1.494119989285825623e-01
-3.390000000000000000e+02	-4.069033977000129781e-02	-1.528371675253206441e-01
-3.380000000000000000e+02	-2.956265878278450596e-02	-1.554713076618035872e-01
-3.370000000000000000e+02	-1.825563302922210418e-02	-1.572973483378532489e-01
-3.360000000000000000e+02	-6.827793889231684350e-03	-1.583023435269366175e-01
-3.350000000000000000e+02	4.661337605286054557e-03	-1.584775724956163645e-01
-3.340000000000000000e+02	1.615226581742586209e-02	-1.578185462988218046e-01
-3.330000000000000000e+02	2.758375381458383346e-02	-1.563251682708180490e-01
-3.320000000000000000e+02	3.889495154461142246e-02	-1.540018168724681391e-01
-3.310000000000000000e+02	5.002544705399900732e-02	-1.508572828018502066e-01
-3.300000000000000000e+02	6.091541307868539312e-02	-1.469047631674663124e-01
-3.290000000000000000e+02	7.150592878502873284e-02	-1.421618271252802213e-01
-3.280000000000000000e+02	8.173929991094185110e-02	-1.366503580350787173e-01
-3.270000000000000000e+02	9.155937559803170589e-02	-1.303964721648093739e-01
-3.260000000000000000e+02	1.009118601995613318e-01	-1.234304140953905726e-01
-3.250000000000000000e+02	1.097446183522023250e-01	-1.157864291033151721e-01
-3.240000000000000000e+02	1.180079716114892235e-01	-1.075026129237907496e-01
-3.230000000000000000e+02	1.256551746527969915e-01	-9.862049774525386003e-02
-3.220000000000000000e+02	1.326420806876928982e-01	-8.918556255405682420e-02
-3.210000000000000000e+02	1.389279958396215653e-01	-7.924643695467281646e-02
-3.200000000000000000e+02	1.444758144501574193e-01	-6.885473300948644071e-02
-3.190000000000000000e+02	1.492521985341861979e-01	-5.806484656090283442e-02
-3.180000000000000000e+02	1.532277902712131379e-01	-4.693368464497061493e-02
-3.170000000000000000e+02	1.563774095577920298e-01	-3.552035628360974279e-02
-3.160000000000000000e+02	1.586802131175504837e-01	-2.388590376466886642e-02
-3.150000000000000000e+02	1.601198500499867172e-01	-1.209299354815796153e-02
-3.140000000000000000e+02	1.606845976725584935e-01	-2.055463369597114356e-04
-3.130000000000000000e+02	1.603674594686697041e-01	1.171158643127664760e-02
-3.120000000000000000e+02	1.591662432047079578e-01	2.359297136058282132e-02
-3.110000000000000000e+02	1.570836133813423297e-01	3.537294866420550438e-02
-3.100000000000000000e+02	1.541271174186008563e-01	4.698599264272450282e-02
-3.090000000000000000e+02	1.503115188521855217e-01	5.836798136186310826e-02
-3.080000000000000000e+02	1.456516880582562901e-01	6.945421732200585119e-02
-3.070000000000000000e+02	1.401694260476489262e-01	8.018162116496664604e-02
-3.060000000000000000e+02	1.338914852685659518e-01	9.048875379381737805e-02
-3.050000000000000000e+02	1.268492423336538000e-01	1.003161066481867009e-01
-3.040000000000000000e+02	1.190785637822527054e-01	1.096064522705888777e-01
-3.030000000000000000e+02	1.106196450967066591e-01	1.183051859754351842e-01
-3.020000000000000000e+02	1.015168235219850584e-01	1.263606565704667728e-01
-3.010000000000000000e+02	9.181836539544842302e-02	1.337244841102136761e-01
-3.000000000000000000e+02	8.157622885010568092e-02	1.403518627029947674e-01
-2.990000000000000000e+02	7.084580290879811948e-02	1.462018464472681634e-01
-2.980000000000000000e+02	5.968562413811449863e-02	1.512376166391733168e-01
-2.970000000000000000e+02	4.815759580292675035e-02	1.554265662315169327e-01
-2.960000000000000000e+02	3.632552691221415525e-02	1.587409965643743204e-01
-2.950000000000000000e+02	2.425495298400753841e-02	1.611580393710072556e-01
-2.940000000000000000e+02	1.201371801196575093e-02	1.626595969214566784e-01
-2.930000000000000000e+02	-3.288872930221825651e-04	1.632337959155688301e-01
-2.920000000000000000e+02	-1.270267689433092310e-02	1.628718423075947719e-01
-2.910000000000000000e+02	-2.503661905789675637e-02	1.615711700950589191e-01
-2.900000000000000000e+02	-3.725939662286814613e-02	1.593346995522002818e-01
-2.890000000000000000e+02	-4.929982320840167048e-02	1.561707778015522241e-01
-2.880000000000000000e+02	-6.108725665205438915e-02	1.520931824224846796e-01
-2.870000000000000000e+02	-7.255201428280928788e-02	1.471210935602350611e-01
-2.860000000000000000e+02	-8.362536597249550785e-02	1.412792838230656212e-01
-2.850000000000000000e+02	-9.424092721468144140e-02	1.345975677861938613e-01
-2.840000000000000000e+02	-1.043348217901692299e-01	1.271105931053818638e-01
-2.830000000000000000e+02	-1.138453448295816961e-01	1.188581672925270311e-01
-2.820000000000000000e+02	-1.227137539826009816e-01	1.098848739187001378e-01
-2.810000000000000000e+02	-1.308846425002536396e-01	1.002398586973429068e-01
-2.800000000000000000e+02	-1.383062974759576569e-01	8.997658620819608266e-02
-2.790000000000000000e+02	-1.449310409241722220e-01	7.915256823312136203e-02
-2.780000000000000000e+02	-1.507155514332036705e-01	6.782906485853010259e-02
-2.770000000000000000e+02	-1.556210151482719517e-01	5.607079928427614879e-02
-2.760000000000000000e+02	-1.596128683090102252e-01	4.394590113130078524e-02
-2.750000000000000000e+02	-1.626636803515939533e-01	3.152463775637186216e-02
-2.740000000000000000e+02	-1.647503702815922011e-01	1.887973189152148887e-02
-2.730000000000000000e+02	-1.658554462676125607e-01	6.085791473051377701e-03
-2.720000000000000000e+02	-1.659671660488530320e-01	-6.781116698498153642e-03
-2.710000000000000000e+02	-1.650796651645795310e-01	-1.964390736071355489e-02
-2.700000000000000000e+02	-1.631930517509247724e-01	-3.242492886183188233e-02
-2.690000000000000000e+02	-1.603134668244222960e-01	-4.504642439854391472e-02
-2.680000000000000000e+02	-1.564531091557786469e-01	-5.743099981391500131e-02
-2.670000000000000000e+02	-1.516302240306951765e-01	-6.950209526307689345e-02
-2.660000000000000000e+02	-1.458690553963038761e-01	-8.118445798093355814e-02
-2.650000000000000000e+02	-1.391997611007561586e-01	-9.240461332796402749e-02
-2.640000000000000000e+02	-1.316579432678804118e-01	-1.030910588483970464e-01
-2.630000000000000000e+02	-1.232849431686121600e-01	-1.131749047419662868e-01
-2.620000000000000000e+02	-1.141285853997883043e-01	-1.225913400674142895e-01
-2.610000000000000000e+02	-1.042411330092101462e-01	-1.312786533740846751e-01
-2.600000000000000000e+02	-9.367906567906882087e-02	-1.391796247530209252e-01
-2.590000000000000000e+02	-8.250456353001131560e-02	-1.462405304469796830e-01
-2.580000000000000000e+02	-7.078401045843848993e-02	-1.524126604214335046e-01
-2.570000000000000000e+02	-5.858747206654977419e-02	-1.576526465899807938e-01
-2.560000000000000000e+02	-4.598854591340403170e-02	-1.619225916199805992e-01
-2.550000000000000000e+02	-3.306393927375862046e-02	-1.651903628052167894e-01
-2.540000000000000000e+02	-1.989302204760333773e-02	-1.674298538328858055e-01
-2.530000000000000000e+02	-6.557357213107934714e-03	-1.686212123224622994e-01
-2.520000000000000000e+02	6.859788466143629249e-03	-1.687510278301210531e-01
-2.510000000000000000e+02	2.027395078133837139e-02	-1.678124945342022722e-01
-2.500000000000000000e+02	3.359998968067050285e-02	-1.658055174625971406e-01
-2.490000000000000000e+02	4.675262089037218044e-02	-1.627367868146731844e-01
-2.480000000000000000e+02	5.964695591558173693e-02	-1.586198096927179391e-01
-2.470000000000000000e+02	7.219904681060806961e-02	-1.534748984464559818e-01
-2.460000000000000000e+02	8.432643232754762075e-02	-1.473291155972032973e-01
-2.450000000000000000e+02	9.594868200307468675e-02	-1.402161749902091081e-01
-2.440000000000000000e+02	1.069879346913924639e-01	-1.321762990935551607e-01
-2.430000000000000000e+02	1.173702395142090793e-01	-1.232552598955377332e-01
-2.420000000000000000e+02	1.270241792860207219e-01	-1.135055913343729350e-01
-2.410000000000000000e+02	1.358819007136335133e-01	-1.029864307269484081e-01
-2.400000000000000000e+02	1.438809295165539570e-01	-9.176181084411857980e-02
-2.390000000000000000e+02	1.509638612623113163e-01	-7.990092670051225643e-02
-2.380000000000000000e+02	1.570787944670723746e-01	-6.747774119703446594e-02
-2.370000000000000000e+02	1.621797336908105402e-01	-5.457055400011259771e-02
-2.360000000000000000e+02	1.662269594833163944e-01	-4.126153587415341828e-02
-2.350000000000000000e+02	1.691873621942595329e-01	-2.763623095320828782e-02
-2.340000000000000000e+02	1.710347368404864232e-01	-1.378302969695725799e-02
-2.330000000000000000e+02	1.717500364261388135e-01	2.073844770661383485e-04
-2.320000000000000000e+02	1.713215813352580164e-01	1.424261166063652169e-02
-2.310000000000000000e+02	1.697452226613351267e-01	2.822913158057653235e-02
-2.300000000000000000e+02	1.670244576027049010e-01	4.207291574406388235e-02
-2.290000000000000000e+02	1.631704953354742860e-01	5.568005178581136166e-02
-2.280000000000000000e+02	1.582048508111501273e-01	6.895850006455410408e-02
-2.270000000000000000e+02	1.521524421880342259e-01	8.181635156878565296e-02
-2.260000000000000000e+02	1.450460755982208583e-01	9.416329265583556207e-02
-2.250000000000000000e+02	1.369273549935299261e-01	1.059120924346954457e-01
-2.240000000000000000e+02	1.278451744257975697e-01	1.169787805701218014e-01
-2.230000000000000000e+02	1.178548258353331879e-01	1.272838622350316862e-01
-2.220000000000000000e+02	1.070195181407640611e-01	1.367510304958465817e-01
-2.210000000000000000e+02	9.540878478236004823e-02	1.453094074303330485e-01
-2.200000000000000000e+02	8.309772429671125060e-02	1.528941512562861371e-01
-2.190000000000000000e+02	7.016696804345379235e-02	1.594465237124932655e-01
-2.180000000000000000e+02	5.670219417400412104e-02	1.649143706567773315e-01
-2.170000000000000000e+02	4.279359927578235689e-02	1.692525649947901056e-01
-2.160000000000000000e+02	2.853533050096269258e-02	1.724234081808659336e-01
-2.150000000000000000e+02	1.402488132338937203e-02	1.743969867295710741e-01
-2.140000000000000000e+02	-6.375456106562476773e-04	1.751514804036143069e-01
-2.130000000000000000e+02	-1.534970476546535130e-02	1.746734189998224440e-01
-2.120000000000000000e+02	-3.000799907080017870e-02	1.729578849389901696e-01
-2.110000000000000000e+02	-4.450821618798369433e-02	1.700087514984621462e-01
-2.100000000000000000e+02	-5.874637005840366993e-02	1.658389692494332546e-01
-2.090000000000000000e+02	-7.261904634144585036e-02	1.604693927131740916e-01
-2.080000000000000000e+02	-8.602448730771643237e-02	1.539301564604622363e-01
-2.070000000000000000e+02	-9.886325249151389771e-02	1.462600760556188317e-01
-2.060000000000000000e+02	-1.110389623998176423e-01	1.375064867264069179e-01
-2.050000000000000000e+02	-1.224590328938199441e-01	1.277250182259629385e-01
-2.040000000000000000e+02	-1.330353680085584189e-01	1.169793366319874656e-01
-2.030000000000000000e+02	-1.426845949299141436e-01	1.053414509788609676e-01
-2.020000000000000000e+02	-1.513304782910915858e-01	9.288915421780849502e-02
-2.010000000000000000e+02	-1.589025997007155466e-01	7.970766016715778723e-02
-2.000000000000000000e+02	-1.653376530458814941e-01	6.588841432968971235e-02
-1.990000000000000000e+02	-1.705800070906670629e-01	5.152851333623193614e-02
-1.980000000000000000e+02	-1.745822221181745348e-01	3.673007284238697517e-02
-1.970000000000000000e+02	-1.773055158548397237e-01	2.159954735439786888e-02
-1.960000000000000000e+02	-1.787201741599572513e-01	6.247005899940875212e-03
-1.950000000000000000e+02	-1.788059032265569281e-01	-9.214613122523879901e-03
-1.940000000000000000e+02	-1.775521710999788394e-01	-2.466997461412736084e-02
-1.930000000000000000e+02	-1.749583132993328405e-01	-4.000335988965864759e-02
-1.920000000000000000e+02	-1.710302159794398480e-01	-5.509712655121486863e-02
-1.910000000000000000e+02	-1.657902301343338047e-01	-6.983540396661852556e-02
-1.900000000000000000e+02	-1.592692114660139990e-01	-8.410387483623386895e-02
-1.890000000000000000e+02	-1.515070544208670933e-01	-9.779029003371329798e-02
-1.880000000000000000e+02	-1.425535268898042163e-01	-1.107856160317821081e-01
-1.870000000000000000e+02	-1.324680633135039975e-01	-1.229848567661091796e-01
-1.860000000000000000e+02	-1.213195049456831792e-01	-1.342878791134201055e-01
-1.850000000000000000e+02	-1.091856363738969993e-01	-1.446003520855726476e-01
-1.840000000000000000e+02	-9.615274875670980215e-02	-1.538345180593453931e-01
-1.830000000000000000e+02	-8.231510296440533447e-02	-1.619099695777504455e-01
-1.820000000000000000e+02	-6.777432125138171948e-02	-1.687543843777135066e-01
-1.810000000000000000e+02	-5.263871047069970666e-02	-1.743042120614907986e-01
-1.800000000000000000e+02	-3.702252044378881446e-02	-1.785053060171993833e-01
-1.790000000000000000e+02	-2.104514169244496580e-02	-1.813134944362904677e-01
-1.780000000000000000e+02	-4.830247322028621837e-03	-1.826950845725310024e-01
-1.770000000000000000e+02	1.149511559177886395e-02	-1.826272947382310274e-01
-1.760000000000000000e+02	2.780147921879600609e-02	-1.810986089380558772e-01
-1.750000000000000000e+02	4.395794638556115713e-02	-1.781090494980467065e-01
-1.740000000000000000e+02	5.983296439335525352e-02	-1.736696411041212529e-01
-1.730000000000000000e+02	7.529568984831616629e-02	-1.678040553362663279e-01
-1.720000000000000000e+02	9.021736906066184225e-02	-1.605484643667331734e-01
-1.710000000000000000e+02	1.044722895677059893e-01	-1.519497481778164238e-01
-1.700000000000000000e+02	1.179375873999346930e-01	-1.420669133650117877e-01
-1.690000000000000000e+02	1.304958733574916596e-01	-1.309699802147776537e-01
-1.680000000000000000e+02	1.420357333312572135e-01	-1.187398372424961768e-01
-1.670000000000000000e+02	1.524527402496928530e-01	-1.054677599422507855e-01
-1.660000000000000000e+02	1.616504342521364324e-01	-9.125483151059973763e-02
-1.650000000000000000e+02	1.695412576265837024e-01	-7.621127043541774115e-02
-1.640000000000000000e+02	1.760474522954549037e-01	-6.045561969758345144e-02
-1.630000000000000000e+02	1.811018268837032430e-01	-4.411400870290910214e-02
-1.620000000000000000e+02	1.846485401833075635e-01	-2.731919022573161410e-02
-1.610000000000000000e+02	1.866437839217889583e-01	-1.020947676971424058e-02
-1.600000000000000000e+02	1.870563495365673012e-01	7.072302402017708982e-03
-1.590000000000000000e+02	1.858681148350695700e-01	2.437993719636912318e-02
-1.580000000000000000e+02	1.830744298747251364e-01	4.156502624921753347e-02
-1.570000000000000000e+02	1.786843961236414258e-01	5.847821139307062682e-02
-1.560000000000000000e+02	1.727210336881452590e-01	7.497044766048732711e-02
-1.550000000000000000e+02	1.652219516834217972e-01	9.089414589771750708e-02
-1.540000000000000000e+02	1.562378287487620754e-01	1.061052746803089891e-01
-1.530000000000000000e+02	1.458329121048312083e-01	1.204636071918061546e-01
-1.520000000000000000e+02	1.340849886407850522e-01	1.338343637751557014e-01
-1.510000000000000000e+02	1.210848176043839569e-01	1.460895362477734327e-01
-1.500000000000000000e+02	1.069355781336116945e-01	1.571091508836838790e-01
-1.490000000000000000e+02	9.175219302338642746e-02	1.667824909345052564e-01
-1.480000000000000000e+02	7.566053106749136281e-02	1.750092665644997214e-01
-1.470000000000000000e+02	5.879706708179620323e-02	1.817005338609029574e-01
-1.460000000000000000e+02	4.130615430259429455e-02	1.867803940266294371e-01
-1.450000000000000000e+02	2.334033264008361988e-02	1.901861806177657377e-01
-1.440000000000000000e+02	5.058885836204592493e-03	1.918694831126527556e-01
-1.430000000000000000e+02	-1.337358939820515805e-02	1.917969259837863094e-01
-1.420000000000000000e+02	-3.178858515146442548e-02	1.899507807935892634e-01
-1.410000000000000000e+02	-5.001482986754723220e-02	1.863295377659198726e-01
-1.400000000000000000e+02	-6.788062445678892665e-02	1.809481266078876716e-01
-1.390000000000000000e+02	-8.521519590158693758e-02	1.738379860676425304e-01
-1.380000000000000000e+02	-1.018497565282091982e-01	1.650472993644602482e-01
-1.370000000000000000e+02	-1.176194232741420570e-01	1.546408478171767964e-01
-1.360000000000000000e+02	-1.323648554179893411e-01	1.426997544769844639e-01
-1.350000000000000000e+02	-1.459337077312921616e-01	1.293212660155850791e-01
-1.340000000000000000e+02	-1.581827162119941732e-01	1.146174176972274139e-01
-1.330000000000000000e+02	-1.689789722366557834e-01	9.871521689744117145e-02
-1.320000000000000000e+02	-1.782013563004574974e-01	8.175529508924983535e-02
-1.310000000000000000e+02	-1.857418773058877592e-01	6.389109899461573039e-02
-1.300000000000000000e+02	-1.915073708038363132e-01	4.528698810634544658e-02
-1.290000000000000000e+02	-1.954203901840342872e-01	2.611748468917948762e-02
-1.280000000000000000e+02	-1.974203915724697112e-01	6.565731747493266934e-03
-1.270000000000000000e+02	-1.974643345096854796e-01	-1.317806462908036567e-02
-1.260000000000000000e+02	-1.955288384264617374e-01	-3.291857624139762906e-02
-1.250000000000000000e+02	-1.916095319608542014e-01	-5.245712248653757598e-02
-1.240000000000000000e+02	-1.857219362713392885e-01	-7.159347745900333793e-02
-1.230000000000000000e+02	-1.779017994587679952e-01	-9.012792209826610279e-02
-1.220000000000000000e+02	-1.682049794225559947e-01	-1.078632721441067921e-01
-1.210000000000000000e+02	-1.567077669280076968e-01	-1.246068870900481768e-01
-1.200000000000000000e+02	-1.435066978078375077e-01	-1.401730477313861967e-01
-1.190000000000000000e+02	-1.287175677997633716e-01	-1.543846374703493618e-01
-1.180000000000000000e+02	-1.124749708063829678e-01	-1.670753225443304124e-01
-1.170000000000000000e+02	-9.493115267188353967e-02	-1.780917103848651817e-01
-1.160000000000000000e+02	-7.625487482732974664e-02	-1.872950276331696862e-01
-1.150000000000000000e+02	-5.663014717351302213e-02	-1.945626245761938600e-01
-1.140000000000000000e+02	-3.625513617252029697e-02	-1.997913106778055059e-01
-1.130000000000000000e+02	-1.533964072053444969e-02	-2.028972047644404531e-01
-1.120000000000000000e+02	5.896567561736856811e-03	-2.038177044865257248e-01
-1.110000000000000000e+02	2.722585748772359676e-02	-2.025127132884789183e-01
-1.100000000000000000e+02	4.841487246286832469e-02	-1.989656951916043415e-01
-1.090000000000000000e+02	6.922708974896971124e-02	-1.931844926669565310e-01
-1.080000000000000000e+02	8.942509368051805574e-02	-1.852020125724814781e-01
-1.070000000000000000e+02	1.087739586864203689e-01	-1.750763041767719741e-01
-1.060000000000000000e+02	1.270430943620677600e-01	-1.628903971685564389e-01
-1.050000000000000000e+02	1.440091370317623243e-01	-1.487525781104590550e-01
-1.040000000000000000e+02	1.594587892293692077e-01	-1.327956190608823583e-01
-1.030000000000000000e+02	1.731909446829685839e-01	-1.151756407920823538e-01
-1.020000000000000000e+02	1.850209395801689916e-01	-9.607213306207174064e-02
-1.010000000000000000e+02	1.947816887833555277e-01	-7.568562150495559970e-02
-1.000000000000000000e+02	2.023264661203123538e-01	-5.423631088189993787e-02
-9.900000000000000000e+01	2.075315963937416075e-01	-3.196178753733695810e-02
-9.800000000000000000e+01	2.102992512274831638e-01	-9.114806521130853351e-03
-9.700000000000000000e+01	2.105561693417940250e-01	1.403945568716629191e-02
-9.600000000000000000e+01	2.082588548554247521e-01	3.722499111934766958e-02
-9.500000000000000000e+01	2.033936764179950230e-01	6.016040898716078222e-02
-9.400000000000000000e+01	1.959779437607034880e-01	8.256006870797348574e-02
-9.300000000000000000e+01	1.860602362099235407e-01	1.041376344052088732e-01
-9.200000000000000000e+01	1.737225222346557019e-01	1.246103067346136795e-01
-9.100000000000000000e+01	1.590784233738369302e-01	1.437021549930982967e-01
-9.000000000000000000e+01	1.422736289084229333e-01	1.611473180023371976e-01
-8.900000000000000000e+01	1.234851391234744050e-01	1.766942738037603766e-01
-8.800000000000000000e+01	1.029201029532979400e-01	1.901097131648913086e-01
-8.700000000000000000e+01	8.081321957210421680e-02	2.011806073590663158e-01
-8.600000000000000000e+01	5.742542446042392390e-02	2.097196178666498045e-01
-8.500000000000000000e+01	3.304147665802632805e-02	2.155674578611686265e-01
-8.400000000000000000e+01	7.966883960660581590e-03	2.185960186267885130e-01
-8.300000000000000000e+01	-1.747508247791695196e-02	2.187111085536173616e-01
-8.200000000000000000e+01	-4.294710114713845561e-02	2.158550462022374161e-01
-8.100000000000000000e+01	-6.810167697387585484e-02	2.100085883112756957e-01
-8.000000000000000000e+01	-9.258549856214756679e-02	2.011930272205214310e-01
-7.900000000000000000e+01	-1.160443076624934067e-01	1.894727406403764192e-01
-7.800000000000000000e+01	-1.381283082887999614e-01	1.749555519993271913e-01
-7.700000000000000000e+01	-1.584987203485173912e-01	1.577894144886060335e-01
-7.600000000000000000e+01	-1.768271303251679749e-01	1.381616379038354547e-01
-7.500000000000000000e+01	-1.928045398405640320e-01	1.163027227053204243e-01
-7.400000000000000000e+01	-2.061454139755779513e-01	9.248340905782201360e-02
-7.300000000000000000e+01	-2.165912419996750826e-01	6.701190025088749058e-02
-7.200000000000000000e+01	-2.239274683521924603e-01	4.023458459622816091e-02
-7.100000000000000000e+01	-2.279753883870268283e-01	1.252605485145473138e-02
-7.000000000000000000e+01	-2.286011895185009746e-01	-1.571321500744631006e-02
-6.900000000000000000e+01	-2.257161349020810615e-01	-4.406205777809713009e-02
-6.800000000000000000e+01	-2.192819268228534957e-01	-7.208850865814540876e-02
-6.700000000000000000e+01	-2.093130462680226900e-01	-9.934789726484023753e-02
-6.600000000000000000e+01	-1.958799111916781355e-01	-1.253896786802135566e-01
-6.500000000000000000e+01	-1.791108115971682957e-01	-1.497649056016211733e-01
-6.400000000000000000e+01	-1.591936728625243935e-01	-1.720319065464133157e-01
-6.300000000000000000e+01	-1.363749239013528625e-01	-1.917704273724105124e-01
-6.200000000000000000e+01	-1.109607458336843433e-01	-2.085858407843467488e-01
-6.100000000000000000e+01	-8.331330700001589318e-02	-2.221175349540709942e-01
-6.000000000000000000e+01	-5.384158597350727909e-02	-2.320483095547838659e-01
-5.900000000000000000e+01	-2.300093239105151233e-02	-2.381097743626543750e-01
-5.800000000000000000e+01	8.708263830387601503e-03	-2.400918204829818603e-01
-5.700000000000000000e+01	4.075071939062047122e-02	-2.378423144649884080e-01
-5.600000000000000000e+01	7.255954506815620597e-02	-2.312750313093096810e-01
-5.500000000000000000e+01	1.035496349293219681e-01	-2.203797364206364628e-01
-5.400000000000000000e+01	1.331253083323042929e-01	-2.052237386196690827e-01
-5.300000000000000000e+01	1.606897422239161877e-01	-1.859594624184360279e-01
-5.200000000000000000e+01	1.856564679681091401e-01	-1.628279428052033795e-01
-5.100000000000000000e+01	2.074620423687092152e-01	-1.361527511568968452e-01
-5.000000000000000000e+01	2.255782084123289510e-01	-1.063410252856720334e-01
-4.900000000000000000e+01	2.395238665359015473e-01	-7.388024948485096000e-02
-4.800000000000000000e+01	2.488774346809015658e-01	-3.933232508394091803e-02
-4.700000000000000000e+01	2.532882944494647681e-01	-3.331006950343596857e-03
-4.600000000000000000e+01	2.524891736666597386e-01	3.342669795995882598e-02
-4.500000000000000000e+01	2.463077011287529428e-01	7.019047464023682459e-02
-4.400000000000000000e+01	2.346770687294486846e-01	1.061685452224068460e-01
-4.300000000000000000e+01	2.176461413359506436e-01	1.405408193404603934e-01
-4.200000000000000000e+01	1.953855242934115499e-01	1.724819113220405209e-01
-4.100000000000000000e+01	1.681922893177246747e-01	2.011709307261497492e-01
-4.000000000000000000e+01	1.364946478573393351e-01	2.258117440215783589e-01
-3.900000000000000000e+01	1.008593377720608114e-01	2.456511878319274922e-01
-3.800000000000000000e+01	6.196984509599614416e-02	2.600110241978783043e-01
-3.700000000000000000e+01	2.063593451094013903e-02	2.682985663170598944e-01
-3.600000000000000000e+01	-2.221606228851981737e-02	2.700316474433853142e-01
-3.500000000000000000e+01	-6.555224739495285613e-02	2.648621094853588209e-01
-3.400000000000000000e+01	-1.082614625980732048e-01	2.525987759337665062e-01
-3.300000000000000000e+01	-1.491735127472346434e-01	2.332247276169025774e-01
-3.200000000000000000e+01	-1.870732814981046210e-01	2.069160213079425936e-01
-3.100000000000000000e+01	-2.207373040098191963e-01	1.740585112845381144e-01
-3.000000000000000000e+01	-2.489761855841097216e-01	1.352466643732269380e-01
-2.900000000000000000e+01	-2.706559341961960463e-01	9.130457423673531137e-02
-2.800000000000000000e+01	-2.847470884110809841e-01	4.328362699568792660e-02
-2.700000000000000000e+01	-2.903740085360245193e-01	-7.560274124616028942e-03
-2.600000000000000000e+01	-2.868489677148233774e-01	-5.976005292736242397e-02
-2.500000000000000000e+01	-2.737258797873741156e-01	-1.116674561751014733e-01
-2.400000000000000000e+01	-2.508388831195542679e-01	-1.615011092098414813e-01
-2.300000000000000000e+01	-2.183570014772400758e-01	-2.073626664139555098e-01
-2.200000000000000000e+01	-1.768109367281038846e-01	-2.473172236455385142e-01
-2.100000000000000000e+01	-1.271264374477731052e-01	-2.794526148564324686e-01
-2.000000000000000000e+01	-7.065246054329125946e-02	-3.019426995274333003e-01
-1.900000000000000000e+01	-9.167297990981896835e-03	-3.131542207600762628e-01
-1.800000000000000000e+01	5.513457273284561727e-02	-3.117424945108857592e-01
-1.700000000000000000e+01	1.196641751848074448e-01	-2.967572397348520186e-01
-1.600000000000000000e+01	1.815011961409316865e-01	-2.677616039508294299e-01
-1.500000000000000000e+01	2.374690120249951519e-01	-2.249335301071970772e-01
-1.400000000000000000e+01	2.842629689146124461e-01	-1.691759217723474984e-01
-1.300000000000000000e+01	3.186034391785638187e-01	-1.022120607636012313e-01
-1.200000000000000000e+01	3.374389312293124554e-01	-2.663910199742557453e-02
-1.100000000000000000e+01	3.381544067027947298e-01	5.403953069299980566e-02
-1.000000000000000000e+01	3.188667370664555745e-01	1.354369598586127599e-01
-9.000000000000000000e+00	2.787355939608605615e-01	2.123967458111977458e-01
-8.000000000000000000e+00	2.182683094636413690e-01	2.792118466457956805e-01
-7.000000000000000000e+00	1.396130029945475137e-01	3.299645496236631170e-01
-6.000000000000000000e+00	4.677240202518468531e-02	3.590019261756152158e-01
-5.000000000000000000e+00	-5.431247947729102299e-02	3.615258612293830165e-01
-4.000000000000000000e+00	-1.558662756327261756e-01	3.342962083501774817e-01
-3.000000000000000000e+00	-2.485906157791175908e-01	2.763803263790415854e-01
-2.000000000000000000e+00	-3.222863749623959273e-01	1.899059099950538010e-01
-1.000000000000000000e+00	-3.668824029150708488e-01	8.072024947557096541e-02
0.000000000000000000e+00	-3.739496043589813912e-01	-4.127020024562923911e-02
1.000000000000000000e+00	-3.386219750604762546e-01	-1.624257303142458975e-01
2.000000000000000000e+00	-2.614393435521266129e-01	-2.667604164971985603e-01
3.000000000000000000e+00	-1.495874025475051883e-01	-3.383047155151730490e-01
4.000000000000000000e+00	-1.697369591944574568e-02	-3.641842234218388707e-01
5.000000000000000000e+00	1.171929055770163514e-01	-3.377785341723971158e-01
6.000000000000000000e+00	2.313375479192873729e-01	-2.610738638025157932e-01
7.000000000000000000e+00	3.056956349629661451e-01	-1.456406102359072141e-01
8.000000000000000000e+00	3.267957349699693315e-01	-1.116755875877674387e-02
9.000000000000000000e+00	2.909535583122822566e-01	1.180854388550011819e-01
1.000000000000000000e+01	2.058575594410673448e-01	2.182004077084422622e-01
1.100000000000000000e+01	8.946191237108377936e-02	2.708944813839841426e-01
1.200000000000000000e+01	-3.376335572678603597e-02	2.679235761626498902e-01
1.300000000000000000e+01	-1.384433060577416330e-01	2.132790104945332110e-01
1.400000000000000000e+01	-2.043680021960071480e-01	1.221854291116569874e-01
1.500000000000000000e+01	-2.211881265929551421e-01	1.709150564390032531e-02
1.600000000000000000e+01	-1.904142778446180628e-01	-7.815741207668695789e-02
1.700000000000000000e+01	-1.241872639711050913e-01	-1.441279297442178697e-01
1.800000000000000000e+01	-4.131870701928107292e-02	-1.701912277433673681e-01
1.900000000000000000e+01	3.797005838608058514e-02	-1.559833309886951014e-01
2.000000000000000000e+01	9.694232628526101847e-02	-1.102216398959616622e-01
2.100000000000000000e+01	1.257766921831478535e-01	-4.751233454146781832e-02
2.200000000000000000e+01	1.227410862760374699e-01	1.590655828059288346e-02
2.300000000000000000e+01	9.334384077181442918e-02	6.612383521969329714e-02
2.400000000000000000e+01	4.800423818992797381e-02	9.425380225151841485e-02
2.500000000000000000e+01	-9.539279924711799221e-04	9.758683585624301771e-02
2.600000000000000000e+01	-4.224816577525737638e-02	7.921933188574951934e-02
2.700000000000000000e+01	-6.791270437309489261e-02	4.650465858958589827e-02
2.800000000000000000e+01	-7.460238795259577227e-02	8.870377084465152356e-03
2.900000000000000000e+01	-6.370026415603111114e-02	-2.455002886861397393e-02
3.000000000000000000e+01	-4.036139985725711171e-02	-4.690272878973324872e-02
3.100000000000000000e+01	-1.179582442071617880e-02	-5.485636399118046930e-02
3.200000000000000000e+01	1.470530295322730781e-02	-4.886319038364639322e-02
3.300000000000000000e+01	3.347394539136824138e-02	-3.252611508786371758e-02
3.400000000000000000e+01	4.149844487536395732e-02	-1.118865277277956462e-02
3.500000000000000000e+01	3.872878333765959746e-02	9.487125343371561118e-03
3.600000000000000000e+01	2.753311258413039531e-02	2.493336756466719983e-02
3.700000000000000000e+01	1.183062470649998144e-02	3.252227485820648190e-02
3.800000000000000000e+01	-4.108336968420979451e-03	3.184613405606454006e-02
3.900000000000000000e+01	-1.666206343850616320e-02	2.439844502726435868e-02
4.000000000000000000e+01	-2.358319860552368294e-02	1.297718379145174766e-02
4.100000000000000000e+01	-2.418757458583962669e-02	7.575236269825982903e-04
4.200000000000000000e+01	-1.941557551635327006e-02	-9.372135947534014980e-03
4.300000000000000000e+01	-1.114991559541729862e-02	-1.545381164055411455e-02
4.400000000000000000e+01	-1.863118097673871140e-03	-1.681493110822760914e-02
4.500000000000000000e+01	6.224081673087314415e-03	-1.387732032760014000e-02
4.600000000000000000e+01	1.147016883248047105e-02	-7.999778588962641601e-03
4.700000000000000000e+01	1.314954611483403445e-02	-9.846485387452255916e-04
4.800000000000000000e+01	1.145369320101004111e-02	5.402031333623550508e-03
4.900000000000000000e+01	7.313215648504175354e-03	9.818058957071967852e-03
5.000000000000000000e+01	2.040471056828338774e-03	1.154063549657900062e-02
5.100000000000000000e+01	-2.956606548613888337e-03	1.067737376751809464e-02
5.200000000000000000e+01	-6.642623932622098749e-03	7.845940276498692897e-03
5.300000000000000000e+01	-8.375598783911248138e-03	3.935806100947229769e-03
5.400000000000000000e+01	-8.048281386331167589e-03	1.794719468235411977e-05
5.500000000000000000e+01	-6.088864098005163268e-03	-3.000730239513804253e-03
5.600000000000000000e+01	-3.200684723852348368e-03	-4.585157982590065164e-03
5.700000000000000000e+01	-1.852508308391871662e-04	-4.609158179868111209e-03
5.800000000000000000e+01	2.253547939731111345e-03	-3.314236456625640863e-03
5.900000000000000000e+01	3.651452141029977970e-03	-1.211591887775140437e-03
6.000000000000000000e+01	3.858886210520945902e-03	1.084769107078336833e-03
6.100000000000000000e+01	3.030332183963823072e-03	3.022316573962382114e-03
6.200000000000000000e+01	1.519035185474786531e-03	4.217681341630825226e-03
6.300000000000000000e+01	-2.183740481520534370e-04	4.521038213850096278e-03
6.400000000000000000e+01	-1.750745233227048300e-03	4.013792708145337042e-03
6.500000000000000000e+01	-2.763582898118484635e-03	2.934298376961147741e-03
6.600000000000000000e+01	-3.122249435339213147e-03	1.628598355178604391e-03
6.700000000000000000e+01	-2.843482808769846708e-03	4.173887426454818222e-04
6.800000000000000000e+01	-2.095197027409042515e-03	-4.403488021018948516e-04
6.900000000000000000e+01	-1.120555624165973322e-03	-8.097050268343716122e-04
7.000000000000000000e+01	-1.757566566738185689e-04	-6.872652158566240795e-04
7.100000000000000000e+01	5.343731791428046364e-04	-1.855060730501064054e-04
7.200000000000000000e+01	8.842549551224057613e-04	5.265681096961755819e-04
7.300000000000000000e+01	8.589479980848592142e-04	1.252070944241897221e-03
7.400000000000000000e+01	5.209619336118459423e-04	1.824520865016667501e-03
7.500000000000000000e+01	-3.047143070735576725e-06	2.143613660772814445e-03
7.600000000000000000e+01	-5.630065305773337058e-04	2.156023099571813002e-03
7.700000000000000000e+01	-1.024203446915495936e-03	1.923706643880243681e-03
7.800000000000000000e+01	-1.302899198047707948e-03	1.539283901777014187e-03
7.900000000000000000e+01	-1.380347166142598461e-03	1.119898371874619887e-03
8.000000000000000000e+01	-1.233853178400805880e-03	7.333369520257603229e-04
8.100000000000000000e+01	-9.444271530592933915e-04	4.788601496886846307e-04
8.200000000000000000e+01	-6.149460277603433986e-04	3.974751183063910493e-04
8.300000000000000000e+01	-3.184065923620087559e-04	4.745956492209590753e-04
8.400000000000000000e+01	-1.126839164214672273e-04	6.604061158117510233e-04
8.500000000000000000e+01	-3.192421433093201846e-05	8.998742064140660126e-04
8.600000000000000000e+01	-7.321228641102028336e-05	1.139051892747988898e-03
8.700000000000000000e+01	-2.068371171128419379e-04	1.300048859508510417e-03
8.800000000000000000e+01	-3.817188484799005632e-04	1.350383778182803274e-03
8.900000000000000000e+01	-5.582903580226598276e-04	1.328783832069622669e-03
9.000000000000000000e+01	-6.919134337981450297e-04	1.230450831361404969e-03
9.100000000000000000e+01	-7.605268044446880302e-04	1.091385788325862543e-03
9.200000000000000000e+01	-7.598861689352343811e-04	9.488151400688120060e-04
9.300000000000000000e+01	-6.978232165154505100e-04	8.304949355472187765e-04
9.400000000000000000e+01	-6.020243618770263318e-04	7.637163944741816226e-04
9.500000000000000000e+01	-4.936353731532231370e-04	7.477845941990697576e-04
9.600000000000000000e+01	-4.001790694263323775e-04	7.774015709102658324e-04
9.700000000000000000e+01	-3.415862355798218231e-04	8.399605036838201852e-04
9.800000000000000000e+01	-3.227890403321073123e-04	9.096415309120792604e-04
9.900000000000000000e+01	-3.427861096665599390e-04	9.743115991041601106e-04
1.000000000000000000e+02	-3.870808259598044446e-04	1.009653979117460833e-03
1.010000000000000000e+02	-4.398832890005671464e-04	1.009012840198681782e-03
1.020000000000000000e+02	-4.910101923608107145e-04	9.865702627252553782e-04
1.030000000000000000e+02	-5.301081628973170010e-04	9.505305043917245626e-04
1.040000000000000000e+02	-5.504025613990227214e-04	9.094275171746884698e-04
1.050000000000000000e+02	-5.473551107141986800e-04	8.673774421370618933e-04
1.060000000000000000e+02	-5.230808789023308914e-04	8.306148193039746257e-04
1.070000000000000000e+02	-4.864115298895517405e-04	8.066512766802072000e-04
