# # Time 	 h_plus 	 h_cross 
# 
-4.090000000000000000e+02	1.060000187727542648e-01	-4.826335707102780842e-02
-4.080000000000000000e+02	1.094713010441820400e-01	-3.992805296668258674e-02
-4.070000000000000000e+02	1.122903437501466956e-01	-3.133808866142474836e-02
-4.060000000000000000e+02	1.144396775404494665e-01	-2.254464859174586458e-02
-4.050000000000000000e+02	1.159028651920694652e-01	-1.359951951399043443e-02
-4.040000000000000000e+02	1.166683883416292367e-01	-4.556097838237343524e-03
-4.030000000000000000e+02	1.167292511381952808e-01	4.531258890053018948e-03
-4.020000000000000000e+02	1.160826921114307270e-01	1.360765593547234170e-02
-4.010000000000000000e+02	1.147302288101271772e-01	2.261799133313517271e-02
-4.000000000000000000e+02	1.126776767152265490e-01	3.150728980876143365e-02
-3.990000000000000000e+02	1.099351420605606533e-01	4.022103865178589671e-02
-3.980000000000000000e+02	1.065169883510349857e-01	4.870552350023425736e-02
-3.970000000000000000e+02	1.024417765278409637e-01	5.690816197344256838e-02
-3.960000000000000000e+02	9.773217889242902245e-02	6.477783307881575248e-02
-3.950000000000000000e+02	9.241486706461247980e-02	7.226520032138143701e-02
-3.940000000000000000e+02	8.652037441411607188e-02	7.932302646064072482e-02
-3.930000000000000000e+02	8.008330306913759300e-02	8.590613343367453636e-02
-3.920000000000000000e+02	7.314130018357975493e-02	9.197261310722631977e-02
-3.910000000000000000e+02	6.573517087442730389e-02	9.748354531562809788e-02
-3.900000000000000000e+02	5.790900129256763146e-02	1.024030062345206993e-01
-3.890000000000000000e+02	4.970969372604240599e-02	1.066985438486471593e-01
-3.880000000000000000e+02	4.118669521241596215e-02	1.103414016265834990e-01
-3.870000000000000000e+02	3.239170815767110356e-02	1.133067211434432842e-01
-3.860000000000000000e+02	2.337865798018560343e-02	1.155750737677716522e-01
-3.850000000000000000e+02	1.420234162531481929e-02	1.171286292257111561e-01
-3.840000000000000000e+02	4.919318832294414592e-03	1.179550265782249169e-01
-3.830000000000000000e+02	-4.412851271856738263e-03	1.180464974680899559e-01
-3.820000000000000000e+02	-1.373599741526468354e-02	1.173998276219769543e-01
-3.810000000000000000e+02	-2.299169647056199112e-02	1.160164093234701405e-01
-3.800000000000000000e+02	-3.212163856821248498e-02	1.139022653832087312e-01
-3.790000000000000000e+02	-4.106799477995055209e-02	1.110680441418392395e-01
-3.780000000000000000e+02	-4.977329778842258523e-02	1.075292107756736087e-01
-3.770000000000000000e+02	-5.818111625882564641e-02	1.033060543757509248e-01
-3.760000000000000000e+02	-6.623860801781435159e-02	9.842226448663768390e-02
-3.750000000000000000e+02	-7.389357520846827343e-02	9.290630046763852234e-02
-3.740000000000000000e+02	-8.109608391880124278e-02	8.679077089256030664e-02
-3.730000000000000000e+02	-8.779879605284447719e-02	8.011225750299727499e-02
-3.720000000000000000e+02	-9.395661933445789704e-02	7.291059367231848831e-02
-3.710000000000000000e+02	-9.952859833800146994e-02	6.523007984564639650e-02
-3.700000000000000000e+02	-1.044773725574573431e-01	5.711819876099968191e-02
-3.690000000000000000e+02	-1.087690599608045344e-01	4.862516437568550204e-02
-3.680000000000000000e+02	-1.123737956225392409e-01	3.980389314268760470e-02
-3.670000000000000000e+02	-1.152659506297381425e-01	3.070968514031716459e-02
-3.660000000000000000e+02	-1.174243259038597331e-01	2.139988721067204863e-02
-3.650000000000000000e+02	-1.188323194407513855e-01	1.193354005872424885e-02
-3.640000000000000000e+02	-1.194780656210948644e-01	2.371011390002697797e-03
-3.630000000000000000e+02	-1.193545454040890463e-01	-7.226382720768552426e-03
-3.620000000000000000e+02	-1.184596663874470795e-01	-1.679676593516975236e-02
-3.610000000000000000e+02	-1.167963862139006631e-01	-2.627776652923864698e-02
-3.600000000000000000e+02	-1.143725862781271585e-01	-3.560783702417970320e-02
-3.590000000000000000e+02	-1.112010999387360588e-01	-4.472592091117105761e-02
-3.580000000000000000e+02	-1.072997022412139900e-01	-5.357190117947488450e-02
-3.570000000000000000e+02	-1.026910172020364803e-01	-6.208709488495826878e-02
-3.560000000000000000e+02	-9.740240668737687457e-02	-7.021464530764390255e-02
-3.550000000000000000e+02	-9.146355540455787525e-02	-7.789797078206821268e-02
-3.540000000000000000e+02	-8.491329235202547954e-02	-8.508643955257008673e-02
-3.530000000000000000e+02	-7.779235780611934437e-02	-9.173101677061881731e-02
-3.520000000000000000e+02	-7.014540806589104893e-02	-9.778592915046460665e-02
-3.510000000000000000e+02	-6.202080777597755029e-02	-1.032090300376531100e-01
-3.500000000000000000e+02	-5.347033877270895852e-02	-1.079621025950655983e-01
-3.490000000000000000e+02	-4.454888395075391055e-02	-1.120111399149283232e-01
-3.480000000000000000e+02	-3.531408795123468225e-02	-1.153265999867678637e-01
-3.470000000000000000e+02	-2.582599664432235625e-02	-1.178836335892674281e-01
-3.460000000000000000e+02	-1.614667754119841758e-02	-1.196622833262195595e-01
-3.450000000000000000e+02	-6.338756818509792140e-03	-1.206477082359903724e-01
-3.440000000000000000e+02	3.532276467844519627e-03	-1.208299637291747192e-01
-3.430000000000000000e+02	1.340014659267312232e-02	-1.202045935358082435e-01
-3.420000000000000000e+02	2.319872835762604862e-02	-1.187725953573432330e-01
-3.410000000000000000e+02	3.286198031249033119e-02	-1.165403860487881776e-01
-3.400000000000000000e+02	4.232438920072887495e-02	-1.135197992309919662e-01
-3.390000000000000000e+02	5.152141494630062962e-02	-1.097280464459609167e-01
-3.380000000000000000e+02	6.038993319343520516e-02	-1.051876417208311154e-01
-3.370000000000000000e+02	6.886867239031717325e-02	-9.992628965058582280e-02
-3.360000000000000000e+02	7.689864240683434715e-02	-9.397673735674019757e-02
-3.350000000000000000e+02	8.442355169593533659e-02	-8.737659092743982336e-02
-3.340000000000000000e+02	9.139021004797125147e-02	-8.016809719207976248e-02
-3.330000000000000000e+02	9.774891404775333525e-02	-7.239789192893002212e-02
-3.320000000000000000e+02	1.034538124248273600e-01	-6.411671584563038984e-02
-3.310000000000000000e+02	1.084632485882723457e-01	-5.537909990831071938e-02
-3.300000000000000000e+02	1.127400859326981586e-01	-4.624300189393602128e-02
-3.290000000000000000e+02	1.162523135237008287e-01	-3.676840609294956819e-02
-3.280000000000000000e+02	1.189721150927457033e-01	-2.702011180284993527e-02
-3.270000000000000000e+02	1.208774908905663331e-01	-1.706417139559580562e-02
-3.260000000000000000e+02	1.219519330841405402e-01	-6.968465513727008925e-03
-3.250000000000000000e+02	1.221845826669872154e-01	3.197752577037022217e-03
-3.240000000000000000e+02	1.215703486485764789e-01	1.336432648523617692e-02
-3.230000000000000000e+02	1.201098855609485233e-01	2.346065686420715710e-02
-3.220000000000000000e+02	1.178101700601485030e-01	3.341629592668091120e-02
-3.210000000000000000e+02	1.146837872893156363e-01	4.316136745020361654e-02
-3.200000000000000000e+02	1.107490202640057791e-01	5.262700206638731837e-02
-3.190000000000000000e+02	1.060299152541060996e-01	6.174584306436604886e-02
-3.180000000000000000e+02	1.005561628912343131e-01	7.045253120785591183e-02
-3.170000000000000000e+02	9.436293826909798732e-02	7.868418079005101706e-02
-3.160000000000000000e+02	8.749070062254839242e-02	8.638084343993900072e-02
-3.150000000000000000e+02	7.998495346871570266e-02	9.348595622599857602e-02
-3.140000000000000000e+02	7.189602170671130499e-02	9.994673086961547437e-02
-3.130000000000000000e+02	6.327899023043369320e-02	1.057144418708748784e-01
-3.120000000000000000e+02	5.419224996907096026e-02	1.107455100138723669e-01
-3.110000000000000000e+02	4.469830337841174811e-02	1.150009629733059896e-01
-3.100000000000000000e+02	3.486295577487266012e-02	1.184470945554411542e-01
-3.090000000000000000e+02	2.475487476437886192e-02	1.210557508866360182e-01
-3.080000000000000000e+02	1.444512433752788948e-02	1.228045800286080153e-01
-3.070000000000000000e+02	4.006676638946471934e-03	1.236772427348568903e-01
-3.060000000000000000e+02	-6.486095371602457887e-03	1.236635823070900558e-01
-3.050000000000000000e+02	-1.695794095927783546e-02	1.227597517744268840e-01
-3.040000000000000000e+02	-2.733326677944835151e-02	1.209682968998573166e-01
-3.030000000000000000e+02	-3.753615177617337928e-02	1.182983615653326742e-01
-3.020000000000000000e+02	-4.749230040257652885e-02	1.147653528355292996e-01
-3.010000000000000000e+02	-5.712867969887404362e-02	1.103909408467665804e-01
-3.000000000000000000e+02	-6.637383182087351619e-02	1.052031028818833508e-01
-2.990000000000000000e+02	-7.515866722537198341e-02	9.923591760713379450e-02
-2.980000000000000000e+02	-8.341698846375573961e-02	9.252937170364913810e-02
-2.970000000000000000e+02	-9.108599887310782350e-02	8.512912130865911420e-02
-2.960000000000000000e+02	-9.810679225089229127e-02	7.708620937509853832e-02
-2.950000000000000000e+02	-1.044248196726447059e-01	6.845674039814983458e-02
-2.940000000000000000e+02	-1.099903297153784071e-01	5.930151429289230725e-02
-2.930000000000000000e+02	-1.147583645870355329e-01	4.968557966102952334e-02
-2.920000000000000000e+02	-1.186899312276763485e-01	3.967801475520253002e-02
-2.910000000000000000e+02	-1.217525025461419635e-01	2.935119738169522305e-02
-2.900000000000000000e+02	-1.239193202535148891e-01	1.878025763535290382e-02
-2.890000000000000000e+02	-1.251700894451656665e-01	8.042648862033425008e-03
-2.880000000000000000e+02	-1.254911875599287185e-01	-2.782405005044245351e-03
-2.870000000000000000e+02	-1.248758264534184093e-01	-1.361448150342142727e-02
-2.860000000000000000e+02	-1.233241657406347752e-01	-2.437254715806339359e-02
-2.850000000000000000e+02	-1.208433758887655640e-01	-3.497555634184784656e-02
-2.840000000000000000e+02	-1.174476498842344091e-01	-4.534305721371732767e-02
-2.830000000000000000e+02	-1.131581626564855114e-01	-5.539580034418703502e-02
-2.820000000000000000e+02	-1.080029778124770995e-01	-6.505634554393875668e-02
-2.810000000000000000e+02	-1.020169016179309357e-01	-7.424966234815842669e-02
-2.800000000000000000e+02	-9.524120128894954240e-02	-8.290364710139438986e-02
-2.790000000000000000e+02	-8.772345488199181918e-02	-9.094974053800750080e-02
-2.780000000000000000e+02	-7.951741939187630115e-02	-9.832365033577150637e-02
-2.770000000000000000e+02	-7.068245313935400675e-02	-1.049657499266759830e-01
-2.760000000000000000e+02	-6.128312357772669472e-02	-1.108216007461014507e-01
-2.750000000000000000e+02	-5.138878476252230904e-02	-1.158423950346739589e-01
-2.740000000000000000e+02	-4.107313086851133860e-02	-1.199853712125559246e-01
-2.730000000000000000e+02	-3.041360681836217245e-02	-1.232142355942427714e-01
-2.720000000000000000e+02	-1.949086757169182088e-02	-1.254994879335551705e-01
-2.710000000000000000e+02	-8.388186143720508317e-03	-1.268187123187076992e-01
-2.700000000000000000e+02	2.809306421170942869e-03	-1.271568122517693633e-01
-2.690000000000000000e+02	1.401485825922032386e-02	-1.265060301561153899e-01
-2.680000000000000000e+02	2.514104882846463287e-02	-1.248666581454020846e-01
-2.670000000000000000e+02	3.610050482207025763e-02	-1.222464799137231578e-01
-2.660000000000000000e+02	4.680650933486324439e-02	-1.186610153860352818e-01
-2.650000000000000000e+02	5.717368770473581913e-02	-1.141334741501991712e-01
-2.640000000000000000e+02	6.711860435965175120e-02	-1.086947015840996067e-01
-2.630000000000000000e+02	7.656070222838259887e-02	-1.023828699501484335e-01
-2.620000000000000000e+02	8.542277916188514841e-02	-9.524330117934358408e-02
-2.610000000000000000e+02	9.363157265685453923e-02	-8.732823333715054870e-02
-2.600000000000000000e+02	1.011185036454454317e-01	-7.869635967951765787e-02
-2.590000000000000000e+02	1.078200304366688650e-01	-6.941270186975674605e-02
-2.580000000000000000e+02	1.136783774270289094e-01	-5.954806136939538169e-02
-2.570000000000000000e+02	1.186421676364292216e-01	-4.917835318702692277e-02
-2.560000000000000000e+02	1.226668459833609448e-01	-3.838420261404995593e-02
-2.550000000000000000e+02	1.257149030981772886e-01	-2.725021952858904320e-02
-2.540000000000000000e+02	1.277565198580926931e-01	-1.586445420490410763e-02
-2.530000000000000000e+02	1.287697904252524950e-01	-4.317908643466887054e-03
-2.520000000000000000e+02	1.287409707084708754e-01	7.296837734513329093e-03
-2.510000000000000000e+02	1.276646328616818649e-01	1.888589900378685391e-02
-2.500000000000000000e+02	1.255440811156842418e-01	3.035481230406880324e-02
-2.490000000000000000e+02	1.223909184335191386e-01	4.160954614617684566e-02
-2.480000000000000000e+02	1.182253153766805592e-01	5.255678410077853357e-02
-2.470000000000000000e+02	1.130766801952528544e-01	6.310532834319058926e-02
-2.460000000000000000e+02	1.069813539241569189e-01	7.316610067581195975e-02
-2.450000000000000000e+02	9.998391451182750411e-02	8.265313781773411805e-02
-2.440000000000000000e+02	9.213722343142252691e-02	9.148449461708664521e-02
-2.430000000000000000e+02	8.350116498167638179e-02	9.958346949310377394e-02
-2.420000000000000000e+02	7.414285572168038962e-02	1.068781651524581128e-01
-2.410000000000000000e+02	6.413573437858713366e-02	1.133020176892926556e-01
-2.400000000000000000e+02	5.356088728956700379e-02	1.187976674603935107e-01
-2.390000000000000000e+02	4.250362151229210295e-02	1.233140221623073157e-01
-2.380000000000000000e+02	3.105461033791658693e-02	1.268075773006941964e-01
-2.370000000000000000e+02	1.930880167039514955e-02	1.292436868955574025e-01
-2.360000000000000000e+02	7.363385192185896606e-03	1.305963421925240564e-01
-2.350000000000000000e+02	-4.681891214257186302e-03	1.308471052016816072e-01
-2.340000000000000000e+02	-1.672551206125519330e-02	1.299875173170178810e-01
-2.330000000000000000e+02	-2.866540682663634015e-02	1.280185213524053511e-01
-2.320000000000000000e+02	-4.039899649099093493e-02	1.249503841921554975e-01
-2.310000000000000000e+02	-5.182616520351068096e-02	1.208017931639811249e-01
-2.300000000000000000e+02	-6.284798041324086981e-02	1.155999254570249934e-01
-2.290000000000000000e+02	-7.336898185495061009e-02	1.093814264665411984e-01
-2.280000000000000000e+02	-8.329292296275662977e-02	1.021946929840771012e-01
-2.270000000000000000e+02	-9.252879153579759985e-02	9.409715708464107264e-02
-2.260000000000000000e+02	-1.009885181018474326e-01	8.515805879201199247e-02
-2.250000000000000000e+02	-1.085929332921024004e-01	7.545149977771446748e-02
-2.240000000000000000e+02	-1.152692782289123224e-01	6.506018918075127944e-02
-2.230000000000000000e+02	-1.209567782166579980e-01	5.406752019019601951e-02
-2.220000000000000000e+02	-1.256029972124864669e-01	4.256462569390721123e-02
-2.210000000000000000e+02	-1.291623262628752988e-01	3.064598284077542367e-02
-2.200000000000000000e+02	-1.315964635182281239e-01	1.841363830253288023e-02
-2.190000000000000000e+02	-1.328773804184602003e-01	5.974546030686109753e-03
-2.180000000000000000e+02	-1.329847119708561787e-01	-6.561078892984429159e-03
-2.170000000000000000e+02	-1.319097989914187197e-01	-1.908161071071018747e-02
-2.160000000000000000e+02	-1.296547392579149305e-01	-3.147600109365825127e-02
-2.150000000000000000e+02	-1.262321458255648565e-01	-4.363330765084073165e-02
-2.140000000000000000e+02	-1.216686295492088732e-01	-5.544437384844251582e-02
-2.130000000000000000e+02	-1.159930453522496352e-01	-6.679994387119435328e-02
-2.120000000000000000e+02	-1.092480478293404861e-01	-7.759236026587811030e-02
-2.110000000000000000e+02	-1.014860697508009335e-01	-8.771895684517411196e-02
-2.100000000000000000e+02	-9.276902730133027020e-02	-9.708140447604791945e-02
-2.090000000000000000e+02	-8.317048152699714481e-02	-1.055893863355483187e-01
-2.080000000000000000e+02	-7.277116613278951374e-02	-1.131578042486003910e-01
-2.070000000000000000e+02	-6.166383456357699133e-02	-1.197121968952842008e-01
-2.060000000000000000e+02	-4.994740675677349778e-02	-1.251861530833483782e-01
-2.050000000000000000e+02	-3.772662175570379306e-02	-1.295216050829800514e-01
-2.040000000000000000e+02	-2.511232821402334045e-02	-1.326709294066709399e-01
-2.030000000000000000e+02	-1.222029795932217007e-02	-1.345974136078760541e-01
-2.020000000000000000e+02	8.299939440508724217e-04	-1.352754597692044092e-01
-2.010000000000000000e+02	1.391492570558271712e-02	-1.346937046372320701e-01
-2.000000000000000000e+02	2.691107578835020067e-02	-1.328501500932779689e-01
-1.990000000000000000e+02	3.969567222219728270e-02	-1.297533639169256292e-01
-1.980000000000000000e+02	5.214808855542436838e-02	-1.254244883564888113e-01
-1.970000000000000000e+02	6.415087363239550811e-02	-1.198947508502439807e-01
-1.960000000000000000e+02	7.559039649122832605e-02	-1.132068737624743193e-01
-1.950000000000000000e+02	8.635606038142557006e-02	-1.054148492381383334e-01
-1.940000000000000000e+02	9.634225312088107174e-02	-9.658155144112874624e-02
-1.930000000000000000e+02	1.054460423637006844e-01	-8.678309743294525258e-02
-1.920000000000000000e+02	1.135709511129503746e-01	-7.610774594104448287e-02
-1.910000000000000000e+02	1.206297996483821772e-01	-6.465382172101345748e-02
-1.900000000000000000e+02	1.265447119950970367e-01	-5.252901096993779079e-02
-1.890000000000000000e+02	1.312489603242661951e-01	-3.984762147128462217e-02
-1.880000000000000000e+02	1.346879166891280510e-01	-2.673001513808648602e-02
-1.870000000000000000e+02	1.368179138882919532e-01	-1.330067811304216224e-02
-1.860000000000000000e+02	1.376117577720697982e-01	3.117980050919387644e-04
-1.850000000000000000e+02	1.370535580626358607e-01	1.397588371481067217e-02
-1.840000000000000000e+02	1.351384133758666006e-01	2.755781806252851490e-02
-1.830000000000000000e+02	1.318754524487646684e-01	4.092310410964045825e-02
-1.820000000000000000e+02	1.272877517250588786e-01	5.393740892971006506e-02
-1.810000000000000000e+02	1.214084922190903360e-01	6.646725286517898845e-02
-1.800000000000000000e+02	1.142855624082582816e-01	7.838276950918517116e-02
-1.790000000000000000e+02	1.059799210544141862e-01	8.955767817051508983e-02
-1.780000000000000000e+02	9.656780235648917965e-02	9.987357363609605798e-02
-1.770000000000000000e+02	8.613547179461224224e-02	1.092198122270493232e-01
-1.760000000000000000e+02	7.478070560072330730e-02	1.174936496575281347e-01
-1.750000000000000000e+02	6.261251936220943448e-02	1.246024355758444807e-01
-1.740000000000000000e+02	4.974959748092282891e-02	1.304641056429522994e-01
-1.730000000000000000e+02	3.631944463352063807e-02	1.350094958404927936e-01
-1.720000000000000000e+02	2.245467647451267895e-02	1.381822649156567162e-01
-1.710000000000000000e+02	8.294321291929168671e-03	1.399366050325546729e-01
-1.700000000000000000e+02	-6.017123296075001411e-03	1.402419778437526132e-01
-1.690000000000000000e+02	-2.033048158432997424e-02	1.390826566670483599e-01
-1.680000000000000000e+02	-3.449551889771169250e-02	1.364571466453418647e-01
-1.670000000000000000e+02	-4.836100124531759331e-02	1.323820389535347863e-01
-1.660000000000000000e+02	-6.177814688308938540e-02	1.268898583409590053e-01
-1.650000000000000000e+02	-7.460186799142595748e-02	1.200274638745129768e-01
-1.640000000000000000e+02	-8.669133291823906406e-02	1.118570122898773361e-01
-1.630000000000000000e+02	-9.791216422171156175e-02	1.024559001811005399e-01
-1.620000000000000000e+02	-1.081374671180829056e-01	9.191208234256774412e-02
-1.610000000000000000e+02	-1.172489046477700331e-01	8.032739562431073788e-02
-1.600000000000000000e+02	-1.251376316570358693e-01	6.781695313581495577e-02
-1.590000000000000000e+02	-1.317060941132157381e-01	5.450860921797279907e-02
-1.580000000000000000e+02	-1.368692875032228584e-01	4.054200015365848342e-02
-1.570000000000000000e+02	-1.405558014778373055e-01	2.606218811529375720e-02
-1.560000000000000000e+02	-1.427142874070250478e-01	1.122604746712818798e-02
-1.550000000000000000e+02	-1.433094666815930562e-01	-3.805213874067366660e-03
-1.540000000000000000e+02	-1.423231691275709254e-01	-1.886479300134367293e-02
-1.530000000000000000e+02	-1.397509276879665419e-01	-3.378679786411258046e-02
-1.520000000000000000e+02	-1.356067901836202905e-01	-4.840523637723621875e-02
-1.510000000000000000e+02	-1.299219353262113241e-01	-6.255562785651304358e-02
-1.500000000000000000e+02	-1.227454254965840291e-01	-7.607562799710068657e-02
-1.490000000000000000e+02	-1.141422010232672202e-01	-8.880600727379391046e-02
-1.480000000000000000e+02	-1.041967620001930106e-01	-1.005918870730330844e-01
-1.470000000000000000e+02	-9.300817219217467902e-02	-1.112890366859775604e-01
-1.460000000000000000e+02	-8.069431471342908280e-02	-1.207630633099262968e-01
-1.450000000000000000e+02	-6.738796051853949975e-02	-1.288946271784779385e-01
-1.440000000000000000e+02	-5.323489873329603078e-02	-1.355765898003861714e-01
-1.430000000000000000e+02	-3.839174925229301566e-02	-1.407179476053546097e-01
-1.420000000000000000e+02	-2.302398559694424085e-02	-1.442447180076478763e-01
-1.410000000000000000e+02	-7.306624496411769608e-03	-1.461002529702344621e-01
-1.400000000000000000e+02	8.580003438613851077e-03	-1.462467586300284228e-01
-1.390000000000000000e+02	2.445062785547367362e-02	-1.446645169622025606e-01
-1.380000000000000000e+02	4.011579931356839407e-02	-1.413477379968181014e-01
-1.370000000000000000e+02	5.538728097489105384e-02	-1.363236203755695541e-01
-1.360000000000000000e+02	7.007864696888412015e-02	-1.296346265534039366e-01
-1.350000000000000000e+02	8.400704104184252008e-02	-1.213438701831441036e-01
-1.340000000000000000e+02	9.699657821807679270e-02	-1.115346542417968156e-01
-1.330000000000000000e+02	1.088789978080937915e-01	-1.003123036034745952e-01
-1.320000000000000000e+02	1.194955727290430425e-01	-8.779691785569673779e-02
-1.310000000000000000e+02	1.287015157504116381e-01	-7.412906087009546452e-02
-1.300000000000000000e+02	1.363681834483820299e-01	-5.946500793625818931e-02
-1.290000000000000000e+02	1.423835756859084256e-01	-4.397592882026939154e-02
-1.280000000000000000e+02	1.466544719836533617e-01	-2.784520698404203617e-02
-1.270000000000000000e+02	1.491078137198151299e-01	-1.126726407489888129e-02
-1.260000000000000000e+02	1.496913691377962652e-01	5.554115743742950133e-03
-1.250000000000000000e+02	1.483769893062114598e-01	2.240785843204539871e-02
-1.240000000000000000e+02	1.451607773439104188e-01	3.907916944258952446e-02
-1.230000000000000000e+02	1.400628678025698515e-01	5.535364942238334141e-02
-1.220000000000000000e+02	1.331259818049992105e-01	7.101757259756390217e-02
-1.210000000000000000e+02	1.244190734278691063e-01	8.585950571899686468e-02
-1.200000000000000000e+02	1.140339268844515613e-01	9.967767255315478081e-02
-1.190000000000000000e+02	1.020853144990119116e-01	1.122793492292663425e-01
-1.180000000000000000e+02	8.871152945647581278e-02	1.234841536618582064e-01
-1.170000000000000000e+02	7.407195671909515278e-02	1.331281173585605604e-01
-1.160000000000000000e+02	5.834764066734923760e-02	1.410622020862713488e-01
-1.150000000000000000e+02	4.173362395212472375e-02	1.471578424208713487e-01
-1.140000000000000000e+02	2.444281002771797606e-02	1.513107088485149132e-01
-1.130000000000000000e+02	6.700816588945821863e-03	1.534408388302833937e-01
-1.120000000000000000e+02	-1.125642175912718729e-02	1.534941423782562320e-01
-1.110000000000000000e+02	-2.918604863371178360e-02	1.514424704880218964e-01
-1.100000000000000000e+02	-4.684076454548083412e-02	1.472865797168934343e-01
-1.090000000000000000e+02	-6.397241933590346041e-02	1.410566637283040548e-01
-1.080000000000000000e+02	-8.033526255566308949e-02	1.328121253074798502e-01
-1.070000000000000000e+02	-9.569002521961730845e-02	1.226414584312443545e-01
-1.060000000000000000e+02	-1.098065238498071167e-01	1.106615561098524408e-01
-1.050000000000000000e+02	-1.224670264037539535e-01	9.701773252368055267e-02
-1.040000000000000000e+02	-1.334701863904425023e-01	8.188190130362674179e-02
-1.030000000000000000e+02	-1.426338353584605256e-01	6.545074672773652791e-02
-1.020000000000000000e+02	-1.497998751973678710e-01	4.794451575222866829e-02
-1.010000000000000000e+02	-1.548355607410056012e-01	2.960297569394063771e-02
-1.000000000000000000e+02	-1.576364550700390665e-01	1.068316168363842369e-02
-9.900000000000000000e+01	-1.581287996676160601e-01	-8.543964532581884222e-03
-9.800000000000000000e+01	-1.562714314441741581e-01	-2.779698908528439177e-02
-9.700000000000000000e+01	-1.520573244600321727e-01	-4.678832620965821948e-02
-9.600000000000000000e+01	-1.455145018555753234e-01	-6.522826928226355125e-02
-9.500000000000000000e+01	-1.367066774118233519e-01	-8.282880495967821777e-02
-9.400000000000000000e+01	-1.257333224639285985e-01	-9.930809111804828060e-02
-9.300000000000000000e+01	-1.127296556633282654e-01	-1.143952441815065529e-01
-9.200000000000000000e+01	-9.786512960581043863e-02	-1.278344960190133106e-01
-9.100000000000000000e+01	-8.134201334495569369e-02	-1.393897315216431620e-01
-9.000000000000000000e+01	-6.339330831515840869e-02	-1.488486557586066739e-01
-8.900000000000000000e+01	-4.428017551246173078e-02	-1.560269138155246649e-01
-8.800000000000000000e+01	-2.428869399717869734e-02	-1.607722702491202471e-01
-8.700000000000000000e+01	-3.725732965382841638e-03	-1.629676171964410392e-01
-8.600000000000000000e+01	1.708490987484924395e-02	-1.625340588000535325e-01
-8.500000000000000000e+01	3.780726903542620809e-02	-1.594334953725017878e-01
-8.400000000000000000e+01	5.809824173676710751e-02	-1.536706311447221529e-01
-8.300000000000000000e+01	7.761306391700568963e-02	-1.452943419026995753e-01
-8.200000000000000000e+01	9.601101291579508534e-02	-1.343983288054954872e-01
-8.100000000000000000e+01	1.129610551874229984e-01	-1.211212082977593946e-01
-8.000000000000000000e+01	1.281476005313138267e-01	-1.056460840506232290e-01
-7.900000000000000000e+01	1.412774892097501678e-01	-8.819789237507014157e-02
-7.800000000000000000e+01	1.520849894796513224e-01	-6.904217946225994773e-02
-7.700000000000000000e+01	1.603389488962775056e-01	-4.848185601822142116e-02
-7.600000000000000000e+01	1.658432804274281580e-01	-2.685146897649528380e-02
-7.500000000000000000e+01	1.684463899639412343e-01	-4.515500519878994437e-03
-7.400000000000000000e+01	1.680443495406893084e-01	1.813949330474095081e-02
-7.300000000000000000e+01	1.645841435152944343e-01	4.070988975724421782e-02
-7.200000000000000000e+01	1.580667481849356570e-01	6.278127111159891027e-02
-7.100000000000000000e+01	1.485496965042501782e-01	8.393520780308168228e-02
-7.000000000000000000e+01	1.361476614274211017e-01	1.037585167959574339e-01
-6.900000000000000000e+01	1.210323545687487096e-01	1.218505181634993995e-01
-6.800000000000000000e+01	1.034323594128199741e-01	1.378300237487713742e-01
-6.700000000000000000e+01	8.363119177825972805e-02	1.513442116026906259e-01
-6.600000000000000000e+01	6.196362963886963005e-02	1.620756522689172363e-01
-6.500000000000000000e+01	3.881226453962991624e-02	1.697509726758126281e-01
-6.400000000000000000e+01	1.460184703092876936e-02	1.741479212186054504e-01
-6.300000000000000000e+01	-1.020724636027620959e-02	1.751020946957604352e-01
-6.200000000000000000e+01	-3.512620517364851286e-02	1.725108046502260573e-01
-6.100000000000000000e+01	-5.964573694648052371e-02	1.663443119462367503e-01
-6.000000000000000000e+01	-8.324540583614950529e-02	1.566463973738678739e-01
-5.900000000000000000e+01	-1.054164674230034654e-01	1.435303124833621491e-01
-5.800000000000000000e+01	-1.256544690631037076e-01	1.271860313901461426e-01
-5.700000000000000000e+01	-1.434764688782947106e-01	1.078789303182266790e-01
-5.600000000000000000e+01	-1.584323253374194107e-01	8.594817850422387107e-02
-5.500000000000000000e+01	-1.701160839294142413e-01	6.180346653329158585e-02
-5.400000000000000000e+01	-1.781772274021698466e-01	3.591999184697590441e-02
-5.300000000000000000e+01	-1.823315322349625678e-01	8.831650608569049238e-03
-5.200000000000000000e+01	-1.823712530089324213e-01	-1.887757999441853560e-02
-5.100000000000000000e+01	-1.781743391962608558e-01	-4.658404460016656728e-02
-5.000000000000000000e+01	-1.697123767515048010e-01	-7.363652768280924688e-02
-4.900000000000000000e+01	-1.570569409731693566e-01	-9.936996628572357382e-02
-4.800000000000000000e+01	-1.403841894451101358e-01	-1.231207058215006978e-01
-4.700000000000000000e+01	-1.199895513626564325e-01	-1.442309549994287843e-01
-4.600000000000000000e+01	-9.625457628389115505e-02	-1.621019251389693994e-01
-4.500000000000000000e+01	-6.966194974685503694e-02	-1.761820064112052664e-01
-4.400000000000000000e+01	-4.079776433881631553e-02	-1.859813213966459711e-01
-4.300000000000000000e+01	-1.033680420963570268e-02	-1.910961353631286108e-01
-4.200000000000000000e+01	2.096895942151653577e-02	-1.912254169656973646e-01
-4.100000000000000000e+01	5.229198253885466302e-02	-1.861898242579815566e-01
-4.000000000000000000e+01	8.277867144909543951e-02	-1.759425850479785225e-01
-3.900000000000000000e+01	1.115597228364681170e-01	-1.605711281709057414e-01
-3.800000000000000000e+01	1.377531354253538065e-01	-1.403127551335054679e-01
-3.700000000000000000e+01	1.604990071013936148e-01	-1.155587366256123627e-01
-3.600000000000000000e+01	1.789863008633521546e-01	-8.685561095128151166e-02
-3.500000000000000000e+01	1.924810928042459401e-01	-5.490199377448282125e-02
-3.400000000000000000e+01	2.003536772560836343e-01	-2.055929641677328029e-02
-3.300000000000000000e+01	2.021216512832446355e-01	1.519881886749322765e-02
-3.200000000000000000e+01	1.974596008864083208e-01	5.131859996535172164e-02
-3.100000000000000000e+01	1.862204608665841699e-01	8.663897003891682380e-02
-3.000000000000000000e+01	1.684649673958362182e-01	1.199421844795818121e-01
-2.900000000000000000e+01	1.444805411838768205e-01	1.499896565182187724e-01
-2.800000000000000000e+01	1.147945695996652332e-01	1.755633428160615905e-01
-2.700000000000000000e+01	8.017176913101829727e-02	1.955157757986299427e-01
-2.600000000000000000e+01	4.164575176562659853e-02	2.088076263931302190e-01
-2.500000000000000000e+01	4.799061127972251151e-04	2.145772458361099866e-01
-2.400000000000000000e+01	-4.188717838561630685e-02	2.121917876227808475e-01
-2.300000000000000000e+01	-8.384570317414791196e-02	2.012821386917114930e-01
-2.200000000000000000e+01	-1.236577068057491680e-01	1.817893417004208534e-01
-2.100000000000000000e+01	-1.595244515375411343e-01	1.539999738037721166e-01
-2.000000000000000000e+01	-1.896209577623152731e-01	1.186078117856324138e-01
-1.900000000000000000e+01	-2.122008487981177083e-01	7.671616991737559288e-02
-1.800000000000000000e+01	-2.257118878043685994e-01	2.983319324902199490e-02
-1.700000000000000000e+01	-2.288720819040165055e-01	-2.013147896874958875e-02
-1.600000000000000000e+01	-2.207778522624082862e-01	-7.090177543477382827e-02
-1.500000000000000000e+01	-2.010242655480009855e-01	-1.198999477534738178e-01
-1.400000000000000000e+01	-1.697771602740954233e-01	-1.643391666475648993e-01
-1.300000000000000000e+01	-1.278785530937027459e-01	-2.013638145505569910e-01
-1.200000000000000000e+01	-7.692989480239037503e-02	-2.282033938107429216e-01
-1.100000000000000000e+01	-1.928990066912892112e-02	-2.423537131253915289e-01
-1.000000000000000000e+01	4.192136771678255103e-02	-2.418048958514423530e-01
-9.000000000000000000e+00	1.029026718468164514e-01	-2.253030579135553157e-01
-8.000000000000000000e+00	1.593268978999560492e-01	-1.925632915549484736e-01
-7.000000000000000000e+00	2.065676428633637374e-01	-1.444993545335682694e-01
-6.000000000000000000e+00	2.400632730715681340e-01	-8.343961579138081675e-02
-5.000000000000000000e+00	2.557146161116803373e-01	-1.318385567210723919e-02
-4.000000000000000000e+00	2.504314106239554083e-01	6.101154993865168935e-02
-3.000000000000000000e+00	2.226647993357609157e-01	1.326650274306402644e-01
-2.000000000000000000e+00	1.729536011210707491e-01	1.944984688400530348e-01
-1.000000000000000000e+00	1.043871001408847449e-01	2.391489528635292461e-01
0.000000000000000000e+00	2.276939551347816060e-02	2.600713789378295560e-01
1.000000000000000000e+00	-6.350715914703719545e-02	2.527031480058390955e-01
2.000000000000000000e+00	-1.441117074515427532e-01	2.155794070801262396e-01
3.000000000000000000e+00	-2.080189025191424568e-01	1.512657851102994500e-01
4.000000000000000000e+00	-2.451924892129319078e-01	6.684220582102987085e-02
5.000000000000000000e+00	-2.486201618443272809e-01	-2.649975287921746761e-02
6.000000000000000000e+00	-2.162364710345627272e-01	-1.148149062410034477e-01
7.000000000000000000e+00	-1.520881366324022821e-01	-1.837310563759428639e-01
8.000000000000000000e+00	-6.637960481344713781e-02	-2.214047854161893814e-01
9.000000000000000000e+00	2.606973090873230398e-02	-2.212480056006784768e-01
1.000000000000000000e+01	1.086430435331087463e-01	-1.838371947199220202e-01
1.100000000000000000e+01	1.664903202735514565e-01	-1.171648043738176409e-01
1.200000000000000000e+01	1.898811267552848181e-01	-3.507266093590846734e-02
1.300000000000000000e+01	1.764150788276807325e-01	4.581338496033637159e-02
1.400000000000000000e+01	1.314173203734727291e-01	1.098651106923570347e-01
1.500000000000000000e+01	6.646259094355125296e-02	1.459295710484777298e-01
1.600000000000000000e+01	-3.590658114175171965e-03	1.495592398022471958e-01
1.700000000000000000e+01	-6.414490130603341111e-02	1.234970385998561404e-01
1.800000000000000000e+01	-1.040722436689954927e-01	7.644357597075092381e-02
1.900000000000000000e+01	-1.177822614105898807e-01	2.052245337523255289e-02
2.000000000000000000e+01	-1.058599336647705613e-01	-3.168232872516355686e-02
2.100000000000000000e+01	-7.421469671525400547e-02	-6.995284029530277059e-02
2.200000000000000000e+01	-3.211138198782478165e-02	-8.834840343617191005e-02
2.300000000000000000e+01	1.025466695216133498e-02	-8.592428246486920329e-02
2.400000000000000000e+01	4.408292118162299156e-02	-6.623553072474704095e-02
2.500000000000000000e+01	6.363781012074209986e-02	-3.594220814523204494e-02
2.600000000000000000e+01	6.701703525354694990e-02	-2.935262788866663079e-03
2.700000000000000000e+01	5.598628895271097472e-02	2.551255703737085809e-02
2.800000000000000000e+01	3.505149145355789669e-02	4.418110511358743636e-02
2.900000000000000000e+01	1.010247707275723113e-02	5.068500253402817568e-02
3.000000000000000000e+01	-1.303016160304420155e-02	4.556094796597252167e-02
3.100000000000000000e+01	-2.979276617200062038e-02	3.168288152849538936e-02
3.200000000000000000e+01	-3.766193298233379977e-02	1.331245149913172499e-02
3.300000000000000000e+01	-3.636410709346661607e-02	-5.002689726644064631e-03
3.400000000000000000e+01	-2.759488219371840009e-02	-1.941649808900167834e-02
3.500000000000000000e+01	-1.436860434211206794e-02	-2.749049928963601813e-02
3.600000000000000000e+01	-1.829893317945866166e-04	-2.850310209400232914e-02
3.700000000000000000e+01	1.180253100810700270e-02	-2.334953332819801955e-02
3.800000000000000000e+01	1.939417333124221487e-02	-1.409761902581788129e-02
3.900000000000000000e+01	2.166544569988447522e-02	-3.358841746739737750e-03
4.000000000000000000e+01	1.899629869679458904e-02	6.340843742199993825e-03
4.100000000000000000e+01	1.273310003683762390e-02	1.310724359196436227e-02
4.200000000000000000e+01	4.787180653707365403e-03	1.596599652602462630e-02
4.300000000000000000e+01	-2.875842215258138119e-03	1.495598376872028443e-02
4.400000000000000000e+01	-8.676868826665507656e-03	1.090033133967581100e-02
4.500000000000000000e+01	-1.167612516873287910e-02	5.159399828749349805e-03
4.600000000000000000e+01	-1.170505124047246763e-02	-7.622086565803742756e-04
4.700000000000000000e+01	-9.241031242402707527e-03	-5.584072395437909668e-03
4.800000000000000000e+01	-5.213590752643749993e-03	-8.467039541338908584e-03
4.900000000000000000e+01	-7.286241906903227804e-04	-9.117963997103408283e-03
5.000000000000000000e+01	3.192679423235969191e-03	-7.771463078303839263e-03
5.100000000000000000e+01	5.819771503016084140e-03	-5.029857116413519007e-03
5.200000000000000000e+01	6.806637807641936766e-03	-1.692926344468819767e-03
5.300000000000000000e+01	6.207666761710644784e-03	1.440415363023699871e-03
5.400000000000000000e+01	4.402098697586303080e-03	3.742018488250953723e-03
5.500000000000000000e+01	1.964023987066517568e-03	4.861162464407592712e-03
5.600000000000000000e+01	-4.935009887110863250e-04	4.745579562693120167e-03
5.700000000000000000e+01	-2.445339500308770040e-03	3.618781313659578079e-03
5.800000000000000000e+01	-3.560986577127230480e-03	1.880980389302099650e-03
5.900000000000000000e+01	-3.733186727665477669e-03	-3.854967643500471093e-06
6.000000000000000000e+01	-3.078033670440512987e-03	-1.609151535155855248e-03
6.100000000000000000e+01	-1.869673141353818272e-03	-2.640463730284260159e-03
6.200000000000000000e+01	-4.520012199568318261e-04	-2.972518420010700213e-03
6.300000000000000000e+01	8.414602213629588170e-04	-2.640571446197880704e-03
6.400000000000000000e+01	1.755285475777380042e-03	-1.827404976438463859e-03
6.500000000000000000e+01	2.152282887689148903e-03	-7.782391893848449515e-04
6.600000000000000000e+01	2.035433233639208795e-03	2.416907418832340160e-04
6.700000000000000000e+01	1.512442745750327069e-03	1.022972944354277967e-03
6.800000000000000000e+01	7.585109716847165213e-04	1.439761020391295545e-03
6.900000000000000000e+01	-3.050321391457453979e-05	1.459491212981350048e-03
7.000000000000000000e+01	-6.806523041950609740e-04	1.146325017113449885e-03
7.100000000000000000e+01	-1.076020802592964976e-03	6.174736681028256688e-04
7.200000000000000000e+01	-1.175543439991229245e-03	2.254778891850288194e-05
7.300000000000000000e+01	-1.007553312323797258e-03	-5.028613464803785224e-04
7.400000000000000000e+01	-6.477851725694217574e-04	-8.572527265221781094e-04
7.500000000000000000e+01	-2.067895355568724245e-04	-9.951341145377984657e-04
7.600000000000000000e+01	2.109141707305729426e-04	-9.261093316424960642e-04
7.700000000000000000e+01	5.178739307723347150e-04	-6.857685918924931456e-04
7.800000000000000000e+01	6.689174267163988620e-04	-3.633691133199444079e-04
7.900000000000000000e+01	6.601019837672315914e-04	-3.746620221297960681e-05
8.000000000000000000e+01	5.111444991137331422e-04	2.234571636249948589e-04
8.100000000000000000e+01	2.826954024170023525e-04	3.746551454641492947e-04
8.200000000000000000e+01	3.368412558931020327e-05	4.066128249942630520e-04
8.300000000000000000e+01	-1.830695988534236424e-04	3.243721877826394990e-04
8.400000000000000000e+01	-3.241906114797830116e-04	1.665432017182466335e-04
8.500000000000000000e+01	-3.730345736087504571e-04	-2.020422767869409296e-05
8.600000000000000000e+01	-3.325996443128836368e-04	-1.909317469012348763e-04
8.700000000000000000e+01	-2.303080757736210521e-04	-3.144094356075825348e-04
8.800000000000000000e+01	-9.400256327241761258e-05	-3.694016167841302216e-04
8.900000000000000000e+01	4.021174415344313575e-05	-3.568425696832927367e-04
9.000000000000000000e+01	1.448000489505763357e-04	-2.903253503458122801e-04
9.100000000000000000e+01	2.012431271113024789e-04	-1.906564793058952787e-04
9.200000000000000000e+01	2.063946701990846408e-04	-8.596018722431711487e-05
9.300000000000000000e+01	1.654274604012473458e-04	2.154885692056030050e-06
9.400000000000000000e+01	9.804939272012049803e-05	5.801564479999647011e-05
9.500000000000000000e+01	1.875266132609474968e-05	7.676304222285253035e-05
9.600000000000000000e+01	-5.396862344815667547e-05	5.608629115967790179e-05
9.700000000000000000e+01	-1.031597170263010108e-04	1.042182368144755584e-05
9.800000000000000000e+01	-1.254609665220120370e-04	-4.690973684995628255e-05
9.900000000000000000e+01	-1.186448469878102757e-04	-1.022961729974761240e-04
1.000000000000000000e+02	-8.985110048363638977e-05	-1.443384344434782212e-04
1.010000000000000000e+02	-4.850206661119735644e-05	-1.655732033621028958e-04
1.020000000000000000e+02	-5.788111339786560995e-06	-1.648913173861399296e-04
1.030000000000000000e+02	2.886063453353445839e-05	-1.456411383109075237e-04
1.040000000000000000e+02	4.912001412150907411e-05	-1.151020350116449336e-04
1.050000000000000000e+02	5.286899536904765860e-05	-8.140069962183924869e-05
1.060000000000000000e+02	4.175408352544601368e-05	-5.168515289698265611e-05
1.070000000000000000e+02	2.035015312864479092e-05	-3.109593822672592444e-05
