# # Time 	 h_plus 	 h_cross 
# 
-4.090000000000000000e+02	1.441458211606277684e-01	-5.710974977032336891e-02
-4.080000000000000000e+02	1.479039408921022647e-01	-4.649771603772584472e-02
-4.070000000000000000e+02	1.508838880008571970e-01	-3.563157343500176349e-02
-4.060000000000000000e+02	1.530689596809545194e-01	-2.456783767474918917e-02
-4.050000000000000000e+02	1.544458474971656115e-01	-1.336411807418873970e-02
-4.040000000000000000e+02	1.550046005601095345e-01	-2.079198265517103079e-03
-4.030000000000000000e+02	1.547402822948256151e-01	9.226220804851364629e-03
-4.020000000000000000e+02	1.536531937334166820e-01	2.049249025198366173e-02
-4.010000000000000000e+02	1.517462455296709756e-01	3.165997990701720916e-02
-4.000000000000000000e+02	1.490272730036047988e-01	4.266930563510155927e-02
-3.990000000000000000e+02	1.455081244231473669e-01	5.346192807318149443e-02
-3.980000000000000000e+02	1.412050547404073708e-01	6.397945756368515757e-02
-3.970000000000000000e+02	1.361394960171739554e-01	7.416448139734665990e-02
-3.960000000000000000e+02	1.303368917364945423e-01	8.396103745241247085e-02
-3.950000000000000000e+02	1.238264695322188330e-01	9.331641117411966502e-02
-3.940000000000000000e+02	1.166406652038316782e-01	1.021796996265844082e-01
-3.930000000000000000e+02	1.088150127785052074e-01	1.105017261160386316e-01
-3.920000000000000000e+02	1.003889348461143721e-01	1.182361247559237799e-01
-3.910000000000000000e+02	9.140544065498529269e-02	1.253386567349027425e-01
-3.900000000000000000e+02	8.191160772778169341e-02	1.317685494642064359e-01
-3.890000000000000000e+02	7.195785955334081663e-02	1.374884466956363127e-01
-3.880000000000000000e+02	6.159664754194289077e-02	1.424650975795632712e-01
-3.870000000000000000e+02	5.088207516791323076e-02	1.466693886785288836e-01
-3.860000000000000000e+02	3.987140119718040471e-02	1.500749667551226907e-01
-3.850000000000000000e+02	2.862369533693393669e-02	1.526600962995092459e-01
-3.840000000000000000e+02	1.719956613580160554e-02	1.544073819160187155e-01
-3.830000000000000000e+02	5.661029126431778823e-03	1.553038393281781504e-01
-3.820000000000000000e+02	-5.928890818074127565e-03	1.553411369188798519e-01
-3.810000000000000000e+02	-1.750661380587990867e-02	1.545155191350298385e-01
-3.800000000000000000e+02	-2.900826455350274946e-02	1.528280860442037259e-01
-3.790000000000000000e+02	-4.036946238717398910e-02	1.502842799932685991e-01
-3.780000000000000000e+02	-5.152565204227619461e-02	1.468945830548945009e-01
-3.770000000000000000e+02	-6.241367693476923550e-02	1.426740554952126150e-01
-3.760000000000000000e+02	-7.297401434760779348e-02	1.376415114888797364e-01
-3.750000000000000000e+02	-8.314316865011757429e-02	1.318231832375678092e-01
-3.740000000000000000e+02	-9.286363387760582233e-02	1.252477828052134534e-01
-3.730000000000000000e+02	-1.020780505381942704e-01	1.179486356732616925e-01
-3.720000000000000000e+02	-1.107311692298845879e-01	1.099634977242407163e-01
-3.710000000000000000e+02	-1.187720352507496274e-01	1.013352277407223723e-01
-3.700000000000000000e+02	-1.261521359104510742e-01	9.210997087884577328e-02
-3.690000000000000000e+02	-1.328261340118359612e-01	8.233634984405199808e-02
-3.680000000000000000e+02	-1.387526007518741500e-01	7.207031810158645579e-02
-3.670000000000000000e+02	-1.438964708039477125e-01	6.136749913344528851e-02
-3.660000000000000000e+02	-1.482218035583243998e-01	5.028550505980972779e-02
-3.650000000000000000e+02	-1.516984934042857336e-01	3.888559102662427630e-02
-3.640000000000000000e+02	-1.543018997691907312e-01	2.723300583258608104e-02
-3.630000000000000000e+02	-1.560132641961959332e-01	1.539564169627938989e-02
-3.620000000000000000e+02	-1.568187061334016252e-01	3.441633175579829687e-03
-3.610000000000000000e+02	-1.567097469065376891e-01	-8.559904789069658695e-03
-3.600000000000000000e+02	-1.556826217735397255e-01	-2.053855431099681564e-02
-3.590000000000000000e+02	-1.537392674494959255e-01	-3.242432483604550802e-02
-3.580000000000000000e+02	-1.508866726976856310e-01	-4.414742689245820112e-02
-3.570000000000000000e+02	-1.471365118859878640e-01	-5.563741554074055212e-02
-3.560000000000000000e+02	-1.425063441435958089e-01	-6.682434562759083374e-02
-3.550000000000000000e+02	-1.370200507837936177e-01	-7.764088892881629289e-02
-3.540000000000000000e+02	-1.307065615758689348e-01	-8.802130425386803236e-02
-3.530000000000000000e+02	-1.235992197628894007e-01	-9.790182627323470999e-02
-3.520000000000000000e+02	-1.157354672830300107e-01	-1.072207024401395092e-01
-3.510000000000000000e+02	-1.071601645677657255e-01	-1.159182382661906596e-01
-3.500000000000000000e+02	-9.792250513373568221e-02	-1.239391265068668369e-01
-3.490000000000000000e+02	-8.807576431718774912e-02	-1.312323295587799754e-01
-3.480000000000000000e+02	-7.767636294425533938e-02	-1.377509883231792798e-01
-3.470000000000000000e+02	-6.678441465880799455e-02	-1.434523346927684684e-01
-3.460000000000000000e+02	-5.546342446906871171e-02	-1.482983161125266125e-01
-3.450000000000000000e+02	-4.377991696964560198e-02	-1.522557879983334750e-01
-3.440000000000000000e+02	-3.180449311407188007e-02	-1.552963960607725014e-01
-3.430000000000000000e+02	-1.960942487305632545e-02	-1.573976401579421924e-01
-3.420000000000000000e+02	-7.268645999578351308e-03	-1.585419603030503166e-01
-3.410000000000000000e+02	5.142235707973429222e-03	-1.587192701112523641e-01
-3.400000000000000000e+02	1.754762409717408947e-02	-1.579251531695529398e-01
-3.390000000000000000e+02	2.987160825244806334e-02	-1.561608898889431940e-01
-3.380000000000000000e+02	4.203849446519418442e-02	-1.534336446292032530e-01
-3.370000000000000000e+02	5.397254167404846870e-02	-1.497571681209803884e-01
-3.360000000000000000e+02	6.559951448143022668e-02	-1.451506270298657530e-01
-3.350000000000000000e+02	7.684645365466911959e-02	-1.396380639228403941e-01
-3.340000000000000000e+02	8.764214260828721847e-02	-1.332500950859415445e-01
-3.330000000000000000e+02	9.791794968555007916e-02	-1.260228858553684439e-01
-3.320000000000000000e+02	1.076084464327385637e-01	-1.179974086900392183e-01
-3.310000000000000000e+02	1.166510344048038161e-01	-1.092209075094576765e-01
-3.300000000000000000e+02	1.249866147353853457e-01	-9.974571889457317653e-02
-3.290000000000000000e+02	1.325604746183794147e-01	-8.962846758910199274e-02
-3.280000000000000000e+02	1.393226720989178824e-01	-7.893033985972459921e-02
-3.270000000000000000e+02	1.452282467338949778e-01	-6.771612761727804908e-02
-3.260000000000000000e+02	1.502373979204829624e-01	-5.605413440359419130e-02
-3.250000000000000000e+02	1.543157213939243544e-01	-4.401590716269294240e-02
-3.240000000000000000e+02	1.574343264977055845e-01	-3.167561086822272970e-02
-3.230000000000000000e+02	1.595707087512573397e-01	-1.910988773773980576e-02
-3.220000000000000000e+02	1.607084430075139403e-01	-6.396590897960869465e-03
-3.210000000000000000e+02	1.608371851555251697e-01	6.385015824968990651e-03
-3.200000000000000000e+02	1.599532189587737907e-01	1.915488163665531735e-02
-3.190000000000000000e+02	1.580582506907348972e-01	3.183372922849018322e-02
-3.180000000000000000e+02	1.551603289754620585e-01	4.434215153387117275e-02
-3.170000000000000000e+02	1.512738830643938770e-01	5.660114325526684198e-02
-3.160000000000000000e+02	1.464198260337046531e-01	6.853224625843154505e-02
-3.150000000000000000e+02	1.406247743860023491e-01	8.005884469475059440e-02
-3.140000000000000000e+02	1.339216748009988966e-01	9.110646232956989832e-02
-3.130000000000000000e+02	1.263500277743678513e-01	1.016032460704522494e-01
-3.120000000000000000e+02	1.179537864941372638e-01	1.114805833860599699e-01
-3.110000000000000000e+02	1.087826369320716718e-01	1.206734210043740735e-01
-3.100000000000000000e+02	9.889140543121283100e-02	1.291206398277779943e-01
-3.090000000000000000e+02	8.833981641886447245e-02	1.367653880616318263e-01
-3.080000000000000000e+02	7.719205270961793097e-02	1.435551262770413394e-01
-3.070000000000000000e+02	6.551736138311273216e-02	1.494432597049935030e-01
-3.060000000000000000e+02	5.338832412016279727e-02	1.543892502245157172e-01
-3.050000000000000000e+02	4.087936374523327976e-02	1.583578318307957145e-01
-3.040000000000000000e+02	2.806887266000962153e-02	1.613188331850986812e-01
-3.030000000000000000e+02	1.503861104329401975e-02	1.632483977857455137e-01
-3.020000000000000000e+02	1.870839919569279022e-03	1.641296351023739664e-01
-3.010000000000000000e+02	-1.135071348182294625e-02	1.639520651859697475e-01
-3.000000000000000000e+02	-2.454140747743820475e-02	1.627118282407263306e-01
-2.990000000000000000e+02	-3.761645801213685941e-02	1.604117442628406331e-01
-2.980000000000000000e+02	-5.049166554836272830e-02	1.570613219251795478e-01
-2.970000000000000000e+02	-6.308263887893955646e-02	1.526762522711111181e-01
-2.960000000000000000e+02	-7.530559845401785246e-02	1.472794575835868203e-01
-2.950000000000000000e+02	-8.707872462565878491e-02	1.409009708246624915e-01
-2.940000000000000000e+02	-9.832316605802787768e-02	1.335772248304738785e-01
-2.930000000000000000e+02	-1.089636513605979212e-01	1.253512293767754804e-01
-2.920000000000000000e+02	-1.189274174419680391e-01	1.162709926747507866e-01
-2.910000000000000000e+02	-1.281447077464595297e-01	1.063901531248190591e-01
-2.900000000000000000e+02	-1.365501261037043168e-01	9.576852768539412253e-02
-2.890000000000000000e+02	-1.440826716009213915e-01	8.447089893548083428e-02
-2.880000000000000000e+02	-1.506867709069485972e-01	7.256891456949082775e-02
-2.870000000000000000e+02	-1.563126649153926406e-01	6.013847619173143949e-02
-2.860000000000000000e+02	-1.609167700219516495e-01	4.725917070562286881e-02
-2.850000000000000000e+02	-1.644619379390738212e-01	3.401456687135749613e-02
-2.840000000000000000e+02	-1.669176269113615829e-01	2.049148701648443108e-02
-2.830000000000000000e+02	-1.682604235455971431e-01	6.779525145956751681e-03
-2.820000000000000000e+02	-1.684749158765173060e-01	-7.029701834682457878e-03
-2.810000000000000000e+02	-1.675529368396520835e-01	-2.084343155944530165e-02
-2.800000000000000000e+02	-1.654938953105778987e-01	-3.456809470394787281e-02
-2.790000000000000000e+02	-1.623048427873445554e-01	-4.811025640201144205e-02
-2.780000000000000000e+02	-1.580006442844380521e-01	-6.137636771595810642e-02
-2.770000000000000000e+02	-1.526038636853852271e-01	-7.427416042366868920e-02
-2.760000000000000000e+02	-1.461444508980115353e-01	-8.671384672347594302e-02
-2.750000000000000000e+02	-1.386600739407515825e-01	-9.860714443696960707e-02
-2.740000000000000000e+02	-1.301948668977427337e-01	-1.098677763157456799e-01
-2.730000000000000000e+02	-1.208005857836453451e-01	-1.204137394642948722e-01
-2.720000000000000000e+02	-1.105360955023659275e-01	-1.301669871190377636e-01
-2.710000000000000000e+02	-9.946673364897458403e-02	-1.390544361109490312e-01
-2.700000000000000000e+02	-8.766416575192589877e-02	-1.470078433419396702e-01
-2.690000000000000000e+02	-7.520700543972361207e-02	-1.539641619722562360e-01
-2.680000000000000000e+02	-6.217946772281648243e-02	-1.598664117474520308e-01
-2.670000000000000000e+02	-4.867197017402755121e-02	-1.646662962523969820e-01
-2.660000000000000000e+02	-3.477812046384921862e-02	-1.683234460549058453e-01
-2.650000000000000000e+02	-2.059346437612545599e-02	-1.708058438815792668e-01
-2.640000000000000000e+02	-6.217217662129934791e-03	-1.720881714836508258e-01
-2.630000000000000000e+02	8.248352940180130391e-03	-1.721538592060267714e-01
-2.620000000000000000e+02	2.269955162527307474e-02	-1.709947748107876475e-01
-2.610000000000000000e+02	3.703171750276463420e-02	-1.686121287814344172e-01
-2.600000000000000000e+02	5.114032890206424847e-02	-1.650168626409446448e-01
-2.590000000000000000e+02	6.492184803145517602e-02	-1.602284376038566049e-01
-2.580000000000000000e+02	7.827468660263435518e-02	-1.542758260036530826e-01
-2.570000000000000000e+02	9.109919822348837293e-02	-1.471953068821537369e-01
-2.560000000000000000e+02	1.032985449155818802e-01	-1.390323809609974037e-01
-2.550000000000000000e+02	1.147793339416634251e-01	-1.298414159458896877e-01
-2.540000000000000000e+02	1.254529069256672957e-01	-1.196846087448160817e-01
-2.530000000000000000e+02	1.352361428603843785e-01	-1.086317232011816958e-01
-2.520000000000000000e+02	1.440531888489874346e-01	-9.676161466799826361e-02
-2.510000000000000000e+02	1.518345909780241809e-01	-8.415861553936268558e-02
-2.500000000000000000e+02	1.585183755549134377e-01	-7.091230699350269118e-02
-2.490000000000000000e+02	1.640502060471732138e-01	-5.711778211289208346e-02
-2.480000000000000000e+02	1.683839086328504098e-01	-4.287485701240088126e-02
-2.470000000000000000e+02	1.714815048343471260e-01	-2.828737770639872320e-02
-2.460000000000000000e+02	1.733141039211773538e-01	-1.346286027315713590e-02
-2.450000000000000000e+02	1.738621935439995658e-01	1.489426707634948109e-03
-2.440000000000000000e+02	1.731155091895753562e-01	1.645844212093706960e-02
-2.430000000000000000e+02	1.710736673058307622e-01	3.133152139168330491e-02
-2.420000000000000000e+02	1.677459330175015140e-01	4.599650621201670231e-02
-2.410000000000000000e+02	1.631508479874813622e-01	6.034099761761368280e-02
-2.400000000000000000e+02	1.573174981344651890e-01	7.425408896531446312e-02
-2.390000000000000000e+02	1.502859625345161487e-01	8.762787053545041671e-02
-2.380000000000000000e+02	1.421051995719830596e-01	1.003579380612994593e-01
-2.370000000000000000e+02	1.328330528213336470e-01	1.123447073815262431e-01
-2.360000000000000000e+02	1.225364410549766581e-01	1.234933380903027872e-01
-2.350000000000000000e+02	1.112900184311855223e-01	1.337159256024678111e-01
-2.340000000000000000e+02	9.917551571279195621e-02	1.429306555145685165e-01
-2.330000000000000000e+02	8.628156034963610499e-02	1.510628957527329341e-01
-2.320000000000000000e+02	7.270407829665853638e-02	1.580454085422626775e-01
-2.310000000000000000e+02	5.854485809817080305e-02	1.638194307277063000e-01
-2.300000000000000000e+02	4.391081644453016103e-02	1.683352240019926893e-01
-2.290000000000000000e+02	2.891299598738311313e-02	1.715528510218056746e-01
-2.280000000000000000e+02	1.366541856554878177e-02	1.734417277366121224e-01
-2.270000000000000000e+02	-1.714953116278198188e-03	1.739806202681582203e-01
-2.260000000000000000e+02	-1.710923263249206766e-02	1.731587692677969414e-01
-2.250000000000000000e+02	-3.239718713078255236e-02	1.709758572321067038e-01
-2.240000000000000000e+02	-4.745858004344735009e-02	1.674419828108246466e-01
-2.230000000000000000e+02	-6.217375471485393768e-02	1.625780419712522240e-01
-2.220000000000000000e+02	-7.642468801705117054e-02	1.564159587746092039e-01
-2.210000000000000000e+02	-9.009687430772711503e-02	1.489975348780500919e-01
-2.200000000000000000e+02	-1.030788415503756661e-01	1.403749915954166094e-01
-2.190000000000000000e+02	-1.152639845091083803e-01	1.306102330922198351e-01
-2.180000000000000000e+02	-1.265516142509840736e-01	1.197748369723603407e-01
-2.170000000000000000e+02	-1.368460175325485750e-01	1.079480737635813009e-01
-2.160000000000000000e+02	-1.460588360721311596e-01	9.521836076775766489e-02
-2.150000000000000000e+02	-1.541092797839599682e-01	8.168225085409150377e-02
-2.140000000000000000e+02	-1.609247712556800269e-01	6.744360438292883175e-02
-2.130000000000000000e+02	-1.664418303526583598e-01	5.261295028426674070e-02
-2.120000000000000000e+02	-1.706065755528062000e-01	3.730695185025479504e-02
-2.110000000000000000e+02	-1.733753898459045595e-01	2.164758136350541928e-02
-2.100000000000000000e+02	-1.747154474875096120e-01	5.761083360592078942e-03
-2.090000000000000000e+02	-1.746053812995597421e-01	-1.022303215302620971e-02
-2.080000000000000000e+02	-1.730355746499243341e-01	-2.617207030421586297e-02
-2.070000000000000000e+02	-1.700082064412801741e-01	-4.195250385949832878e-02
-2.060000000000000000e+02	-1.655376917938223003e-01	-5.743210751196376612e-02
-2.050000000000000000e+02	-1.596507119592744939e-01	-7.247849320701542364e-02
-2.040000000000000000e+02	-1.523856361039417628e-01	-8.696204616528520337e-02
-2.030000000000000000e+02	-1.437928080277117993e-01	-1.007558969645094560e-01
-2.020000000000000000e+02	-1.339348074898163432e-01	-1.137366818673358204e-01
-2.010000000000000000e+02	-1.228855236252606870e-01	-1.257869794932252872e-01
-2.000000000000000000e+02	-1.107304309825220684e-01	-1.367963160942938239e-01
-1.990000000000000000e+02	-9.756394660578605882e-02	-1.466600070018293511e-01
-1.980000000000000000e+02	-8.349143983265615299e-02	-1.552824707360259959e-01
-1.970000000000000000e+02	-6.862756465455206734e-02	-1.625775511950852403e-01
-1.960000000000000000e+02	-5.309548081451550411e-02	-1.684694293292324785e-01
-1.950000000000000000e+02	-3.702677094829526921e-02	-1.728932992369156540e-01
-1.940000000000000000e+02	-2.055910397455104621e-02	-1.757966719258328425e-01
-1.930000000000000000e+02	-3.835399209899676386e-03	-1.771402360405184839e-01
-1.920000000000000000e+02	1.299646749789120335e-02	-1.768979027095142764e-01
-1.910000000000000000e+02	2.978645636295300728e-02	-1.750575519312863870e-01
-1.900000000000000000e+02	4.638263393051329786e-02	-1.716211343930642008e-01
-1.890000000000000000e+02	6.263198815732269609e-02	-1.666053931886663508e-01
-1.880000000000000000e+02	7.838290443518587669e-02	-1.600418180334930163e-01
-1.870000000000000000e+02	9.348629406223721294e-02	-1.519766770680206491e-01
-1.860000000000000000e+02	1.077958869205013770e-01	-1.424715176082292645e-01
-1.850000000000000000e+02	1.211728825710036012e-01	-1.316010965883725736e-01
-1.840000000000000000e+02	1.334852349075637268e-01	-1.194540082058272307e-01
-1.830000000000000000e+02	1.446080591038332586e-01	-1.061321441817944661e-01
-1.820000000000000000e+02	1.544259145503504849e-01	-9.175003002931972351e-02
-1.810000000000000000e+02	1.628344174404541822e-01	-7.643360201554423583e-02
-1.800000000000000000e+02	1.697412611287492101e-01	-6.031990614550306745e-02
-1.790000000000000000e+02	1.750677213356976458e-01	-4.355567380617406809e-02
-1.780000000000000000e+02	1.787495311860001768e-01	-2.629551777426859110e-02
-1.770000000000000000e+02	1.807374344227068441e-01	-8.700041897648853190e-03
-1.760000000000000000e+02	1.809973352773616428e-01	9.064276568246574378e-03
-1.750000000000000000e+02	1.795118013476886820e-01	2.682750502520851732e-02
-1.740000000000000000e+02	1.762799849917213724e-01	4.441777374874247841e-02
-1.730000000000000000e+02	1.713175778934533655e-01	6.166126527647118605e-02
-1.720000000000000000e+02	1.646602217119932932e-01	7.838678425889500367e-02
-1.710000000000000000e+02	1.563594158070368001e-01	9.442631428865090604e-02
-1.700000000000000000e+02	1.464835083237597535e-01	1.096167443671030861e-01
-1.690000000000000000e+02	1.351167435967235153e-01	1.238023145043686407e-01
-1.680000000000000000e+02	1.223594184514421174e-01	1.368344130015963778e-01
-1.670000000000000000e+02	1.083269121023175685e-01	1.485744682749082779e-01
-1.660000000000000000e+02	9.314839977528545367e-02	1.588952253153964045e-01
-1.650000000000000000e+02	7.696622122343854677e-02	1.676830554879676638e-01
-1.640000000000000000e+02	5.993410817842350496e-02	1.748382333167043390e-01
-1.630000000000000000e+02	4.221583472403123150e-02	1.802764005716422924e-01
-1.620000000000000000e+02	2.398376043384201420e-02	1.839295704011215948e-01
-1.610000000000000000e+02	5.417065227094577939e-03	1.857468658118441029e-01
-1.600000000000000000e+02	-1.330033738354792147e-02	1.856947972877714403e-01
-1.590000000000000000e+02	-3.197983395883578772e-02	1.837591582819870228e-01
-1.580000000000000000e+02	-5.043195403861758935e-02	1.799444110324576740e-01
-1.570000000000000000e+02	-6.846772409314672014e-02	1.742739787000642249e-01
-1.560000000000000000e+02	-8.589926655735084793e-02	1.667907956419119320e-01
-1.550000000000000000e+02	-1.025440377871097986e-01	1.575563263612256570e-01
-1.540000000000000000e+02	-1.182260026860982860e-01	1.466506031784932385e-01
-1.530000000000000000e+02	-1.327763355898007314e-01	1.341714569040989291e-01
-1.520000000000000000e+02	-1.460348768913847795e-01	1.202331373516479229e-01
-1.510000000000000000e+02	-1.578536640089042153e-01	1.049665726973526420e-01
-1.500000000000000000e+02	-1.680977210111177234e-01	8.851777653420485337e-02
-1.490000000000000000e+02	-1.766464876729561539e-01	7.104714481786308933e-02
-1.480000000000000000e+02	-1.833952653514781261e-01	5.272770579363917492e-02
-1.470000000000000000e+02	-1.882566890133335058e-01	3.374318727729853917e-02
-1.460000000000000000e+02	-1.911627471475570161e-01	1.428543497267789619e-02
-1.450000000000000000e+02	-1.920635852154914391e-01	-5.446074020695542035e-03
-1.440000000000000000e+02	-1.909295841583956432e-01	-2.524604037642964871e-02
-1.430000000000000000e+02	-1.877520680533887598e-01	-4.490506128420938131e-02
-1.420000000000000000e+02	-1.825436748970196699e-01	-6.421261819917321867e-02
-1.410000000000000000e+02	-1.753385536074822393e-01	-8.295888943995723130e-02
-1.400000000000000000e+02	-1.661923019128359880e-01	-1.009367582065501950e-01
-1.390000000000000000e+02	-1.551819625998999974e-01	-1.179445174109819139e-01
-1.380000000000000000e+02	-1.424056504583610105e-01	-1.337872568813902319e-01
-1.370000000000000000e+02	-1.279822277749871617e-01	-1.482790705141043552e-01
-1.360000000000000000e+02	-1.120500753729387206e-01	-1.612458030740848702e-01
-1.350000000000000000e+02	-9.476597212229287415e-02	-1.725270863892768292e-01
-1.340000000000000000e+02	-7.630396483039011968e-02	-1.819778396815392441e-01
-1.330000000000000000e+02	-5.685499405930472677e-02	-1.894701201946968894e-01
-1.320000000000000000e+02	-3.662416205036745503e-02	-1.948955926842132202e-01
-1.310000000000000000e+02	-1.582890990964938224e-02	-1.981669147402697340e-01
-1.300000000000000000e+02	5.302832104990802889e-03	-1.992192823019420522e-01
-1.290000000000000000e+02	2.653486041749406749e-02	-1.980117546880501289e-01
-1.280000000000000000e+02	4.762595287666426119e-02	-1.945282194735756254e-01
-1.270000000000000000e+02	6.833131787884136332e-02	-1.887782673529924404e-01
-1.260000000000000000e+02	8.840535690762597876e-02	-1.807982005004917792e-01
-1.250000000000000000e+02	1.076061939201883311e-01	-1.706520818530782857e-01
-1.240000000000000000e+02	1.256950358422414538e-01	-1.584273922840591375e-01
-1.230000000000000000e+02	1.424416552725008556e-01	-1.442405182355164239e-01
-1.220000000000000000e+02	1.576276076037195217e-01	-1.282336428516956117e-01
-1.210000000000000000e+02	1.710490936454310551e-01	-1.105735376181226776e-01
-1.200000000000000000e+02	1.825204166738138567e-01	-9.145197397228239933e-02
-1.190000000000000000e+02	1.918735402568505777e-01	-7.108086209547238854e-02
-1.180000000000000000e+02	1.989642068217884197e-01	-4.969202151029619013e-02
-1.170000000000000000e+02	2.036732478594492635e-01	-2.753558160894475221e-02
-1.160000000000000000e+02	2.059089834654765916e-01	-4.876824380528298197e-03
-1.150000000000000000e+02	2.056094612334172511e-01	1.800732579907098063e-02
-1.140000000000000000e+02	2.027434331751992724e-01	4.083125612638720953e-02
-1.130000000000000000e+02	1.973121853741773013e-01	6.330361804204924503e-02
-1.120000000000000000e+02	1.893503545235331320e-01	8.513215399581298970e-02
-1.110000000000000000e+02	1.789256114250560581e-01	1.060265888872685969e-01
-1.100000000000000000e+02	1.661394097940397663e-01	1.257025323320115073e-01
-1.090000000000000000e+02	1.511291023092486419e-01	1.438876537504730768e-01
-1.080000000000000000e+02	1.340629775752104347e-01	1.603231964020053746e-01
-1.070000000000000000e+02	1.151395334602568210e-01	1.747691591236822106e-01
-1.060000000000000000e+02	9.458640517161832906e-02	1.870071157737371592e-01
-1.050000000000000000e+02	7.265742868136473853e-02	1.968426965804815076e-01
-1.040000000000000000e+02	4.963170704851548737e-02	2.041129619582598420e-01
-1.030000000000000000e+02	2.580854451258733986e-02	2.086874507190891459e-01
-1.020000000000000000e+02	1.503551643274412576e-03	2.104684667493987582e-01
-1.010000000000000000e+02	-2.295419975732317097e-02	2.093952080712610520e-01
-1.000000000000000000e+02	-4.722771208635172940e-02	2.054493620762762318e-01
-9.900000000000000000e+01	-7.097723024816257609e-02	1.986504812626639360e-01
-9.800000000000000000e+01	-9.386388024299155419e-02	1.890583868049567351e-01
-9.700000000000000000e+01	-1.155541073208853214e-01	1.767736190521168593e-01
-9.600000000000000000e+01	-1.357249439375612099e-01	1.619370717316273578e-01
-9.500000000000000000e+01	-1.540691000582549430e-01	1.447289117309936424e-01
-9.400000000000000000e+01	-1.702997554053660711e-01	1.253669740513553288e-01
-9.300000000000000000e+01	-1.841595945647760968e-01	1.041070329959016549e-01
-9.200000000000000000e+01	-1.954162415250976503e-01	8.123282973336443114e-02
-9.100000000000000000e+01	-2.038717078837015972e-01	5.705874782431314546e-02
-9.000000000000000000e+01	-2.093658354030119295e-01	3.192421980299046252e-02
-8.900000000000000000e+01	-2.117790768628248499e-01	6.189119167240792266e-03
-8.800000000000000000e+01	-2.110350961717953333e-01	-1.977075645524618494e-02
-8.700000000000000000e+01	-2.071030587119405131e-01	-4.556829062490112131e-02
-8.600000000000000000e+01	-1.999993338051741787e-01	-7.081091261151417626e-02
-8.500000000000000000e+01	-1.897872507351318350e-01	-9.510607809808775681e-02
-8.400000000000000000e+01	-1.765790913385596739e-01	-1.180673480974548384e-01
-8.300000000000000000e+01	-1.605355438563648152e-01	-1.393199888133220266e-01
-8.200000000000000000e+01	-1.418648077718699385e-01	-1.585066631689637517e-01
-8.100000000000000000e+01	-1.208195303999084896e-01	-1.752946023408417930e-01
-8.000000000000000000e+01	-9.769562588801485037e-02	-1.893797383388016731e-01
-7.900000000000000000e+01	-7.282859522972340294e-02	-2.004928105150828588e-01
-7.800000000000000000e+01	-4.659015644890184688e-02	-2.084043288839912966e-01
-7.700000000000000000e+01	-1.938283394117414418e-02	-2.129296530666239529e-01
-7.600000000000000000e+01	8.363811231363996179e-03	-2.139329372588151257e-01
-7.500000000000000000e+01	3.619903344991361183e-02	-2.113313161633028903e-01
-7.400000000000000000e+01	6.365540127361191125e-02	-2.050925914075626133e-01
-7.300000000000000000e+01	9.025930012614631626e-02	-1.952555819687190608e-01
-7.200000000000000000e+01	1.155380710858772975e-01	-1.819172123716462641e-01
-7.100000000000000000e+01	1.390271806330012350e-01	-1.652323161893251291e-01
-7.000000000000000000e+01	1.602722081530714437e-01	-1.454213880154102967e-01
-6.900000000000000000e+01	1.788444140449623188e-01	-1.227659241493932601e-01
-6.800000000000000000e+01	1.943471173678059938e-01	-9.760748213950938557e-02
-6.700000000000000000e+01	2.064241506677780558e-01	-7.034464271095194898e-02
-6.600000000000000000e+01	2.147685454858556942e-01	-4.142678297821619782e-02
-6.500000000000000000e+01	2.191287888740852396e-01	-1.135450469952704704e-02
-6.400000000000000000e+01	2.193188610262702953e-01	1.932873051099540107e-02
-6.300000000000000000e+01	2.152255096771284459e-01	5.004953016693342027e-02
-6.200000000000000000e+01	2.068190243571823295e-01	8.021219906946168432e-02
-6.100000000000000000e+01	1.941389631082683642e-01	1.092020531407899148e-01
-6.000000000000000000e+01	1.773195289098153660e-01	1.364036490289687875e-01
-5.900000000000000000e+01	1.565849123473143367e-01	1.612115496342304832e-01
-5.800000000000000000e+01	1.322518663072492495e-01	1.830464393321886984e-01
-5.700000000000000000e+01	1.047210444463393397e-01	2.013605359086322599e-01
-5.600000000000000000e+01	7.448177588474384769e-02	2.156558557595046055e-01
-5.500000000000000000e+01	4.210530708019441515e-02	2.255008453349319764e-01
-5.400000000000000000e+01	8.232305345293698673e-03	2.305434143464252239e-01
-5.300000000000000000e+01	-2.643156605811948154e-02	2.305187077024866971e-01
-5.200000000000000000e+01	-6.112610150228545147e-02	2.252660786153891093e-01
-5.100000000000000000e+01	-9.505857013651156096e-02	2.147361573694794301e-01
-5.000000000000000000e+01	-1.274175278265498035e-01	1.990013167968764929e-01
-4.900000000000000000e+01	-1.573891587827011274e-01	1.782620181242537682e-01
-4.800000000000000000e+01	-1.841767017323871769e-01	1.528475967563026894e-01
-4.700000000000000000e+01	-2.070196420424358086e-01	1.232172420375807070e-01
-4.600000000000000000e+01	-2.252245045462467898e-01	8.995616494780675487e-02
-4.500000000000000000e+01	-2.381793830454972394e-01	5.377023533845712300e-02
-4.400000000000000000e+01	-2.453738784971076503e-01	1.547307188111366784e-02
-4.300000000000000000e+01	-2.464184381289740433e-01	-2.402665734333266426e-02
-4.200000000000000000e+01	-2.410704282135410492e-01	-6.374337354369516428e-02
-4.100000000000000000e+01	-2.292423663288161162e-01	-1.026350384076586408e-01
-4.000000000000000000e+01	-2.110153639563634720e-01	-1.396327893315317537e-01
-3.900000000000000000e+01	-1.866454027490017653e-01	-1.736644621168138836e-01
-3.800000000000000000e+01	-1.565721631544917669e-01	-2.036809915480787547e-01
-3.700000000000000000e+01	-1.214234835559981490e-01	-2.286867162657599817e-01
-3.600000000000000000e+01	-8.200129568128415591e-02	-2.477797800921530125e-01
-3.500000000000000000e+01	-3.926273550052589850e-02	-2.601831228779808436e-01
-3.400000000000000000e+01	5.679334122984626247e-03	-2.652606342981060905e-01
-3.300000000000000000e+01	5.157618824567827137e-02	-2.625571577070571760e-01
-3.200000000000000000e+01	9.707322611501831289e-02	-2.518292830362772183e-01
-3.100000000000000000e+01	1.407743895545494339e-01	-2.330541774417962952e-01
-3.000000000000000000e+01	1.812323748110387933e-01	-2.064540641828662704e-01
-2.900000000000000000e+01	2.170061945543295678e-01	-1.725182995709359790e-01
-2.800000000000000000e+01	2.467117075863727305e-01	-1.320080580329461295e-01
-2.700000000000000000e+01	2.690771715650149276e-01	-8.593149180835697731e-02
-2.600000000000000000e+01	2.829733060674536338e-01	-3.556296947251078033e-02
-2.500000000000000000e+01	2.874775869096600767e-01	1.757541325398964335e-02
-2.400000000000000000e+01	2.819279574413345313e-01	7.176203685838732083e-02
-2.300000000000000000e+01	2.659821422028039173e-01	1.251028665268620887e-01
-2.200000000000000000e+01	2.396078465879066255e-01	1.755632799424345636e-01
-2.100000000000000000e+01	2.031820544015630337e-01	2.210456410319993903e-01
-2.000000000000000000e+01	1.575155887340405625e-01	2.594507973223971198e-01
-1.900000000000000000e+01	1.038743163363390898e-01	2.887718119279799600e-01
-1.800000000000000000e+01	4.396533488022374286e-02	3.071969487174995295e-01
-1.700000000000000000e+01	-2.005583906931788021e-02	3.132284593657589378e-01
-1.600000000000000000e+01	-8.563459506536297283e-02	3.057171601134867633e-01
-1.500000000000000000e+01	-1.498727527342604282e-01	2.840045607322386201e-01
-1.400000000000000000e+01	-2.095917454393801116e-01	2.480924958283196313e-01
-1.300000000000000000e+01	-2.615142494763779135e-01	1.986828941023564554e-01
-1.200000000000000000e+01	-3.023348598284830158e-01	1.372622896598129083e-01
-1.100000000000000000e+01	-3.289823761164150651e-01	6.614976878742405419e-02
-1.000000000000000000e+01	-3.387964676028577538e-01	-1.146529980601164976e-02
-9.000000000000000000e+00	-3.297923608481546642e-01	-9.159491358278942785e-02
-8.000000000000000000e+00	-3.009089983973384785e-01	-1.695668634260981134e-01
-7.000000000000000000e+00	-2.522606718716545182e-01	-2.402022371370113596e-01
-6.000000000000000000e+00	-1.853572667242745220e-01	-2.981227578462297689e-01
-5.000000000000000000e+00	-1.032597370597033576e-01	-3.380935030451060475e-01
-4.000000000000000000e+00	-1.067423715183645969e-02	-3.555218138821047980e-01
-3.000000000000000000e+00	8.614117726411761600e-02	-3.470278750948678770e-01
-2.000000000000000000e+00	1.796151682205898714e-01	-3.108875548656904186e-01
-1.000000000000000000e+00	2.613244812516714588e-01	-2.477124264065031500e-01
0.000000000000000000e+00	3.227025543636049543e-01	-1.608438547543465658e-01
1.000000000000000000e+00	3.559295923175968546e-01	-5.657686504019476814e-02
2.000000000000000000e+00	3.550896785210418405e-01	5.589536523091449827e-02
3.000000000000000000e+00	3.173090784445433687e-01	1.649681316720036650e-01
4.000000000000000000e+00	2.438872322064652709e-01	2.577005992963157799e-01
5.000000000000000000e+00	1.410357220186690685e-01	3.213498654745911565e-01
6.000000000000000000e+00	1.999929345217553445e-02	3.453661641275887484e-01
7.000000000000000000e+00	-1.036116649405206674e-01	3.236704317383578555e-01
8.000000000000000000e+00	-2.116844590688570504e-01	2.566453544197220271e-01
9.000000000000000000e+00	-2.864730255461129804e-01	1.523803398583188085e-01
1.000000000000000000e+01	-3.141750983764857730e-01	2.656463458722975110e-02
1.100000000000000000e+01	-2.884961292537045474e-01	-9.950691044729045864e-02
1.200000000000000000e+01	-2.131503003146073549e-01	-2.026835071182820913e-01
1.300000000000000000e+01	-1.023531946546638316e-01	-2.629766416558766973e-01
1.400000000000000000e+01	2.133053387528004163e-02	-2.686063877892286289e-01
1.500000000000000000e+01	1.317350789102660624e-01	-2.195582317407032413e-01
1.600000000000000000e+01	2.053938791301300471e-01	-1.284416168316939721e-01
1.700000000000000000e+01	2.276143542553195065e-01	-1.773428144354400812e-02
1.800000000000000000e+01	1.964870392825941448e-01	8.586873894735119750e-02
1.900000000000000000e+01	1.234115049688462584e-01	1.584564781005793621e-01
2.000000000000000000e+01	2.957885238729704436e-02	1.852454226766010459e-01
2.100000000000000000e+01	-6.000164951541255010e-02	1.641135179480877337e-01
2.200000000000000000e+01	-1.234906468526706519e-01	1.053666188864698372e-01
2.300000000000000000e+01	-1.478199997374965158e-01	2.808780828880325445e-02
2.400000000000000000e+01	-1.314357694312542346e-01	-4.575656762915004255e-02
2.500000000000000000e+01	-8.363973729080280417e-02	-9.751162424915299498e-02
2.600000000000000000e+01	-2.098508416937356832e-02	-1.165723957318785808e-01
2.700000000000000000e+01	3.804606423633486584e-02	-1.023463552257141695e-01
2.800000000000000000e+01	7.833001794641644699e-02	-6.320270557202120609e-02
2.900000000000000000e+01	9.181340807450044661e-02	-1.303133799263619420e-02
3.000000000000000000e+01	7.876260991632104413e-02	3.322395126855744174e-02
3.100000000000000000e+01	4.650609755734604750e-02	6.373330639295368694e-02
3.200000000000000000e+01	6.527825212517357999e-03	7.257854727418683316e-02
3.300000000000000000e+01	-2.925811140377538103e-02	6.055688812972711416e-02
3.400000000000000000e+01	-5.179264391330139217e-02	3.402531054946284633e-02
3.500000000000000000e+01	-5.692868973596075521e-02	2.375811415662617849e-03
3.600000000000000000e+01	-4.590301375509638071e-02	-2.498619566716707083e-02
3.700000000000000000e+01	-2.417274500531561496e-02	-4.124927721922658913e-02
3.800000000000000000e+01	6.813869852921281304e-04	-4.368488010362674145e-02
3.900000000000000000e+01	2.137606096601223776e-02	-3.375279212946758617e-02
4.000000000000000000e+01	3.289258453874887439e-02	-1.608332107701455210e-02
4.100000000000000000e+01	3.350819884467275134e-02	3.299064775712989058e-03
4.200000000000000000e+01	2.473721707137727099e-02	1.882482661073242580e-02
4.300000000000000000e+01	1.045913330687117324e-02	2.684348624752962847e-02
4.400000000000000000e+01	-4.566329509315422350e-03	2.633167353595858642e-02
4.500000000000000000e+01	-1.611949283540610456e-02	1.875590822783259476e-02
4.600000000000000000e+01	-2.157527911028379874e-02	7.297449950942951243e-03
4.700000000000000000e+01	-2.038829514491237102e-02	-4.299658295275355854e-03
4.800000000000000000e+01	-1.391589795916979046e-02	-1.283866517368878989e-02
4.900000000000000000e+01	-4.749772193622052614e-03	-1.645309041662146310e-02
5.000000000000000000e+01	4.176912502677550265e-03	-1.492511969213098505e-02
5.100000000000000000e+01	1.043992643071790793e-02	-9.450017002089467280e-03
5.200000000000000000e+01	1.274583857691976262e-02	-2.170864433847281665e-03
5.300000000000000000e+01	1.106239257963781940e-02	4.637470254808978912e-03
5.400000000000000000e+01	6.494528910194110466e-03	9.171318006158453440e-03
5.500000000000000000e+01	7.477686256645474068e-04	1.053075149315311002e-02
5.600000000000000000e+01	-4.404240735716901702e-03	8.858441825671891853e-03
5.700000000000000000e+01	-7.630352631077503590e-03	5.080154125086043873e-03
5.800000000000000000e+01	-8.349303970319722767e-03	5.866629294819405809e-04
5.900000000000000000e+01	-6.794257550102574331e-03	-3.282760868040796379e-03
6.000000000000000000e+01	-3.709016443257270607e-03	-5.558813966977148649e-03
6.100000000000000000e+01	-2.091709121680579702e-04	-5.869560575986164375e-03
6.200000000000000000e+01	2.681025910835089718e-03	-4.447288097231915857e-03
6.300000000000000000e+01	4.258867563572298585e-03	-1.952808527254782907e-03
6.400000000000000000e+01	4.307860429262347184e-03	7.482013233896832923e-04
6.500000000000000000e+01	3.056659436958389809e-03	2.881832920998392972e-03
6.600000000000000000e+01	1.064130979262953433e-03	3.958524153211201262e-03
6.700000000000000000e+01	-1.007759174879952965e-03	3.842751213272657500e-03
6.800000000000000000e+01	-2.583331551218170843e-03	2.778278688708058809e-03
6.900000000000000000e+01	-3.296954990164595659e-03	1.185472720462627839e-03
7.000000000000000000e+01	-3.107517649381696598e-03	-4.022138640387987402e-04
7.100000000000000000e+01	-2.192553121969631306e-03	-1.554380552369034581e-03
7.200000000000000000e+01	-9.252761495925255911e-04	-2.021227058664624380e-03
7.300000000000000000e+01	2.914528532153130044e-04	-1.782919548248894414e-03
7.400000000000000000e+01	1.132570321374463344e-03	-1.015569802690695399e-03
7.500000000000000000e+01	1.418790339995412101e-03	-1.008924277195249547e-05
7.600000000000000000e+01	1.163150645076362500e-03	9.118808339096277698e-04
7.700000000000000000e+01	5.220337396156188390e-04	1.510141292677500292e-03
7.800000000000000000e+01	-2.641423698805902740e-04	1.662946061442384599e-03
7.900000000000000000e+01	-9.551476572855852748e-04	1.415726586418461063e-03
8.000000000000000000e+01	-1.375210119938644277e-03	8.889621176088336732e-04
8.100000000000000000e+01	-1.450844740813878085e-03	2.753124074414681471e-04
8.200000000000000000e+01	-1.214214688383615870e-03	-2.405953992502662259e-04
8.300000000000000000e+01	-7.841010970756964868e-04	-5.318124784704419744e-04
8.400000000000000000e+01	-3.099969434533774251e-04	-5.581008425820876105e-04
8.500000000000000000e+01	7.633186141766508880e-05	-3.422265907302970891e-04
8.600000000000000000e+01	2.770194600367214838e-04	5.272202606892166705e-06
8.700000000000000000e+01	2.659132784088243692e-04	3.723939740904610670e-04
8.800000000000000000e+01	8.329613213849901905e-05	6.603759338288915388e-04
8.900000000000000000e+01	-1.973553763813387988e-04	7.935289611891261719e-04
9.000000000000000000e+01	-4.757870699362333217e-04	7.551020369385221280e-04
9.100000000000000000e+01	-6.785613776114172296e-04	5.949630063999934932e-04
9.200000000000000000e+01	-7.622738364134520059e-04	3.737138209721412529e-04
9.300000000000000000e+01	-7.216554586933202802e-04	1.606605325263565855e-04
9.400000000000000000e+01	-5.878946950945568295e-04	1.242413525330877661e-05
9.500000000000000000e+01	-4.102514970315284965e-04	-4.141042582396662144e-05
9.600000000000000000e+01	-2.452223787081559987e-04	-4.602061192352611445e-07
9.700000000000000000e+01	-1.361170258677082826e-04	1.115894260336019702e-04
9.800000000000000000e+01	-1.041290140658271759e-04	2.526966283567422429e-04
9.900000000000000000e+01	-1.471427835271774196e-04	3.773020780806953791e-04
1.000000000000000000e+02	-2.406980290551219881e-04	4.541194415293268332e-04
1.010000000000000000e+02	-3.484719972925423765e-04	4.672298074667741575e-04
1.020000000000000000e+02	-4.403420075185941252e-04	4.268397544947312699e-04
1.030000000000000000e+02	-4.912981597457865158e-04	3.496321621432485374e-04
1.040000000000000000e+02	-4.935484514987301249e-04	2.629128363584937655e-04
1.050000000000000000e+02	-4.581486313140083590e-04	1.935371554554657207e-04
1.060000000000000000e+02	-4.007955803427957521e-04	1.573996888970014170e-04
1.070000000000000000e+02	-3.364806924349349150e-04	1.592796178747185023e-04
