# # Time 	 h_plus 	 h_cross 
# 
-4.090000000000000000e+02	-1.909667211519334041e-03	1.695466771651274740e-01
-4.080000000000000000e+02	-1.547601788488600465e-02	1.689488401821531982e-01
-4.070000000000000000e+02	-2.897118692066136258e-02	1.672648712155113127e-01
-4.060000000000000000e+02	-4.230801945308687584e-02	1.645013741894937598e-01
-4.050000000000000000e+02	-5.539996290478926833e-02	1.606719454502958389e-01
-4.040000000000000000e+02	-6.816164673726829437e-02	1.557970972197315063e-01
-4.030000000000000000e+02	-8.050924698642475397e-02	1.499042344400027815e-01
-4.020000000000000000e+02	-9.236113580432520065e-02	1.430275135726457036e-01
-4.010000000000000000e+02	-1.036384276873696941e-01	1.352076727832294545e-01
-4.000000000000000000e+02	-1.142655131055168860e-01	1.264918177564233193e-01
-3.990000000000000000e+02	-1.241705759172796603e-01	1.169331640265606070e-01
-3.980000000000000000e+02	-1.332860910122115328e-01	1.065907370041383612e-01
-3.970000000000000000e+02	-1.415492987041890582e-01	9.552903117048673620e-02
-3.960000000000000000e+02	-1.489026525039837123e-01	8.381763019976896933e-02
-3.950000000000000000e+02	-1.552942370286867768e-01	7.153079004719642420e-02
-3.940000000000000000e+02	-1.606781529578948098e-01	5.874698731298635956e-02
-3.930000000000000000e+02	-1.650155844430072904e-01	4.554863372672730837e-02
-3.920000000000000000e+02	-1.682733196107967510e-01	3.202091446943537700e-02
-3.910000000000000000e+02	-1.704250803464008590e-01	1.825182634971499879e-02
-3.900000000000000000e+02	-1.714520928362525398e-01	4.331615415551871157e-03
-3.890000000000000000e+02	-1.713429357885859206e-01	-9.647926943407162531e-03
-3.880000000000000000e+02	-1.700936903955853896e-01	-2.359395061602883800e-02
-3.870000000000000000e+02	-1.677082428160321936e-01	-3.741239725059130466e-02
-3.860000000000000000e+02	-1.641977690636645115e-01	-5.101163349455756224e-02
-3.850000000000000000e+02	-1.595810938047786121e-01	-6.429981211046563450e-02
-3.840000000000000000e+02	-1.538845626810033673e-01	-7.718660956424169828e-02
-3.830000000000000000e+02	-1.471419264898456702e-01	-8.958384363921709226e-02
-3.820000000000000000e+02	-1.393941745328959037e-01	-1.014060829349784920e-01
-3.810000000000000000e+02	-1.306893176297087011e-01	-1.125712440622952670e-01
-3.800000000000000000e+02	-1.210821216405284506e-01	-1.230011723677082724e-01
-3.790000000000000000e+02	-1.106337926861106352e-01	-1.326222020723331063e-01
-3.780000000000000000e+02	-9.941161559575825701e-02	-1.413656917888084508e-01
-3.770000000000000000e+02	-8.748854745296864854e-02	-1.491685314882651991e-01
-3.760000000000000000e+02	-7.494276843931473031e-02	-1.559736171255650394e-01
-3.750000000000000000e+02	-6.185719249903134931e-02	-1.617302892953969007e-01
-3.740000000000000000e+02	-4.831894065706653779e-02	-1.663947324834823549e-01
-3.730000000000000000e+02	-3.441878011922836628e-02	-1.699303316956216614e-01
-3.720000000000000000e+02	-2.025053256301366858e-02	-1.723079834912008834e-01
-3.710000000000000000e+02	-5.910455288696400342e-03	-1.735063587163426790e-01
-3.700000000000000000e+02	8.503400859218782429e-03	-1.735121145234250761e-01
-3.690000000000000000e+02	2.289185267247298775e-02	-1.723200535768459885e-01
-3.680000000000000000e+02	3.715472769999601105e-02	-1.699331753812708679e-01
-3.670000000000000000e+02	5.119275714164577690e-02	-1.663624400532988379e-01
-3.660000000000000000e+02	6.490780489487364691e-02	-1.616281501923726993e-01
-3.650000000000000000e+02	7.820304809524963874e-02	-1.557581782165838313e-01
-3.640000000000000000e+02	9.098396894345119057e-02	-1.487884865108585475e-01
-3.630000000000000000e+02	1.031590332268182142e-01	-1.407629451382882979e-01
-3.620000000000000000e+02	1.146403551904189438e-01	-1.317330924696156480e-01
-3.610000000000000000e+02	1.253443439468812926e-01	-1.217578396765727211e-01
-3.600000000000000000e+02	1.351923266714231964e-01	-1.109031204402918802e-01
-3.590000000000000000e+02	1.441111439199263544e-01	-9.924148762895745879e-02
-3.580000000000000000e+02	1.520337125333087458e-01	-8.685165909658075500e-02
-3.570000000000000000e+02	1.588995517509166622e-01	-7.381801514413885434e-02
-3.560000000000000000e+02	1.646552683484203417e-01	-6.023005056278115527e-02
-3.550000000000000000e+02	1.692549968414372719e-01	-4.618178454299536745e-02
-3.540000000000000000e+02	1.726607435715418193e-01	-3.177112334428469631e-02
-3.530000000000000000e+02	1.748424378366398302e-01	-1.709918942257626986e-02
-3.520000000000000000e+02	1.757793513981396327e-01	-2.269784596024862228e-03
-3.510000000000000000e+02	1.754591297621641011e-01	1.261158181985460626e-02
-3.500000000000000000e+02	1.738783544145746374e-01	2.743832490706404198e-02
-3.490000000000000000e+02	1.710426459465535787e-01	4.210354009963309524e-02
-3.480000000000000000e+02	1.669665684009120077e-01	5.650116851075813462e-02
-3.470000000000000000e+02	1.616738392820007975e-01	7.052578127098800553e-02
-3.460000000000000000e+02	1.551972484552934517e-01	8.407384881011588373e-02
-3.450000000000000000e+02	1.475783312086954846e-01	9.704485825606844196e-02
-3.440000000000000000e+02	1.388672086450192245e-01	1.093418100955965144e-01
-3.430000000000000000e+02	1.291222995727562828e-01	1.208719558635715507e-01
-3.420000000000000000e+02	1.184099686937958307e-01	1.315475130421910888e-01
-3.410000000000000000e+02	1.068041128083267455e-01	1.412863516481529524e-01
-3.400000000000000000e+02	9.438568723661534821e-02	1.500126471072098511e-01
-3.390000000000000000e+02	8.124217512955193843e-02	1.576574941781511974e-01
-3.380000000000000000e+02	6.746700280054522547e-02	1.641594768925199455e-01
-3.370000000000000000e+02	5.315890465758722760e-02	1.694651897209680791e-01
-3.360000000000000000e+02	3.842124174193391195e-02	1.735297054616080081e-01
-3.350000000000000000e+02	2.336127828571782014e-02	1.763169856684070336e-01
-3.340000000000000000e+02	8.089421081344099276e-03	1.778002297971315593e-01
-3.330000000000000000e+02	-7.281588909222795440e-03	1.779625437568109203e-01
-3.320000000000000000e+02	-2.263761280930154038e-02	1.767967635473879917e-01
-3.310000000000000000e+02	-3.786369927595394091e-02	1.743044115599068355e-01
-3.300000000000000000e+02	-5.284501714022619284e-02	1.704977540045759243e-01
-3.290000000000000000e+02	-6.746745658352827635e-02	1.653991426812659593e-01
-3.280000000000000000e+02	-8.161925087630812758e-02	1.590407113552059493e-01
-3.270000000000000000e+02	-9.519142153165234543e-02	1.514642559376531694e-01
-3.260000000000000000e+02	-1.080784075031244185e-01	1.427211428394465076e-01
-3.250000000000000000e+02	-1.201790800860946806e-01	1.328719545587477846e-01
-3.240000000000000000e+02	-1.313975533447692690e-01	1.219861178052375761e-01
-3.230000000000000000e+02	-1.416439643483159705e-01	1.101414598996723754e-01
-3.220000000000000000e+02	-1.508352168361812018e-01	9.742369579698097193e-02
-3.210000000000000000e+02	-1.588956821042455669e-01	8.392584865031517405e-02
-3.200000000000000000e+02	-1.657578511257906950e-01	6.974760739151410205e-02
-3.190000000000000000e+02	-1.713629321939162953e-01	5.499462534552906207e-02
-3.180000000000000000e+02	-1.756613886938019897e-01	3.977776441839879495e-02
-3.170000000000000000e+02	-1.786134119830040390e-01	2.421228989533947412e-02
-3.160000000000000000e+02	-1.801893247737079706e-01	8.417021353548017476e-03
-3.150000000000000000e+02	-1.803699108705381637e-01	-7.486554371274039589e-03
-3.140000000000000000e+02	-1.791466676184361728e-01	-2.337520182870835364e-02
-3.130000000000000000e+02	-1.765222444029126703e-01	-3.912493957283428442e-02
-3.120000000000000000e+02	-1.725098930268757214e-01	-5.461192590187831375e-02
-3.110000000000000000e+02	-1.671337412768078567e-01	-6.971337111320347057e-02
-3.100000000000000000e+02	-1.604295430185863625e-01	-8.430759261241690949e-02
-3.090000000000000000e+02	-1.524428759670277411e-01	-9.827813965306576860e-02
-3.080000000000000000e+02	-1.432301014803580852e-01	-1.115115272693665005e-01
-3.070000000000000000e+02	-1.328577252938817621e-01	-1.238991878573370703e-01
-3.060000000000000000e+02	-1.214019565556157809e-01	-1.353384230015997336e-01
-3.050000000000000000e+02	-1.089482019479822844e-01	-1.457332786447783357e-01
-3.040000000000000000e+02	-9.559048023437501096e-02	-1.549953778510905211e-01
-3.030000000000000000e+02	-8.143076065949458875e-02	-1.630447038822241401e-01
-3.020000000000000000e+02	-6.657822930145716744e-02	-1.698103265669307083e-01
-3.010000000000000000e+02	-5.114848812415753732e-02	-1.752310652706961513e-01
-3.000000000000000000e+02	-3.526269210438416624e-02	-1.792560821572455887e-01
-2.990000000000000000e+02	-1.904663040480853581e-02	-1.818453998776338454e-01
-2.980000000000000000e+02	-2.629758124455623160e-03	-1.829703383235833092e-01
-2.970000000000000000e+02	1.385575951577222749e-02	-1.826138697946596834e-01
-2.960000000000000000e+02	3.027562256581644434e-02	-1.807707246376472898e-01
-2.950000000000000000e+02	4.649612486813699957e-02	-1.774477416991438183e-01
-2.940000000000000000e+02	6.238364719980599854e-02	-1.726644520322339060e-01
-2.930000000000000000e+02	7.780619498192437034e-02	-1.664520743966087235e-01
-2.920000000000000000e+02	9.263452927537205173e-02	-1.588538070994184592e-01
-2.910000000000000000e+02	1.067432579225352646e-01	-1.499246005737606136e-01
-2.900000000000000000e+02	1.200119095796598617e-01	-1.397308303252935147e-01
-2.890000000000000000e+02	1.323259815356452040e-01	-1.283498713393368407e-01
-2.880000000000000000e+02	1.435779522572935563e-01	-1.158695758712599694e-01
-2.870000000000000000e+02	1.536682497203924191e-01	-1.023876573757490915e-01
-2.860000000000000000e+02	1.625061667816783406e-01	-8.801098415887366466e-02
-2.850000000000000000e+02	1.700107151191612431e-01	-7.285478715349351375e-02
-2.840000000000000000e+02	1.761114440011801452e-01	-5.704168085780104286e-02
-2.830000000000000000e+02	1.807487998260700057e-01	-4.070093892960232468e-02
-2.820000000000000000e+02	1.838753035060219088e-01	-2.396745736883726732e-02
-2.810000000000000000e+02	1.854561481530153932e-01	-6.980563836470243290e-03
-2.800000000000000000e+02	1.854690876592122728e-01	1.011717819480019778e-02
-2.790000000000000000e+02	1.839050076504014641e-01	2.718106449979717718e-02
-2.780000000000000000e+02	1.807681489559180010e-01	4.406545740946021805e-02
-2.770000000000000000e+02	1.760762204251309360e-01	6.062501777915248191e-02
-2.760000000000000000e+02	1.698603982911275068e-01	7.671595152615871827e-02
-2.750000000000000000e+02	1.621652101950915026e-01	9.219726032574736274e-02
-2.740000000000000000e+02	1.530483029342651069e-01	1.069319858163096243e-01
-2.730000000000000000e+02	1.425800939750467011e-01	1.207884365111910469e-01
-2.720000000000000000e+02	1.308433077730888905e-01	1.336413865510755472e-01
-2.710000000000000000e+02	1.179323989563348246e-01	1.453732354589389597e-01
-2.700000000000000000e+02	1.039528654460854379e-01	1.558751181821500797e-01
-2.690000000000000000e+02	8.902076965228812588e-02	1.650487625158318927e-01
-2.680000000000000000e+02	7.326078138780649229e-02	1.728051741663700902e-01
-2.670000000000000000e+02	5.680633248883918546e-02	1.790676085619487823e-01
-2.660000000000000000e+02	3.979818325435610649e-02	1.837718465762449849e-01
-2.650000000000000000e+02	2.238323994226949429e-02	1.868668542940416510e-01
-2.640000000000000000e+02	4.713327571239870305e-03	1.883153907289265294e-01
-2.630000000000000000e+02	-1.305609906144704693e-02	1.880945022193794836e-01
-2.620000000000000000e+02	-3.076729579071921239e-02	1.861958970893687892e-01
-2.610000000000000000e+02	-4.826160989336618357e-02	1.826261950921950761e-01
-2.600000000000000000e+02	-6.538088967384347860e-02	1.774070471604036470e-01
-2.590000000000000000e+02	-8.196891070116731071e-02	1.705751220530326295e-01
-2.580000000000000000e+02	-9.787262557966347476e-02	1.621820665956259511e-01
-2.570000000000000000e+02	-1.129435840208415642e-01	1.522943463436063627e-01
-2.560000000000000000e+02	-1.270405290083378991e-01	1.409919297202111010e-01
-2.550000000000000000e+02	-1.400291358161193933e-01	1.283686692043417843e-01
-2.540000000000000000e+02	-1.517839306300310387e-01	1.145313238950639301e-01
-2.530000000000000000e+02	-1.621895448505679127e-01	9.959874407639716931e-02
-2.520000000000000000e+02	-1.711418963508244406e-01	8.370093267767274303e-02
-2.510000000000000000e+02	-1.785492855169244775e-01	6.697798993371210929e-02
-2.500000000000000000e+02	-1.843334488392594783e-01	4.957896339649685985e-02
-2.490000000000000000e+02	-1.884311365172936237e-01	3.166067055570716965e-02
-2.480000000000000000e+02	-1.907925148644608881e-01	1.338581568941508461e-02
-2.470000000000000000e+02	-1.913842383523551294e-01	-5.077714197027772235e-03
-2.460000000000000000e+02	-1.901891630325310834e-01	-2.355865254237380149e-02
-2.450000000000000000e+02	-1.872067143196137207e-01	-4.188391279342906087e-02
-2.440000000000000000e+02	-1.824531052375933937e-01	-5.988019004671592954e-02
-2.430000000000000000e+02	-1.759614001819869711e-01	-7.737559051938312782e-02
-2.420000000000000000e+02	-1.677818381909418066e-01	-9.420053023163044159e-02
-2.410000000000000000e+02	-1.579810018752997591e-01	-1.101909270515049333e-01
-2.400000000000000000e+02	-1.466408380623313856e-01	-1.251899196454752394e-01
-2.390000000000000000e+02	-1.338591804103258509e-01	-1.390476366874055236e-01
-2.380000000000000000e+02	-1.197486259003654741e-01	-1.516236277150805889e-01
-2.370000000000000000e+02	-1.044356520148938400e-01	-1.627883335904669881e-01
-2.360000000000000000e+02	-8.805958607131206262e-02	-1.724244769772069197e-01
-2.350000000000000000e+02	-7.077143362768188728e-02	-1.804283578695046186e-01
-2.340000000000000000e+02	-5.273257439756191128e-02	-1.867110397631860097e-01
-2.330000000000000000e+02	-3.411333559155375200e-02	-1.911994127706094782e-01
-2.320000000000000000e+02	-1.509145402893175524e-02	-1.938371208441413696e-01
-2.310000000000000000e+02	4.149560281964025099e-03	-1.945853412846309805e-01
-2.300000000000000000e+02	2.342214512626257517e-02	-1.934234058665550426e-01
-2.290000000000000000e+02	4.253647649126038321e-02	-1.903492542036362978e-01
-2.280000000000000000e+02	6.130204271687589995e-02	-1.853795019078450790e-01
-2.270000000000000000e+02	7.952898242649093785e-02	-1.785501374204635228e-01
-2.260000000000000000e+02	9.703327476360228132e-02	-1.699162948102849457e-01
-2.250000000000000000e+02	1.136348743608610323e-01	-1.595512532599913380e-01
-2.240000000000000000e+02	1.291608649625762828e-01	-1.475463985777104858e-01
-2.230000000000000000e+02	1.434472932556978275e-01	-1.340105616912724562e-01
-2.220000000000000000e+02	1.563409450836584502e-01	-1.190691704237968329e-01
-2.210000000000000000e+02	1.677010449815507509e-01	-1.028632190888830733e-01
-2.200000000000000000e+02	1.774008602620136543e-01	-8.554806238794730733e-02
-2.190000000000000000e+02	1.853291913697402982e-01	-6.729204202757274600e-02
-2.180000000000000000e+02	1.913917309095438668e-01	-4.827495638204701983e-02
-2.170000000000000000e+02	1.955121439031401454e-01	-2.868636620295622955e-02
-2.160000000000000000e+02	1.976330735239149594e-01	-8.723853933391119767e-03
-2.150000000000000000e+02	1.977179324599589172e-01	1.140886373714015620e-02
-2.140000000000000000e+02	1.957504244980916852e-01	3.150414857181599998e-02
-2.130000000000000000e+02	1.917354250975243923e-01	5.135243596749183848e-02
-2.120000000000000000e+02	1.856994844682071377e-01	7.074375859778006537e-02
-2.110000000000000000e+02	1.776902858206987623e-01	8.947187177161697313e-02
-2.100000000000000000e+02	1.677768863184972703e-01	1.073345549172806390e-01
-2.090000000000000000e+02	1.560492283019084547e-01	1.241363932526507591e-01
-2.080000000000000000e+02	1.426174970630914585e-01	1.396909707839912307e-01
-2.070000000000000000e+02	1.276112586985663766e-01	1.538229850244364205e-01
-2.060000000000000000e+02	1.111783756128895545e-01	1.663702837217309882e-01
-2.050000000000000000e+02	9.348370612612552644e-02	1.771858001352322187e-01
-2.040000000000000000e+02	7.470759711208203868e-02	1.861393638511263660e-01
-2.030000000000000000e+02	5.504446478553395167e-02	1.931203603035619720e-01
-2.020000000000000000e+02	3.469987715066966821e-02	1.980364515714928830e-01
-2.010000000000000000e+02	1.388964959699082007e-02	2.008172685874533292e-01
-2.000000000000000000e+02	-7.162686617706451667e-03	2.014150224488035490e-01
-1.990000000000000000e+02	-2.822825600948954822e-02	1.998052663498437187e-01
-1.980000000000000000e+02	-4.907526790388003213e-02	1.959875376803272562e-01
-1.970000000000000000e+02	-6.947152631274541856e-02	1.899857487659834809e-01
-1.960000000000000000e+02	-8.918699487804856996e-02	1.818483158407835365e-01
-1.950000000000000000e+02	-1.079967188441893211e-01	1.716478113948760320e-01
-1.940000000000000000e+02	-1.256860553045583695e-01	1.594782088232943318e-01
-1.930000000000000000e+02	-1.420415146050793276e-01	1.454627454645192608e-01
-1.920000000000000000e+02	-1.568678294945119733e-01	1.297440213440834433e-01
-1.910000000000000000e+02	-1.699845913259451502e-01	1.124855793358453399e-01
-1.900000000000000000e+02	-1.812285245628076913e-01	9.387040249557725147e-02
-1.890000000000000000e+02	-1.904556151113805662e-01	7.409916189815864140e-02
-1.880000000000000000e+02	-1.975430649454451570e-01	5.338822841884750120e-02
-1.870000000000000000e+02	-2.023910466148351461e-01	3.196746494069481470e-02
-1.860000000000000000e+02	-2.049242326900445055e-01	1.007781843352687466e-02
-1.850000000000000000e+02	-2.050930769867285175e-01	-1.203126580106445888e-02
-1.840000000000000000e+02	-2.028748265302728060e-01	-3.410458272627185650e-02
-1.830000000000000000e+02	-1.982744280423495986e-01	-5.588408291246117071e-02
-1.820000000000000000e+02	-1.913246449586731290e-01	-7.711182028646983155e-02
-1.810000000000000000e+02	-1.820858635902941336e-01	-9.753275658756874189e-02
-1.800000000000000000e+02	-1.706466317765098772e-01	-1.168980436967249070e-01
-1.790000000000000000e+02	-1.571227713418108796e-01	-1.349680179116060641e-01
-1.780000000000000000e+02	-1.416564897249706634e-01	-1.515152099381240902e-01
-1.770000000000000000e+02	-1.244151579285883991e-01	-1.663272776628117178e-01
-1.760000000000000000e+02	-1.055897601921248347e-01	-1.792098246871403067e-01
-1.750000000000000000e+02	-8.539302488025052318e-02	-1.899890677614001488e-01
-1.740000000000000000e+02	-6.405613897683669344e-02	-1.985146754313581730e-01
-1.730000000000000000e+02	-4.182942309281553750e-02	-2.046604363626828571e-01
-1.720000000000000000e+02	-1.897746693968240320e-02	-2.083283598570779271e-01
-1.710000000000000000e+02	4.224504512123951339e-03	-2.094499413111242936e-01
-1.700000000000000000e+02	2.749314404854422828e-02	-2.079869239023598992e-01
-1.690000000000000000e+02	5.054026787725113962e-02	-2.039325218484853708e-01
-1.680000000000000000e+02	7.307633842928533408e-02	-1.973120983846992360e-01
-1.670000000000000000e+02	9.481404677936222658e-02	-1.881834609341097864e-01
-1.660000000000000000e+02	1.154719531060647009e-01	-1.766367587262724081e-01
-1.650000000000000000e+02	1.347781414604477535e-01	-1.627939725476193478e-01
-1.640000000000000000e+02	1.524738434162159761e-01	-1.468079910430823976e-01
-1.630000000000000000e+02	1.683168037158887798e-01	-1.288611349786716598e-01
-1.620000000000000000e+02	1.820844125322534368e-01	-1.091633867451658468e-01
-1.610000000000000000e+02	1.935787943960846358e-01	-8.795138269612938486e-02
-1.600000000000000000e+02	2.026278337463991719e-01	-6.548425703772177420e-02
-1.590000000000000000e+02	2.090885789779576009e-01	-4.204136760607893319e-02
-1.580000000000000000e+02	2.128496904975863413e-01	-1.791906404163849317e-02
-1.570000000000000000e+02	2.138335444778768635e-01	6.572637313519193343e-03
-1.560000000000000000e+02	2.119979840035967622e-01	3.111439386245447303e-02
-1.550000000000000000e+02	2.073374914709425754e-01	5.538127761580899366e-02
-1.540000000000000000e+02	1.998840588729348111e-01	7.904680662649554712e-02
-1.530000000000000000e+02	1.897075527740169076e-01	1.017873966582921313e-01
-1.520000000000000000e+02	1.769155713840396549e-01	1.232867643783276818e-01
-1.510000000000000000e+02	1.616527902072769085e-01	1.432403483994496018e-01
-1.500000000000000000e+02	1.440997972899076829e-01	1.613596986779537723e-01
-1.490000000000000000e+02	1.244719128775419459e-01	1.773766114485244016e-01
-1.480000000000000000e+02	1.030155057808481017e-01	1.910476672122153052e-01
-1.470000000000000000e+02	8.000646826560203762e-02	2.021577684808612829e-01
-1.460000000000000000e+02	5.574691750236120125e-02	2.105236681762154005e-01
-1.450000000000000000e+02	3.056145407851362100e-02	2.159973274853374814e-01
-1.440000000000000000e+02	4.793120248345383860e-03	2.184687706669765639e-01
-1.430000000000000000e+02	-2.120101387672151602e-02	2.178684854456129361e-01
-1.420000000000000000e+02	-4.705458666560430325e-02	2.141693197199630028e-01
-1.410000000000000000e+02	-7.239620987921027706e-02	2.073880880308911490e-01
-1.400000000000000000e+02	-9.685562446922377222e-02	1.975864486985086654e-01
-1.390000000000000000e+02	-1.200713355138295219e-01	1.848701596989468510e-01
-1.380000000000000000e+02	-1.416915072530196551e-01	1.693881861510424802e-01
-1.370000000000000000e+02	-1.613814965348158714e-01	1.513329922750901724e-01
-1.360000000000000000e+02	-1.788289392252969123e-01	1.309381653504965159e-01
-1.350000000000000000e+02	-1.937488721605681030e-01	1.084759664519372585e-01
-1.340000000000000000e+02	-2.058886057283031978e-01	8.425423712350676997e-02
-1.330000000000000000e+02	-2.150322657810937177e-01	5.861268407189576535e-02
-1.320000000000000000e+02	-2.210049249410240280e-01	3.191857418353262477e-02
-1.310000000000000000e+02	-2.236762459805058945e-01	4.561882435318231725e-03
-1.300000000000000000e+02	-2.229637150890285968e-01	-2.304859202540550725e-02
-1.290000000000000000e+02	-2.188356806906738838e-01	-5.049250031653215037e-02
-1.280000000000000000e+02	-2.113114256323105900e-01	-7.734895251687402828e-02
-1.270000000000000000e+02	-2.004629390155024671e-01	-1.031949114853112220e-01
-1.260000000000000000e+02	-1.864152221360573514e-01	-1.276148292833006181e-01
-1.250000000000000000e+02	-1.693457170659834476e-01	-1.502073154452920056e-01
-1.240000000000000000e+02	-1.494828967828488175e-01	-1.705918031572023486e-01
-1.230000000000000000e+02	-1.271035942149732756e-01	-1.884144993385761246e-01
-1.220000000000000000e+02	-1.025310491395865775e-01	-2.033559915555897546e-01
-1.210000000000000000e+02	-7.613029465717711941e-02	-2.151371048802441788e-01
-1.200000000000000000e+02	-4.830292380551570036e-02	-2.235235643350381163e-01
-1.190000000000000000e+02	-1.948237880660034713e-02	-2.283314313767403625e-01
-1.180000000000000000e+02	9.869025072685996131e-03	-2.294318963608426021e-01
-1.170000000000000000e+02	3.927964646693296591e-02	-2.267551019511768740e-01
-1.160000000000000000e+02	6.826233006811383008e-02	-2.202912441345875327e-01
-1.150000000000000000e+02	9.632666574236049828e-02	-2.100934307597198125e-01
-1.140000000000000000e+02	1.229871004921647276e-01	-1.962785913837135354e-01
-1.130000000000000000e+02	1.477712629895183705e-01	-1.790273482365919988e-01
-1.120000000000000000e+02	1.702283696427069060e-01	-1.585828042866386789e-01
-1.110000000000000000e+02	1.899375727871986941e-01	-1.352482204525806142e-01
-1.100000000000000000e+02	2.065161050896893724e-01	-1.093835715619645016e-01
-1.090000000000000000e+02	2.196250252606396225e-01	-8.140023170019440590e-02
-1.080000000000000000e+02	2.289822034922299465e-01	-5.175989342154122680e-02
-1.070000000000000000e+02	2.343649486902494028e-01	-2.095896171813164260e-02
-1.060000000000000000e+02	2.356149396700535081e-01	1.047249528629724639e-02
-1.050000000000000000e+02	2.326440894238093193e-01	4.198061372859566293e-02
-1.040000000000000000e+02	2.254383735610025197e-01	7.299707608754919808e-02
-1.030000000000000000e+02	2.140608451826715997e-01	1.029480848459918274e-01
-1.020000000000000000e+02	1.986521736529783810e-01	1.312670305128107173e-01
-1.010000000000000000e+02	1.794304401885624678e-01	1.574038230377563519e-01
-1.000000000000000000e+02	1.566900244182066748e-01	1.808347529939993981e-01
-9.900000000000000000e+01	1.307987850813125130e-01	2.010739567118821625e-01
-9.800000000000000000e+01	1.021933397767106483e-01	2.176837238839718081e-01
-9.700000000000000000e+01	7.137323763412678490e-02	2.302842510153888245e-01
-9.600000000000000000e+01	3.889859298137864074e-02	2.385622968448533054e-01
-9.500000000000000000e+01	5.365503727660604280e-03	2.422835365850794509e-01
-9.400000000000000000e+01	-2.858911596011288331e-02	2.412941477378132693e-01
-9.300000000000000000e+01	-6.230317936330533046e-02	2.355288281079569723e-01
-9.200000000000000000e+01	-9.510148582354652214e-02	2.250149718316024061e-01
-9.100000000000000000e+01	-1.263089351194331966e-01	2.098762620966104775e-01
-9.000000000000000000e+01	-1.552640252737443882e-01	1.903330258105600248e-01
-8.900000000000000000e+01	-1.813327675685973972e-01	1.667014302892997901e-01
-8.800000000000000000e+01	-2.039227344681932286e-01	1.393906318366312236e-01
-8.700000000000000000e+01	-2.224969024237435922e-01	1.088978127457370243e-01
-8.600000000000000000e+01	-2.365870030736871577e-01	7.580114139442345467e-02
-8.500000000000000000e+01	-2.458063193649893119e-01	4.074918860964160672e-02
-8.400000000000000000e+01	-2.498599148856746610e-01	4.455289232728563281e-03
-8.300000000000000000e+01	-2.485569686221078545e-01	-3.231982449238277044e-02
-8.200000000000000000e+01	-2.418178398700657761e-01	-6.878571248520300163e-02
-8.100000000000000000e+01	-2.296792137063646821e-01	-1.041348456587746357e-01
-8.000000000000000000e+01	-2.122980602564923658e-01	-1.375595784424226142e-01
-7.900000000000000000e+01	-1.899531647340099716e-01	-1.682700204275937583e-01
-7.800000000000000000e+01	-1.630440337152113395e-01	-1.955124723678400567e-01
-7.700000000000000000e+01	-1.320866539545376139e-01	-2.185874362478154032e-01
-7.600000000000000000e+01	-9.770643942914139513e-02	-2.368658448903724900e-01
-7.500000000000000000e+01	-6.063324872888552902e-02	-2.498168953383692881e-01
-7.400000000000000000e+01	-2.168182144648356929e-02	-2.570140095254182522e-01
-7.300000000000000000e+01	1.826076400753997436e-02	-2.581532132987442441e-01
-7.200000000000000000e+01	5.825117834762040536e-02	-2.530664908580323447e-01
-7.100000000000000000e+01	9.731406765049986640e-02	-2.417322612090415657e-01
-7.000000000000000000e+01	1.344659343281253694e-01	-2.242804634893841298e-01
-6.900000000000000000e+01	1.687330042745094349e-01	-2.009980265454958948e-01
-6.800000000000000000e+01	1.991786262240824168e-01	-1.723291528370645143e-01
-6.700000000000000000e+01	2.249289039227945763e-01	-1.388718176488529521e-01
-6.600000000000000000e+01	2.451969517289487865e-01	-1.013734733642345370e-01
-6.500000000000000000e+01	2.593131145777500812e-01	-6.070973353392099259e-02
-6.400000000000000000e+01	2.667403789985563489e-01	-1.787386084482256790e-02
-6.300000000000000000e+01	2.671012423958408766e-01	2.604105426737287482e-02
-6.200000000000000000e+01	2.601986129537032788e-01	6.986978800093338049e-02
-6.100000000000000000e+01	2.460252810477180363e-01	1.123995828122491963e-01
-6.000000000000000000e+01	2.247767778375591441e-01	1.524077839176715132e-01
-5.900000000000000000e+01	1.968519666686263103e-01	1.886977020648947234e-01
-5.800000000000000000e+01	1.628583839630939056e-01	2.201230439734467026e-01
-5.700000000000000000e+01	1.236056174752862141e-01	2.456285795776334824e-01
-5.600000000000000000e+01	8.009323693802480881e-02	2.642853559426696086e-01
-5.500000000000000000e+01	3.349379044149838891e-02	2.753286136420807217e-01
-5.400000000000000000e+01	-1.485659472818811298e-02	2.781906813576867643e-01
-5.300000000000000000e+01	-6.353925259506947032e-02	2.725333130319292918e-01
-5.200000000000000000e+01	-1.110488643593513514e-01	2.582617595191159521e-01
-5.100000000000000000e+01	-1.558412581801885965e-01	2.355483336108415982e-01
-5.000000000000000000e+01	-1.963835245317480382e-01	2.048449795039933297e-01
-4.900000000000000000e+01	-2.312047560037686078e-01	1.668874015591486903e-01
-4.800000000000000000e+01	-2.589483545047843172e-01	1.226897157526830595e-01
-4.700000000000000000e+01	-2.784250444478054143e-01	7.353700196908082021e-02
-4.600000000000000000e+01	-2.886748549679835629e-01	2.095945849590154578e-02
-4.500000000000000000e+01	-2.890131937810988538e-01	-3.334885365926953948e-02
-4.400000000000000000e+01	-2.790599787223507211e-01	-8.751902587376998721e-02
-4.300000000000000000e+01	-2.587861192156826196e-01	-1.395816088506208752e-01
-4.200000000000000000e+01	-2.285418824444746810e-01	-1.875314961001322278e-01
-4.100000000000000000e+01	-1.890784886093503647e-01	-2.293968435181879262e-01
-4.000000000000000000e+01	-1.415531152304297935e-01	-2.633238188603423957e-01
-3.900000000000000000e+01	-8.747825207812684467e-02	-2.876738223005305128e-01
-3.800000000000000000e+01	-2.873686802970615295e-02	-3.010733096620125115e-01
-3.700000000000000000e+01	3.247768757306771642e-02	-3.025080698576450011e-01
-3.600000000000000000e+01	9.372512193036275363e-02	-2.913942524796845901e-01
-3.500000000000000000e+01	1.523846560549682316e-01	-2.676536933028231813e-01
-3.400000000000000000e+01	2.058155760798964784e-01	-2.317348636711069609e-01
-3.300000000000000000e+01	2.513991632123690478e-01	-1.846604887159208619e-01
-3.200000000000000000e+01	2.866858909807774025e-01	-1.280354171345272907e-01
-3.100000000000000000e+01	3.095227138214628471e-01	-6.404049534599413895e-02
-3.000000000000000000e+01	3.181991068361696429e-01	4.645461483974905326e-03
-2.900000000000000000e+01	3.115619955978192190e-01	7.491825893665789160e-02
-2.800000000000000000e+01	2.891305876777362505e-01	1.433340000925723556e-01
-2.700000000000000000e+01	2.512190266062151456e-01	2.062409936629358009e-01
-2.600000000000000000e+01	1.989845185415806406e-01	2.600116069624097692e-01
-2.500000000000000000e+01	1.344375086816968767e-01	3.012190623541134427e-01
-2.400000000000000000e+01	6.046844080981679526e-02	3.268150711496543570e-01
-2.300000000000000000e+01	-1.922025289427374897e-02	3.343765364230864567e-01
-2.200000000000000000e+01	-1.002337842567089798e-01	3.223337371626447401e-01
-2.100000000000000000e+01	-1.775924491569522701e-01	2.902302155646014903e-01
-2.000000000000000000e+01	-2.462325361386218658e-01	2.387805126415626367e-01
-1.900000000000000000e+01	-3.011162179908938308e-01	1.700742254407048293e-01
-1.800000000000000000e+01	-3.375650207335148534e-01	8.755887299945971924e-02
-1.700000000000000000e+01	-3.516904451718112501e-01	-3.951754295725899528e-03
-1.600000000000000000e+01	-3.408166233488737484e-01	-9.843286030250253393e-02
-1.500000000000000000e+01	-3.039007599202051546e-01	-1.889019524689641016e-01
-1.400000000000000000e+01	-2.419121280525193540e-01	-2.678753419613558728e-01
-1.300000000000000000e+01	-1.579857081854891820e-01	-3.280174591100578629e-01
-1.200000000000000000e+01	-5.752912790906303253e-02	-3.627014688902148731e-01
-1.100000000000000000e+01	5.187033653818886453e-02	-3.667655673457494991e-01
-1.000000000000000000e+01	1.607730725878130928e-01	-3.372020335185340056e-01
-9.000000000000000000e+00	2.584807628868553420e-01	-2.739845013296369203e-01
-8.000000000000000000e+00	3.339867087892434694e-01	-1.806534327439399679e-01
-7.000000000000000000e+00	3.771595100686003788e-01	-6.452633251159102523e-02
-6.000000000000000000e+00	3.801662530489551273e-01	6.334234870070062917e-02
-5.000000000000000000e+00	3.389429158210750526e-01	1.887952162270969680e-01
-4.000000000000000000e+00	2.545222579526318363e-01	2.958502044473365622e-01
-3.000000000000000000e+00	1.340611627379007798e-01	3.686121991274440290e-01
-2.000000000000000000e+00	-8.959261318683693631e-03	3.936641993376165383e-01
-1.000000000000000000e+00	-1.554509537617863035e-01	3.628920165861955205e-01
0.000000000000000000e+00	-2.828086465848687059e-01	2.760133902402823747e-01
1.000000000000000000e+00	-3.682230703808220817e-01	1.424540490467464671e-01
2.000000000000000000e+00	-3.931691604941349727e-01	-1.834644005312016310e-02
3.000000000000000000e+00	-3.481682521205843317e-01	-1.788118720286694385e-01
4.000000000000000000e+00	-2.368171344154591240e-01	-3.074835788218664434e-01
5.000000000000000000e+00	-7.758737438872839731e-02	-3.756798122252344441e-01
6.000000000000000000e+00	9.767385004300185858e-02	-3.649992125393599629e-01
7.000000000000000000e+00	2.497723600424504586e-01	-2.739496142306110937e-01
8.000000000000000000e+00	3.413694133878980019e-01	-1.212594560555162321e-01
9.000000000000000000e+00	3.479132650093784140e-01	5.658186912504116484e-02
1.000000000000000000e+01	2.664419072274754052e-01	2.135664879576036068e-01
1.100000000000000000e+01	1.188429349683008673e-01	3.071707054249097069e-01
1.200000000000000000e+01	-5.280636977101943463e-02	3.118692062485789451e-01
1.300000000000000000e+01	-1.983083751426010788e-01	2.284383268233361741e-01
1.400000000000000000e+01	-2.753607767555000807e-01	8.490277291611637855e-02
1.500000000000000000e+01	-2.637821758809420492e-01	-7.205450146811315237e-02
1.600000000000000000e+01	-1.724797361380713823e-01	-1.926634385920527881e-01
1.700000000000000000e+01	-3.612195025966685735e-02	-2.410849843692861316e-01
1.800000000000000000e+01	9.751059594334263170e-02	-2.073738361729966229e-01
1.900000000000000000e+01	1.846362350286035181e-01	-1.098755962526814234e-01
2.000000000000000000e+01	2.005971808671284939e-01	1.269529311259962046e-02
2.100000000000000000e+01	1.473062614012909943e-01	1.162748244426592414e-01
2.200000000000000000e+01	5.054063467989188679e-02	1.674797006383660081e-01
2.300000000000000000e+01	-5.128562772059790803e-02	1.545826227553145915e-01
2.400000000000000000e+01	-1.220540806554096386e-01	8.968001670883314624e-02
2.500000000000000000e+01	-1.406975162193569162e-01	1.953484045206188742e-03
2.600000000000000000e+01	-1.071636759422567309e-01	-7.467566071810612105e-02
2.700000000000000000e+01	-4.010993741339503871e-02	-1.143300305702130704e-01
2.800000000000000000e+01	3.204517366753443369e-02	-1.076399429294931515e-01
2.900000000000000000e+01	8.263258582341431735e-02	-6.319396753245579146e-02
3.000000000000000000e+01	9.626520516637773750e-02	-2.190128113826235283e-03
3.100000000000000000e+01	7.307054042670564631e-02	5.093748244882039672e-02
3.200000000000000000e+01	2.663258783041738340e-02	7.793542093883690236e-02
3.300000000000000000e+01	-2.281827947287659586e-02	7.263195222582571886e-02
3.400000000000000000e+01	-5.676750085144138119e-02	4.156838800044507926e-02
3.500000000000000000e+01	-6.501787861839580795e-02	-1.789460260457187814e-04
3.600000000000000000e+01	-4.826159021864302040e-02	-3.577334745114739423e-02
3.700000000000000000e+01	-1.627120602589596232e-02	-5.306005620644498044e-02
3.800000000000000000e+01	1.699873327182758673e-02	-4.836379454984687798e-02
3.900000000000000000e+01	3.914714294903644948e-02	-2.661625814605209431e-02
4.000000000000000000e+01	4.366890240629545117e-02	1.699060272602812569e-03
4.100000000000000000e+01	3.148769720057824351e-02	2.521994021300209138e-02
4.200000000000000000e+01	9.524618148370300741e-03	3.600862519222159525e-02
4.300000000000000000e+01	-1.271544030637111050e-02	3.196230259125578538e-02
4.400000000000000000e+01	-2.701122130302663349e-02	1.673836108838008471e-02
4.500000000000000000e+01	-2.926103604822300960e-02	-2.423182340996903310e-03
4.600000000000000000e+01	-2.040295671450590570e-02	-1.788833363139709365e-02
4.700000000000000000e+01	-5.326477454250086799e-03	-2.451003785151815995e-02
4.800000000000000000e+01	9.516617514263660954e-03	-2.114571062742145666e-02
4.900000000000000000e+01	1.868256360800461466e-02	-1.047354309148805507e-02
5.000000000000000000e+01	1.961618569855428165e-02	2.492046966767921291e-03
5.100000000000000000e+01	1.317623935938974818e-02	1.263372874974186787e-02
5.200000000000000000e+01	2.812220216645795311e-03	1.661654886628465000e-02
5.300000000000000000e+01	-7.071703274616274529e-03	1.386494356287549384e-02
5.400000000000000000e+01	-1.288927959343274393e-02	6.381490440828935934e-03
5.500000000000000000e+01	-1.308229463631545818e-02	-2.372435502958095740e-03
5.600000000000000000e+01	-8.407341558112089996e-03	-8.971399947344270431e-03
5.700000000000000000e+01	-1.308442514001215227e-03	-1.129668201747885056e-02
5.800000000000000000e+01	5.234786333072091562e-03	-9.106002516395188956e-03
5.900000000000000000e+01	8.876348169940781116e-03	-3.879377823155208318e-03
6.000000000000000000e+01	8.704757650798639404e-03	1.998342332709236203e-03
6.100000000000000000e+01	5.343657688348991443e-03	6.263626587293019340e-03
6.200000000000000000e+01	5.013537203358579743e-04	7.574389957373523288e-03
6.300000000000000000e+01	-3.812896555573019961e-03	5.883574885045131722e-03
6.400000000000000000e+01	-6.090077943994066240e-03	2.256404213273789303e-03
6.500000000000000000e+01	-5.767730494033451727e-03	-1.689475090480173011e-03
6.600000000000000000e+01	-3.353260113061629771e-03	-4.429825618183126298e-03
6.700000000000000000e+01	-6.198569576862165531e-05	-5.130183966611610163e-03
6.800000000000000000e+01	2.759187179661786067e-03	-3.845137262902114782e-03
6.900000000000000000e+01	4.147780194036910020e-03	-1.346126359612882231e-03
7.000000000000000000e+01	3.804763692186568982e-03	1.270823266605184245e-03
7.100000000000000000e+01	2.110478423350002457e-03	3.022612612510982514e-03
7.200000000000000000e+01	-1.094657269436265880e-04	3.392348892581781381e-03
7.300000000000000000e+01	-1.961086295948225033e-03	2.446183372001545665e-03
7.400000000000000000e+01	-2.811161565250146124e-03	7.237180730490498128e-04
7.500000000000000000e+01	-2.493155339721723780e-03	-1.019952526154792663e-03
7.600000000000000000e+01	-1.300325302828681581e-03	-2.138770033580418301e-03
7.700000000000000000e+01	1.998469767377151465e-04	-2.317375386705697402e-03
7.800000000000000000e+01	1.409979401452304566e-03	-1.620029858680923068e-03
7.900000000000000000e+01	1.923418634188732001e-03	-4.369144504352565832e-04
8.000000000000000000e+01	1.656044153198142068e-03	7.242241124563106314e-04
8.100000000000000000e+01	8.175084842899043962e-04	1.439740511700055708e-03
8.200000000000000000e+01	-2.000010721896889037e-04	1.504937287150225284e-03
8.300000000000000000e+01	-9.912287806077395031e-04	9.943839724288272910e-04
8.400000000000000000e+01	-1.296202670363158635e-03	1.792851558359630866e-04
8.500000000000000000e+01	-1.072333790239631294e-03	-5.928004719482688660e-04
8.600000000000000000e+01	-4.816632906760165271e-04	-1.041917079135195202e-03
8.700000000000000000e+01	2.030762024872500898e-04	-1.047739721147553787e-03
8.800000000000000000e+01	7.154103893793782240e-04	-6.781752522285074396e-04
8.900000000000000000e+01	8.965788195733575107e-04	-1.219123561696600571e-04
9.000000000000000000e+01	7.250579258023467661e-04	3.943858117941562830e-04
9.100000000000000000e+01	3.084409348572025498e-04	6.818407568780928242e-04
9.200000000000000000e+01	-1.581990611549387868e-04	6.559143962233091084e-04
9.300000000000000000e+01	-4.889321853823000875e-04	3.852392757940129009e-04
9.400000000000000000e+01	-5.888676624908421040e-04	4.668397159239278786e-06
9.500000000000000000e+01	-4.509294422352877019e-04	-3.312578251773907220e-04
9.600000000000000000e+01	-1.651670297516076168e-04	-5.043622302533938865e-04
9.700000000000000000e+01	1.401136598365705600e-04	-4.723497944877270180e-04
9.800000000000000000e+01	3.496633583288290140e-04	-2.846637005282702613e-04
9.900000000000000000e+01	4.068321155144950883e-04	-3.116367907600163414e-05
1.000000000000000000e+02	3.080188086230721111e-04	1.899865930126065292e-04
1.010000000000000000e+02	1.108915718480788513e-04	2.988477544172962459e-04
1.020000000000000000e+02	-9.529087162436635590e-05	2.694143642735417703e-04
1.030000000000000000e+02	-2.344242897293565583e-04	1.363241422799188625e-04
1.040000000000000000e+02	-2.606446005233820865e-04	-4.004680031293767509e-05
1.050000000000000000e+02	-1.827761707614548078e-04	-1.835441968509556509e-04
1.060000000000000000e+02	-4.781544133953079381e-05	-2.487418364913008910e-04
1.070000000000000000e+02	8.823951606918698420e-05	-2.233793424748615976e-04
