# # Time 	 h_plus 	 h_cross 
# 
-4.090000000000000000e+02	3.755634915371103277e-02	-1.520512751504655979e-01
-4.080000000000000000e+02	4.858866482509584944e-02	-1.489743830802413849e-01
-4.070000000000000000e+02	5.938125860168361886e-02	-1.450941705473442200e-01
-4.060000000000000000e+02	6.987540735419761617e-02	-1.404285967981833139e-01
-4.050000000000000000e+02	8.001368747390791292e-02	-1.349999298760969357e-01
-4.040000000000000000e+02	8.974029202231223468e-02	-1.288346558123413810e-01
-4.030000000000000000e+02	9.900134178096096915e-02	-1.219633644229786706e-01
-4.020000000000000000e+02	1.077451884743168692e-01	-1.144206121012915911e-01
-4.010000000000000000e+02	1.159227084616299974e-01	-1.062447621228255895e-01
-4.000000000000000000e+02	1.234877538962960153e-01	-9.747758943024821543e-02
-3.990000000000000000e+02	1.303970126756303916e-01	-8.816457936951947738e-02
-3.980000000000000000e+02	1.366109216565847551e-01	-7.835482607670757327e-02
-3.970000000000000000e+02	1.420926230181432381e-01	-6.809954418137337262e-02
-3.960000000000000000e+02	1.468095543400931569e-01	-5.745304347180921895e-02
-3.950000000000000000e+02	1.507331599914159548e-01	-4.647206109534903623e-02
-3.940000000000000000e+02	1.538390755205286675e-01	-3.521546741881294990e-02
-3.930000000000000000e+02	1.561072905627753082e-01	-2.374395764542901188e-02
-3.920000000000000000e+02	1.575222896241601500e-01	-1.211972457958570767e-02
-3.910000000000000000e+02	1.580731664626539024e-01	-4.061391691606223270e-04
-3.900000000000000000e+02	1.577537185904545891e-01	1.133259267256831425e-02
-3.890000000000000000e+02	1.565625146381173782e-01	2.303178807905443062e-02
-3.880000000000000000e+02	1.545029347960042987e-01	3.462663738875215030e-02
-3.870000000000000000e+02	1.515831855682249762e-01	4.605256245548706301e-02
-3.860000000000000000e+02	1.478162878191514873e-01	5.724557672773891714e-02
-3.850000000000000000e+02	1.432200379109490052e-01	6.814264510530421148e-02
-3.840000000000000000e+02	1.378179100387636469e-01	7.868259429915791525e-02
-3.830000000000000000e+02	1.316361099594298145e-01	8.880504312492305818e-02
-3.820000000000000000e+02	1.247060037806229371e-01	9.845178639340017301e-02
-3.810000000000000000e+02	1.170635298544275699e-01	1.075670553606286745e-01
-3.800000000000000000e+02	1.087488212195229786e-01	1.160977491618488400e-01
-3.790000000000000000e+02	9.980601108921571818e-02	1.239937533941312814e-01
-3.780000000000000000e+02	9.028301391071393012e-02	1.312082448005790491e-01
-3.770000000000000000e+02	8.023128296456558117e-02	1.376979801662842340e-01
-3.760000000000000000e+02	6.970554562053017655e-02	1.434235676015676864e-01
-3.750000000000000000e+02	5.876351750920866951e-02	1.483497184649946454e-01
-3.740000000000000000e+02	4.746559700681095978e-02	1.524454782668422104e-01
-3.730000000000000000e+02	3.587454156236349889e-02	1.556844349929342175e-01
-3.720000000000000000e+02	2.405602293786944859e-02	1.580448563174533527e-01
-3.710000000000000000e+02	1.207552185184130634e-02	1.595103881569991944e-01
-3.700000000000000000e+02	6.384924800531299745e-07	1.600689925782383949e-01
-3.690000000000000000e+02	-1.210001866780199310e-02	1.597139626816330149e-01
-3.680000000000000000e+02	-2.415730244148183575e-02	1.584437802383371618e-01
-3.670000000000000000e+02	-3.610191922048142099e-02	1.562621638643137412e-01
-3.660000000000000000e+02	-4.786482587461134836e-02	1.531780875552848642e-01
-3.650000000000000000e+02	-5.937762901810111904e-02	1.492057691302572098e-01
-3.640000000000000000e+02	-7.057298436398698471e-02	1.443646282994638652e-01
-3.630000000000000000e+02	-8.138499385397558739e-02	1.386792142450930243e-01
-3.620000000000000000e+02	-9.174911496127347021e-02	1.321794382312609650e-01
-3.610000000000000000e+02	-1.016039620089744799e-01	1.248995773974912182e-01
-3.600000000000000000e+02	-1.108904989699800586e-01	1.168786812748255910e-01
-3.590000000000000000e+02	-1.195524827900078385e-01	1.081604202486728394e-01
-3.580000000000000000e+02	-1.275369709541782914e-01	9.879277481644978265e-02
-3.570000000000000000e+02	-1.347946549096932511e-01	8.882779076846315791e-02
-3.560000000000000000e+02	-1.412801757358323473e-01	7.832130835587401696e-02
-3.550000000000000000e+02	-1.469524200178936868e-01	6.733266669587391340e-02
-3.540000000000000000e+02	-1.517747572113421761e-01	5.592448457543573032e-02
-3.530000000000000000e+02	-1.557153061600477228e-01	4.416241248683727000e-02
-3.520000000000000000e+02	-1.587473981565009351e-01	3.211396512175180434e-02
-3.510000000000000000e+02	-1.608494138340705870e-01	1.984905818782432482e-02
-3.500000000000000000e+02	-1.620050920579391984e-01	7.439309117845879608e-03
-3.490000000000000000e+02	-1.622036693995226042e-01	-5.042371392751916412e-03
-3.480000000000000000e+02	-1.614399886936110362e-01	-1.752219967789699767e-02
-3.470000000000000000e+02	-1.597142726108261856e-01	-2.992589212392873788e-02
-3.460000000000000000e+02	-1.570301832589692248e-01	-4.217844603885508026e-02
-3.450000000000000000e+02	-1.534029211163498163e-01	-5.420645934539083943e-02
-3.440000000000000000e+02	-1.488502730518001249e-01	-6.593708877756468412e-02
-3.430000000000000000e+02	-1.433956672010369138e-01	-7.729882929785880652e-02
-3.420000000000000000e+02	-1.370680779626302359e-01	-8.822195173122653056e-02
-3.410000000000000000e+02	-1.299018970356906333e-01	-9.863893416092353594e-02
-3.400000000000000000e+02	-1.219367708595077565e-01	-1.084848844557542297e-01
-3.390000000000000000e+02	-1.132174050181814356e-01	-1.176979513139457673e-01
-3.380000000000000000e+02	-1.037933363761562033e-01	-1.262197212398297741e-01
-3.370000000000000000e+02	-9.371867391220164989e-02	-1.339955989162029681e-01
-3.360000000000000000e+02	-8.305180941863392341e-02	-1.409751684975539820e-01
-3.350000000000000000e+02	-7.185509942825728247e-02	-1.471125334272281038e-01
-3.340000000000000000e+02	-6.019451992233736809e-02	-1.523666324749447243e-01
-3.330000000000000000e+02	-4.813929555778762026e-02	-1.567015297995409395e-01
-3.320000000000000000e+02	-3.576150532945612803e-02	-1.600866769650999000e-01
-3.310000000000000000e+02	-2.313566675259353875e-02	-1.624971449763270848e-01
-3.300000000000000000e+02	-1.033730702177534239e-02	-1.639138872272915270e-01
-3.290000000000000000e+02	2.555695631196410432e-03	-1.643223041271967000e-01
-3.280000000000000000e+02	1.546261925608789778e-02	-1.637162065835731650e-01
-3.270000000000000000e+02	2.830362497953873777e-02	-1.620952265132502845e-01
-3.260000000000000000e+02	4.099879406800166493e-02	-1.594649598071756491e-01
-3.250000000000000000e+02	5.346860224008960494e-02	-1.558373035778214677e-01
-3.240000000000000000e+02	6.563441672818828843e-02	-1.512304347444776986e-01
-3.230000000000000000e+02	7.741899287853423739e-02	-1.456687494391312176e-01
-3.220000000000000000e+02	8.874696720917418791e-02	-1.391827631369731699e-01
-3.210000000000000000e+02	9.954534382467529474e-02	-1.318089716566064606e-01
-3.200000000000000000e+02	1.097439710843467892e-01	-1.235896734190211205e-01
-3.190000000000000000e+02	1.192760054379192747e-01	-1.145727535997382168e-01
-3.180000000000000000e+02	1.280783593789710795e-01	-1.048114310538614258e-01
-3.170000000000000000e+02	1.360921305221758082e-01	-9.436396913756810167e-02
-3.160000000000000000e+02	1.432630088857310413e-01	-8.329335179016636448e-02
-3.150000000000000000e+02	1.495416595546926741e-01	-7.166692647706146557e-02
-3.140000000000000000e+02	1.548840780146199525e-01	-5.955601582372747199e-02
-3.130000000000000000e+02	1.592529494662449641e-01	-4.703464256929076881e-02
-3.120000000000000000e+02	1.626148324910598464e-01	-3.418134043699938562e-02
-3.110000000000000000e+02	1.649432534005841888e-01	-2.107698007110892294e-02
-3.100000000000000000e+02	1.662184195760907923e-01	-7.804431378197784416e-03
-3.090000000000000000e+02	1.664271683124352863e-01	5.551784856829047529e-03
-3.080000000000000000e+02	1.655631114970291806e-01	1.890602607991971260e-02
-3.070000000000000000e+02	1.636267382002888904e-01	3.217207023036372515e-02
-3.060000000000000000e+02	1.606254739541940479e-01	4.526366782422681229e-02
-3.050000000000000000e+02	1.565736957576528698e-01	5.809510041136917158e-02
-3.040000000000000000e+02	1.514927021202480406e-01	7.058174186410974549e-02
-3.030000000000000000e+02	1.454106377381089166e-01	8.264061888233935338e-02
-3.020000000000000000e+02	1.383623726853977220e-01	9.419096704909121764e-02
-3.010000000000000000e+02	1.303900249748688733e-01	1.051553341362844313e-01
-3.000000000000000000e+02	1.215407630482072954e-01	1.154587231101452255e-01
-2.990000000000000000e+02	1.118687416836426640e-01	1.250294626000077458e-01
-2.980000000000000000e+02	1.014333112747103222e-01	1.338013442480536219e-01
-2.970000000000000000e+02	9.029936154574420837e-02	1.417127086581905226e-01
-2.960000000000000000e+02	7.853706130836932142e-02	1.487069315587815077e-01
-2.950000000000000000e+02	6.622125728893325791e-02	1.547330463392269928e-01
-2.940000000000000000e+02	5.343102355910574197e-02	1.597461377464536314e-01
-2.930000000000000000e+02	4.024917727485752272e-02	1.637077002234564316e-01
-2.920000000000000000e+02	2.676176344651582523e-02	1.665859579671254143e-01
-2.910000000000000000e+02	1.305751461219325539e-02	1.683561812933990764e-01
-2.900000000000000000e+02	-7.727325365448245616e-04	1.690009362351003186e-01
-2.890000000000000000e+02	-1.463662536985790331e-02	1.685100178702155227e-01
-2.880000000000000000e+02	-2.844087170078607452e-02	1.668809067357670262e-01
-2.870000000000000000e+02	-4.209187817339014870e-02	1.641187522963600542e-01
-2.860000000000000000e+02	-5.549638093737351702e-02	1.602364151978268036e-01
-2.850000000000000000e+02	-6.856208207181942182e-02	1.552544576810543642e-01
-2.840000000000000000e+02	-8.119823720190857963e-02	1.492011088009481401e-01
-2.830000000000000000e+02	-9.331553690109795074e-02	1.421126724785373718e-01
-2.820000000000000000e+02	-1.048295786717464151e-01	1.340316459776241809e-01
-2.810000000000000000e+02	-1.156582854324794685e-01	1.250081506280549537e-01
-2.800000000000000000e+02	-1.257236407581323046e-01	1.150991601449664892e-01
-2.790000000000000000e+02	-1.349522661431922510e-01	1.043681811427747269e-01
-2.780000000000000000e+02	-1.432759740549780225e-01	9.288488464969979486e-02
-2.770000000000000000e+02	-1.506322925955649039e-01	8.072469036211021853e-02
-2.760000000000000000e+02	-1.569649271313368066e-01	6.796837634428748443e-02
-2.750000000000000000e+02	-1.622241564118761248e-01	5.470185279341607809e-02
-2.740000000000000000e+02	-1.663677121355589261e-01	4.101436210622248779e-02
-2.730000000000000000e+02	-1.693605282059654771e-01	2.699923679576623006e-02
-2.720000000000000000e+02	-1.711752977917102014e-01	1.275285473144080819e-02
-2.710000000000000000e+02	-1.717927481430353009e-01	-1.626000758085201659e-03
-2.700000000000000000e+02	-1.712018632118369743e-01	-1.603680635252168959e-02
-2.690000000000000000e+02	-1.694000516464795325e-01	-3.037798558550837066e-02
-2.680000000000000000e+02	-1.663918412407822955e-01	-4.454723332390143203e-02
-2.670000000000000000e+02	-1.621916699148305274e-01	-5.844256250716373113e-02
-2.660000000000000000e+02	-1.568245315567456111e-01	-7.196410312379405982e-02
-2.650000000000000000e+02	-1.503221427545251010e-01	-8.501321640927900214e-02
-2.640000000000000000e+02	-1.427246089438129473e-01	-9.749383599457468741e-02
-2.630000000000000000e+02	-1.340801788797537919e-01	-1.093132422129496073e-01
-2.620000000000000000e+02	-1.244450158030066117e-01	-1.203826870207815314e-01
-2.610000000000000000e+02	-1.138828819665189257e-01	-1.306180741596551786e-01
-2.600000000000000000e+02	-1.024647644437317734e-01	-1.399406154030365113e-01
-2.590000000000000000e+02	-9.026844391041310978e-02	-1.482774578106967889e-01
-2.580000000000000000e+02	-7.737800853026363668e-02	-1.555622770203257954e-01
-2.570000000000000000e+02	-6.388331550716759566e-02	-1.617358317496368214e-01
-2.560000000000000000e+02	-4.987940329162569852e-02	-1.667464748634492344e-01
-2.550000000000000000e+02	-3.546585784199398489e-02	-1.705506165787078199e-01
-2.540000000000000000e+02	-2.074613387641864246e-02	-1.731131117444540679e-01
-2.530000000000000000e+02	-5.826799292394151120e-03	-1.744060570398853205e-01
-2.520000000000000000e+02	9.182786647180064821e-03	-1.744139329452577269e-01
-2.510000000000000000e+02	2.417197745728675434e-02	-1.731289936366560145e-01
-2.500000000000000000e+02	3.902931011294981378e-02	-1.705530095496224363e-01
-2.490000000000000000e+02	5.364454226182965163e-02	-1.666969706316692723e-01
-2.480000000000000000e+02	6.790581581872327799e-02	-1.615820517797419698e-01
-2.470000000000000000e+02	8.170389298705314773e-02	-1.552389803050936434e-01
-2.460000000000000000e+02	9.493224858824129975e-02	-1.477079305432030254e-01
-2.450000000000000000e+02	1.074876966306752279e-01	-1.390383788876869420e-01
-2.440000000000000000e+02	1.192712070206303349e-01	-1.292888396048017807e-01
-2.430000000000000000e+02	1.301887027249835904e-01	-1.185265287014549140e-01
-2.420000000000000000e+02	1.401518310443820581e-01	-1.068269571446790744e-01
-2.410000000000000000e+02	1.490787027241528562e-01	-9.427345528769810745e-02
-2.400000000000000000e+02	1.568945927472913948e-01	-8.095663091378148268e-02
-2.390000000000000000e+02	1.635325968201314095e-01	-6.697376385938948185e-02
-2.380000000000000000e+02	1.689348716440295106e-01	-5.242798422624388166e-02
-2.370000000000000000e+02	1.730524929356711539e-01	-3.742788146579098529e-02
-2.360000000000000000e+02	1.758440559271056969e-01	-2.208641883032769551e-02
-2.350000000000000000e+02	1.772793457822861574e-01	-6.520446314715861932e-03
-2.340000000000000000e+02	1.773384131902471794e-01	9.150332277524977562e-03
-2.330000000000000000e+02	1.760118585362426824e-01	2.480425778728174296e-02
-2.320000000000000000e+02	1.733010378721697720e-01	4.031864346608080713e-02
-2.310000000000000000e+02	1.692181876060218915e-01	5.557072530594116960e-02
-2.300000000000000000e+02	1.637864654052886837e-01	7.043862785793737757e-02
-2.290000000000000000e+02	1.570399054186418231e-01	8.480233818714781602e-02
-2.280000000000000000e+02	1.490235955340261653e-01	9.854421314127587150e-02
-2.270000000000000000e+02	1.397926718091755949e-01	1.115513323196354045e-01
-2.260000000000000000e+02	1.294125757969764312e-01	1.237152054700042525e-01
-2.250000000000000000e+02	1.179586119257813176e-01	1.349329303372806821e-01
-2.240000000000000000e+02	1.055159394770309733e-01	1.451088858565043604e-01
-2.230000000000000000e+02	9.217802067314372072e-02	1.541546952917528246e-01
-2.220000000000000000e+02	7.804547389974147986e-02	1.619885673063268250e-01
-2.210000000000000000e+02	6.322726852175819534e-02	1.685387225199311556e-01
-2.200000000000000000e+02	4.783904665524308514e-02	1.737430743971861424e-01
-2.190000000000000000e+02	3.200227163101426742e-02	1.775498662516926673e-01
-2.180000000000000000e+02	1.584331429925575629e-02	1.799182346175371427e-01
-2.170000000000000000e+02	-5.072959662991863381e-04	1.808186934452442607e-01
-2.160000000000000000e+02	-1.691460165550580722e-02	1.802337535873976826e-01
-2.150000000000000000e+02	-3.324560478046114514e-02	1.781579399035422562e-01
-2.140000000000000000e+02	-4.936459105915209228e-02	1.745978618842249364e-01
-2.130000000000000000e+02	-6.513618539461214774e-02	1.695725004952313431e-01
-2.120000000000000000e+02	-8.042647976665295850e-02	1.631132235032526911e-01
-2.110000000000000000e+02	-9.510416887584477452e-02	1.552636982028706147e-01
-2.100000000000000000e+02	-1.090416419881974491e-01	1.460796434223939344e-01
-2.090000000000000000e+02	-1.221161411683817227e-01	1.356286208535713855e-01
-2.080000000000000000e+02	-1.342109979141571374e-01	1.239897472193888933e-01
-2.070000000000000000e+02	-1.452165122119059293e-01	1.112529332855859004e-01
-2.060000000000000000e+02	-1.550310515010865642e-01	9.751838840161197730e-02
-2.050000000000000000e+02	-1.635620320626361146e-01	8.289591602779364243e-02
-2.040000000000000000e+02	-1.707264053496042600e-01	6.750521661495650916e-02
-2.030000000000000000e+02	-1.764529635610537217e-01	5.147197948150918079e-02
-2.020000000000000000e+02	-1.806816253604401346e-01	3.492943806368149773e-02
-2.010000000000000000e+02	-1.833645195116861693e-01	1.801677314602606259e-02
-2.000000000000000000e+02	-1.844666195084384286e-01	8.779205807692061882e-04
-1.990000000000000000e+02	-1.839662383933958478e-01	-1.633960297877732129e-02
-1.980000000000000000e+02	-1.818546013806984218e-01	-3.348577722223311515e-02
-1.970000000000000000e+02	-1.781376206681420105e-01	-5.040936981457415367e-02
-1.960000000000000000e+02	-1.728367258777450954e-01	-6.695981116735567895e-02
-1.950000000000000000e+02	-1.659864439330448194e-01	-8.298802186637627143e-02
-1.940000000000000000e+02	-1.576353971015354849e-01	-9.834784603611299025e-02
-1.930000000000000000e+02	-1.478460854073382902e-01	-1.128973872284342733e-01
-1.920000000000000000e+02	-1.366947006449175384e-01	-1.265001611136488402e-01
-1.910000000000000000e+02	-1.242702101292614408e-01	-1.390269408270784490e-01
-1.900000000000000000e+02	-1.106740786877778993e-01	-1.503565134310051732e-01
-1.890000000000000000e+02	-9.601961582618175062e-02	-1.603769158000829531e-01
-1.880000000000000000e+02	-8.043105215284945819e-02	-1.689867025105276366e-01
-1.870000000000000000e+02	-6.404225472666456864e-02	-1.760951189917479842e-01
-1.860000000000000000e+02	-4.699661771571158470e-02	-1.816249380629397503e-01
-1.850000000000000000e+02	-2.944537567610876205e-02	-1.855132705343715549e-01
-1.840000000000000000e+02	-1.154587240509543505e-02	-1.877108072241946979e-01
-1.830000000000000000e+02	6.539434586170413642e-03	-1.881832367882727841e-01
-1.820000000000000000e+02	2.464446040780413766e-02	-1.869117938838711357e-01
-1.810000000000000000e+02	4.260084379730671306e-02	-1.838936799136518530e-01
-1.800000000000000000e+02	6.023954103015402572e-02	-1.791423560592763364e-01
-1.790000000000000000e+02	7.739239334423510253e-02	-1.726876807204035524e-01
-1.780000000000000000e+02	9.389371763719728259e-02	-1.645758966598280526e-01
-1.770000000000000000e+02	1.095819582559622724e-01	-1.548694274940153881e-01
-1.760000000000000000e+02	1.243011345324659955e-01	-1.436466406861307554e-01
-1.750000000000000000e+02	1.379024803762566309e-01	-1.310013711222461630e-01
-1.740000000000000000e+02	1.502460600077585584e-01	-1.170422277261955885e-01
-1.730000000000000000e+02	1.612021774850018463e-01	-1.018918901363561474e-01
-1.720000000000000000e+02	1.706524012997052975e-01	-8.568570905737307730e-02
-1.710000000000000000e+02	1.784921582111420879e-01	-6.857155487252419857e-02
-1.700000000000000000e+02	1.846314483840699461e-01	-5.070798794382919139e-02
-1.690000000000000000e+02	1.889949929374897808e-01	-3.226256923085017714e-02
-1.680000000000000000e+02	1.915238812175722727e-01	-1.341071186791440752e-02
-1.670000000000000000e+02	1.921764095025020047e-01	5.665583024526001966e-03
-1.660000000000000000e+02	1.909288807401088583e-01	2.477968738734179915e-02
-1.650000000000000000e+02	1.877761424459337414e-01	4.374209858317036625e-02
-1.640000000000000000e+02	1.827319346166674241e-01	6.236234185065918367e-02
-1.630000000000000000e+02	1.758291009999764787e-01	8.045072425374184821e-02
-1.620000000000000000e+02	1.671196085030258183e-01	9.782027948339827583e-02
-1.610000000000000000e+02	1.566744058544558560e-01	1.142886606940488048e-01
-1.600000000000000000e+02	1.445831401881581824e-01	1.296800182004124724e-01
-1.590000000000000000e+02	1.309532857579830400e-01	1.438272903573682426e-01
-1.580000000000000000e+02	1.159095617763201552e-01	1.565737312902628631e-01
-1.570000000000000000e+02	9.959301840787813942e-02	1.677748247641311363e-01
-1.560000000000000000e+02	8.215975673699862925e-02	1.772998650039551427e-01
-1.550000000000000000e+02	6.377957758767793806e-02	1.850334707798081402e-01
-1.540000000000000000e+02	4.463476264947507238e-02	1.908773143429128016e-01
-1.530000000000000000e+02	2.491824177062353443e-02	1.947514231415770347e-01
-1.520000000000000000e+02	4.831868760107860782e-03	1.965955101632059776e-01
-1.510000000000000000e+02	-1.541610656352640323e-02	1.963700847333113286e-01
-1.500000000000000000e+02	-3.561241008526355722e-02	1.940559902549980065e-01
-1.490000000000000000e+02	-5.554109795306207825e-02	1.896565059962885547e-01
-1.480000000000000000e+02	-7.498607152878475346e-02	1.831971668317838309e-01
-1.470000000000000000e+02	-9.373294830278756928e-02	1.747260153328990262e-01
-1.460000000000000000e+02	-1.115715819222568572e-01	1.643135202851696564e-01
-1.450000000000000000e+02	-1.282979095011164417e-01	1.520515248568121702e-01
-1.440000000000000000e+02	-1.437180480870376420e-01	1.380545741223150880e-01
-1.430000000000000000e+02	-1.576484413679434815e-01	1.224584500601651471e-01
-1.420000000000000000e+02	-1.699192378907055934e-01	1.054182121312708942e-01
-1.410000000000000000e+02	-1.803763464633836022e-01	8.710737264016844839e-02
-1.400000000000000000e+02	-1.888844066328987104e-01	6.771697014387535740e-02
-1.390000000000000000e+02	-1.953258553975362188e-01	4.745157971344635822e-02
-1.380000000000000000e+02	-1.996051331080722080e-01	2.652925812743060080e-02
-1.370000000000000000e+02	-2.016494508355514692e-01	5.179998543730604706e-03
-1.360000000000000000e+02	-2.014102159615023813e-01	-1.635880482378770928e-02
-1.350000000000000000e+02	-1.988625205230353243e-01	-3.784292734010315240e-02
-1.340000000000000000e+02	-1.940109068077511267e-01	-5.902493572886304690e-02
-1.330000000000000000e+02	-1.868846004925029947e-01	-7.965728079215846080e-02
-1.320000000000000000e+02	-1.775401853217791481e-01	-9.949296302917705337e-02
-1.310000000000000000e+02	-1.660610018502368390e-01	-1.182907679865016493e-01
-1.300000000000000000e+02	-1.525569854006878778e-01	-1.358177626340521804e-01
-1.290000000000000000e+02	-1.371630486502720403e-01	-1.518518646536932692e-01
-1.280000000000000000e+02	-1.200393822885118394e-01	-1.661848424009720604e-01
-1.270000000000000000e+02	-1.013692119897170452e-01	-1.786249243121167951e-01
-1.260000000000000000e+02	-8.135725747648182848e-02	-1.889992195308319023e-01
-1.250000000000000000e+02	-6.022800347781952224e-02	-1.971552199477454304e-01
-1.240000000000000000e+02	-3.822481121090211958e-02	-2.029659777305969082e-01
-1.230000000000000000e+02	-1.560638358316730062e-02	-2.063324931057188560e-01
-1.220000000000000000e+02	7.357182942327919126e-03	-2.071830577488869007e-01
-1.210000000000000000e+02	3.038697267961455728e-02	-2.054756802254320003e-01
-1.200000000000000000e+02	5.319857040544812704e-02	-2.011996945946789017e-01
-1.190000000000000000e+02	7.550373739376708970e-02	-1.943730279854031240e-01
-1.180000000000000000e+02	9.701435584762557740e-02	-1.850484473167892940e-01
-1.170000000000000000e+02	1.174466911711698203e-01	-1.733083261676475473e-01
-1.160000000000000000e+02	1.365247108900921602e-01	-1.592685080581226764e-01
-1.150000000000000000e+02	1.539853668737202752e-01	-1.430792785493523733e-01
-1.140000000000000000e+02	1.695811756227635081e-01	-1.249220622211282411e-01
-1.130000000000000000e+02	1.830836508473128732e-01	-1.050078327753244806e-01
-1.120000000000000000e+02	1.942879336016457292e-01	-8.357275322178168986e-02
-1.110000000000000000e+02	2.030150560351914324e-01	-6.087843266787695828e-02
-1.100000000000000000e+02	2.091177573447994265e-01	-3.720540477005832014e-02
-1.090000000000000000e+02	2.124793303657617483e-01	-1.285105290374322952e-02
-1.080000000000000000e+02	2.130115655020869414e-01	1.187314156980329855e-02
-1.070000000000000000e+02	2.106644621201456125e-01	3.663755254216294333e-02
-1.060000000000000000e+02	2.054237320987385984e-01	6.110119806928857034e-02
-1.050000000000000000e+02	1.973160698487539944e-01	8.492003556427896171e-02
-1.040000000000000000e+02	1.864113061671194005e-01	1.077506567967166928e-01
-1.030000000000000000e+02	1.728236224951629763e-01	1.292619062915856265e-01
-1.020000000000000000e+02	1.567022393315593010e-01	1.491372580951829674e-01
-1.010000000000000000e+02	1.382370860882690400e-01	1.670768013602980107e-01
-1.000000000000000000e+02	1.176542457408928793e-01	1.827986938378964865e-01
-9.900000000000000000e+01	9.521076556056341789e-02	1.960406942613789061e-01
-9.800000000000000000e+01	7.119640845875020718e-02	2.065719407276370156e-01
-9.700000000000000000e+01	4.593085218643098988e-02	2.141915074797810237e-01
-9.600000000000000000e+01	1.976358927701452745e-02	2.187414637463546419e-01
-9.500000000000000000e+01	-6.935978059083188624e-03	2.201030744193855915e-01
-9.400000000000000000e+01	-3.377700231720139751e-02	2.182021246422885530e-01
-9.300000000000000000e+01	-6.035621063613373638e-02	2.130116823931055836e-01
-9.200000000000000000e+01	-8.626679194968950304e-02	2.045551101194383881e-01
-9.100000000000000000e+01	-1.111050684698871166e-01	1.929038997520865772e-01
-9.000000000000000000e+01	-1.344754049011659680e-01	1.781807433178565769e-01
-8.900000000000000000e+01	-1.559920021258631440e-01	1.605587015216818902e-01
-8.800000000000000000e+01	-1.752885145506937192e-01	1.402588957441059658e-01
-8.700000000000000000e+01	-1.920188890132497606e-01	1.175510184958592497e-01
-8.600000000000000000e+01	-2.058697159125044696e-01	9.275104953778071093e-02
-8.500000000000000000e+01	-2.165655709974913246e-01	6.621602268851477235e-02
-8.400000000000000000e+01	-2.238728757900991517e-01	3.833964418412653258e-02
-8.300000000000000000e+01	-2.276099572869134391e-01	9.549395410050325744e-03
-8.200000000000000000e+01	-2.276461228718107688e-01	-1.970097356792859314e-02
-8.100000000000000000e+01	-2.239075091530845218e-01	-4.893703900450083882e-02
-8.000000000000000000e+01	-2.163808356488272633e-01	-7.767074125289571973e-02
-7.900000000000000000e+01	-2.051160602218249362e-01	-1.054054354980586972e-01
-7.800000000000000000e+01	-1.902281166575311433e-01	-1.316484226809742641e-01
-7.700000000000000000e+01	-1.718967832911557636e-01	-1.559181973804645294e-01
-7.600000000000000000e+01	-1.503668945253703315e-01	-1.777509619196015467e-01
-7.500000000000000000e+01	-1.259478621125136588e-01	-1.967118015083638982e-01
-7.400000000000000000e+01	-9.900903806013280906e-02	-2.124028366911406285e-01
-7.300000000000000000e+01	-6.997667516115554931e-02	-2.244710726943404955e-01
-7.200000000000000000e+01	-3.932854214065816673e-02	-2.326167426666790328e-01
-7.100000000000000000e+01	-7.588216181783691457e-03	-2.366020764305393764e-01
-7.000000000000000000e+01	2.468331257532776352e-02	-2.362576405714627847e-01
-6.900000000000000000e+01	5.689664620988206523e-02	-2.314884508725360279e-01
-6.800000000000000000e+01	8.844252807232577673e-02	-2.222789192241228229e-01
-6.700000000000000000e+01	1.187025572846239080e-01	-2.086976836250805933e-01
-6.600000000000000000e+01	1.470612454200787567e-01	-1.909000856119436595e-01
-6.500000000000000000e+01	1.729181163213968919e-01	-1.691282508692353304e-01
-6.400000000000000000e+01	1.956991500144431573e-01	-1.437115566047171000e-01
-6.300000000000000000e+01	2.148693017260442373e-01	-1.150647719279727782e-01
-6.200000000000000000e+01	2.299464425989733440e-01	-8.368308262372088635e-02
-6.100000000000000000e+01	2.405133144960158176e-01	-5.013559162838316513e-02
-6.000000000000000000e+01	2.462285585398929222e-01	-1.505938410692405326e-02
-5.900000000000000000e+01	2.468384840755252219e-01	2.084982258076462092e-02
-5.800000000000000000e+01	2.421873712516916521e-01	5.685158625995977849e-02
-5.700000000000000000e+01	2.322253755395572161e-01	9.217308241016199111e-02
-5.600000000000000000e+01	2.170164214945785319e-01	1.260221999658703296e-01
-5.500000000000000000e+01	1.967435004098528617e-01	1.576037238018246078e-01
-5.400000000000000000e+01	1.717080797616819809e-01	1.861425657863670924e-01
-5.300000000000000000e+01	1.423339307351669525e-01	2.108949967738514009e-01
-5.200000000000000000e+01	1.091652150317543035e-01	2.311692368848624890e-01
-5.100000000000000000e+01	7.286444450519301286e-02	2.463451977801464909e-01
-5.000000000000000000e+01	3.418889433222876972e-02	2.558988554341713462e-01
-4.900000000000000000e+01	-6.005395897362234177e-03	2.594120606202885426e-01
-4.800000000000000000e+01	-4.678222606621706969e-02	2.565930866388125287e-01
-4.700000000000000000e+01	-8.714280897230994305e-02	2.472926286243097016e-01
-4.600000000000000000e+01	-1.260449771706687039e-01	2.315175345163877352e-01
-4.500000000000000000e+01	-1.624280274491905762e-01	2.094456440333614666e-01
-4.400000000000000000e+01	-1.952504856079780027e-01	1.814209988626985237e-01
-4.300000000000000000e+01	-2.234996427947945341e-01	1.479676888555882530e-01
-4.200000000000000000e+01	-2.462255164840862487e-01	1.097943583605337364e-01
-4.100000000000000000e+01	-2.625842535126169386e-01	6.776745396505916286e-02
-4.000000000000000000e+01	-2.718523291554075794e-01	2.291782897373116287e-02
-3.900000000000000000e+01	-2.734729025994965257e-01	-2.357703825081087362e-02
-3.800000000000000000e+01	-2.670745542119283278e-01	-7.041807345377973371e-02
-3.700000000000000000e+01	-2.525034285916755161e-01	-1.162112695071319812e-01
-3.600000000000000000e+01	-2.298410999046174297e-01	-1.595131307118430042e-01
-3.500000000000000000e+01	-1.994261600132017087e-01	-1.988480512858497307e-01
-3.400000000000000000e+01	-1.618753507949480530e-01	-2.327732100248843805e-01
-3.300000000000000000e+01	-1.180742881509557196e-01	-2.599219136502236571e-01
-3.200000000000000000e+01	-6.918469814363734094e-02	-2.790499696471127611e-01
-3.100000000000000000e+01	-1.663027460823719023e-02	-2.890953870572560702e-01
-3.000000000000000000e+01	3.793386981513005574e-02	-2.892338748192799236e-01
-2.900000000000000000e+01	9.264037291815083175e-02	-2.789299126761137226e-01
-2.800000000000000000e+01	1.454670907188420070e-01	-2.579883578022426072e-01
-2.700000000000000000e+01	1.943010577927933857e-01	-2.266185367802530382e-01
-2.600000000000000000e+01	2.369967948538329594e-01	-1.854441358245804417e-01
-2.500000000000000000e+01	2.714698089023149241e-01	-1.355345404639044793e-01
-2.400000000000000000e+01	2.957792638124628337e-01	-7.843030589740017378e-02
-2.300000000000000000e+01	3.082426286633219714e-01	-1.611411681063181986e-02
-2.200000000000000000e+01	3.075334638407996590e-01	4.899732112495410602e-02
-2.100000000000000000e+01	2.927990975605267998e-01	1.141106019235808428e-01
-2.000000000000000000e+01	2.637646747658233815e-01	1.761582446474747876e-01
-1.900000000000000000e+01	2.208368491368484787e-01	2.318715592719115537e-01
-1.800000000000000000e+01	1.651531237310176203e-01	2.779623092685339358e-01
-1.700000000000000000e+01	9.867560216131286699e-02	3.112582976798290435e-01
-1.600000000000000000e+01	2.423481163878246983e-02	3.289526449317437540e-01
-1.500000000000000000e+01	-5.459895552974489835e-02	3.287504384437290317e-01
-1.400000000000000000e+01	-1.334981138903859332e-01	3.091333327093929162e-01
-1.300000000000000000e+01	-2.075045408926995405e-01	2.696513726898835395e-01
-1.200000000000000000e+01	-2.713546966399812965e-01	2.111152385735421966e-01
-1.100000000000000000e+01	-3.197479967782252963e-01	1.357778810543204817e-01
-1.000000000000000000e+01	-3.477338946894247829e-01	4.748360471749483308e-02
-9.000000000000000000e+00	-3.512374651978801832e-01	-4.831734703790110247e-02
-8.000000000000000000e+00	-3.275345682712895723e-01	-1.447436294391399869e-01
-7.000000000000000000e+00	-2.758117121927146087e-01	-2.337141074584574985e-01
-6.000000000000000000e+00	-1.977937732501353907e-01	-3.064956084220945010e-01
-5.000000000000000000e+00	-9.810185381939129368e-02	-3.544808873692841811e-01
-4.000000000000000000e+00	1.553936682575069589e-02	-3.701798044331458537e-01
-3.000000000000000000e+00	1.324532725985819170e-01	-3.484603246957385658e-01
-2.000000000000000000e+00	2.396568956378946347e-01	-2.878098856661516214e-01
-1.000000000000000000e+00	3.231108809893381562e-01	-1.915025253762311364e-01
0.000000000000000000e+00	3.695669215224227089e-01	-6.836268061620057179e-02
1.000000000000000000e+00	3.689971809919473378e-01	6.724109092139497756e-02
2.000000000000000000e+00	3.172434975701584059e-01	1.965400737543579746e-01
3.000000000000000000e+00	2.181414865196900088e-01	2.989530940634053668e-01
4.000000000000000000e+00	8.446646074444515151e-02	3.556546332477277250e-01
5.000000000000000000e+00	-6.279863914986856532e-02	3.539555642390254109e-01
6.000000000000000000e+00	-1.975323423601760553e-01	2.911729054184965526e-01
7.000000000000000000e+00	-2.934334285850770385e-01	1.769682588537854206e-01
8.000000000000000000e+00	-3.303172648416956569e-01	3.308413456381548851e-02
9.000000000000000000e+00	-3.000565094865714766e-01	-1.106455088692579192e-01
1.000000000000000000e+01	-2.098430938617213970e-01	-2.231752180107987871e-01
1.100000000000000000e+01	-8.138597617045668919e-02	-2.802975516787402643e-01
1.200000000000000000e+01	5.432165472253542432e-02	-2.713072704741484320e-01
1.300000000000000000e+01	1.651847460568245940e-01	-2.020363044140125741e-01
1.400000000000000000e+01	2.265883956126866494e-01	-9.318743943268507912e-02
1.500000000000000000e+01	2.277728664710669815e-01	2.560256763179652797e-02
1.600000000000000000e+01	1.740939418131171590e-01	1.241876448813769712e-01
1.700000000000000000e+01	8.459345244020509413e-02	1.801486698085838500e-01
1.800000000000000000e+01	-1.422435959222221984e-02	1.842855364378872818e-01
1.900000000000000000e+01	-9.624098442751678750e-02	1.418771325726908283e-01
2.000000000000000000e+01	-1.427084019860070108e-01	6.965860336685816834e-02
2.100000000000000000e+01	-1.464800943743184980e-01	-9.944106918481989549e-03
2.200000000000000000e+01	-1.124184285958636370e-01	-7.554467115347529571e-02
2.300000000000000000e+01	-5.456729539502189891e-02	-1.122122924690525242e-01
2.400000000000000000e+01	8.728662899489279814e-03	-1.145247315050625520e-01
2.500000000000000000e+01	6.020139228882163962e-02	-8.675801937534241559e-02
2.600000000000000000e+01	8.808296503564624902e-02	-4.049197593706483495e-02
2.700000000000000000e+01	8.846825864973179021e-02	9.405565556709669095e-03
2.800000000000000000e+01	6.529581581563692616e-02	4.917381960987525502e-02
2.900000000000000000e+01	2.821833085516116391e-02	6.971672928706476591e-02
3.000000000000000000e+01	-1.077180895202170356e-02	6.844300967697436455e-02
3.100000000000000000e+01	-4.096103947606215961e-02	4.902223521496921338e-02
3.200000000000000000e+01	-5.561710557337599253e-02	1.944908487962531199e-02
3.300000000000000000e+01	-5.321500167024046518e-02	-1.076904331495871607e-02
3.400000000000000000e+01	-3.704742056021195773e-02	-3.342063403124490018e-02
3.500000000000000000e+01	-1.361707973029946395e-02	-4.362764854502205331e-02
3.600000000000000000e+01	9.660135604315859756e-03	-4.059393880843464864e-02
3.700000000000000000e+01	2.655193971763531238e-02	-2.722145382846873768e-02
3.800000000000000000e+01	3.353214902239484013e-02	-8.728784894748844309e-03
3.900000000000000000e+01	3.028676303797893377e-02	9.114026899002375046e-03
4.000000000000000000e+01	1.931123848146386671e-02	2.162040887977697071e-02
4.100000000000000000e+01	4.776652025702629416e-03	2.629355011478677617e-02
4.200000000000000000e+01	-8.869932292681743935e-03	2.310216113854763123e-02
4.300000000000000000e+01	-1.810015940463022971e-02	1.414580581793951908e-02
4.400000000000000000e+01	-2.111673390785167095e-02	2.738787146140811164e-03
4.500000000000000000e+01	-1.812785127926350159e-02	-7.667591445312164390e-03
4.600000000000000000e+01	-1.083130166240713239e-02	-1.443486082313570965e-02
4.700000000000000000e+01	-1.883959608356161391e-03	-1.632069025060358877e-02
4.800000000000000000e+01	6.065266202413168405e-03	-1.358510125850919542e-02
4.900000000000000000e+01	1.103345123012354143e-02	-7.660103726364468277e-03
5.000000000000000000e+01	1.212232216290225033e-02	-6.349128076206599731e-04
5.100000000000000000e+01	9.636319905230901484e-03	5.399476900718777617e-03
5.200000000000000000e+01	4.840841850336150692e-03	8.982770142558313409e-03
5.300000000000000000e+01	-6.303001340052953377e-04	9.522773206424519840e-03
5.400000000000000000e+01	-5.185888590461300122e-03	7.359769672684408556e-03
5.500000000000000000e+01	-7.720316313021085251e-03	3.491904857457527392e-03
5.600000000000000000e+01	-7.899077505978294861e-03	-7.330288977040900350e-04
5.700000000000000000e+01	-6.048969683798525142e-03	-4.151011539944649345e-03
5.800000000000000000e+01	-2.957353559216475882e-03	-5.938905396776514821e-03
5.900000000000000000e+01	3.181792810110224256e-04	-5.896448883847580508e-03
6.000000000000000000e+01	2.872794538094849189e-03	-4.301754195957218849e-03
6.100000000000000000e+01	4.132665485782316926e-03	-1.844338630305575365e-03
6.200000000000000000e+01	3.962780386156618782e-03	6.880076966331784716e-04
6.300000000000000000e+01	2.617418941641057057e-03	2.589000855505306075e-03
6.400000000000000000e+01	6.706825121508203699e-04	3.455217236823409418e-03
6.500000000000000000e+01	-1.266286817022930578e-03	3.215710368927059571e-03
6.600000000000000000e+01	-2.683709180749521955e-03	2.118649440277836984e-03
6.700000000000000000e+01	-3.284689079370374347e-03	5.848248114182945986e-04
6.800000000000000000e+01	-3.004612345467233634e-03	-9.011046669823307050e-04
6.900000000000000000e+01	-2.081230102133409688e-03	-1.929619593923765893e-03
7.000000000000000000e+01	-8.789381351220977622e-04	-2.316813009539808645e-03
7.100000000000000000e+01	2.532638131348385869e-04	-2.066759556741392615e-03
7.200000000000000000e+01	1.023568755293633066e-03	-1.317203192720094304e-03
7.300000000000000000e+01	1.284759947044001281e-03	-3.659938712682356764e-04
7.400000000000000000e+01	1.030229939222342388e-03	5.090115716046317599e-04
7.500000000000000000e+01	4.198194931808136654e-04	1.080150673975260791e-03
7.600000000000000000e+01	-3.285475811742593765e-04	1.231018318237455875e-03
7.700000000000000000e+01	-9.895633442665882715e-04	1.004413572419779119e-03
7.800000000000000000e+01	-1.401701249931010555e-03	5.136121642294365700e-04
7.900000000000000000e+01	-1.490207190756200886e-03	-6.806240053352911358e-05
8.000000000000000000e+01	-1.282114915097969836e-03	-5.669582604051251994e-04
8.100000000000000000e+01	-8.824540001904713007e-04	-8.613839741709782222e-04
8.200000000000000000e+01	-4.296333585452511718e-04	-9.075530866622343170e-04
8.300000000000000000e+01	-4.905079951655395452e-05	-7.245426510441856875e-04
8.400000000000000000e+01	1.655582277095126256e-04	-4.007436648796852794e-04
8.500000000000000000e+01	1.803836220983585828e-04	-4.161897529612981387e-05
8.600000000000000000e+01	2.445070609990010861e-05	2.460683948678334750e-04
8.700000000000000000e+01	-2.318899127161119333e-04	3.983010126270525547e-04
8.800000000000000000e+01	-5.048418022681316073e-04	3.980446423977431944e-04
8.900000000000000000e+01	-7.190685948306643326e-04	2.694644805982804856e-04
9.000000000000000000e+01	-8.213654358284308609e-04	6.676438904126032051e-05
9.100000000000000000e+01	-8.070109604874506825e-04	-1.412803880405332207e-04
9.200000000000000000e+01	-6.967453236242473254e-04	-2.981672767581251045e-04
9.300000000000000000e+01	-5.341223423261774348e-04	-3.685287174229447474e-04
9.400000000000000000e+01	-3.715407378825362245e-04	-3.462597263814591792e-04
9.500000000000000000e+01	-2.527485141395434528e-04	-2.513027995337811012e-04
9.600000000000000000e+01	-2.042636960798730145e-04	-1.218333575908154897e-04
9.700000000000000000e+01	-2.256853838722168827e-04	4.230456714263562649e-06
9.800000000000000000e+01	-3.006965165736658237e-04	9.315902888095468242e-05
9.900000000000000000e+01	-4.014844169425391628e-04	1.279811306581028470e-04
1.000000000000000000e+02	-4.960307804756967183e-04	1.082605791296986343e-04
1.010000000000000000e+02	-5.602863915012464696e-04	4.841771507600828805e-05
1.020000000000000000e+02	-5.822480117466954670e-04	-2.885499287194191498e-05
1.030000000000000000e+02	-5.632874683676390411e-04	-9.993195658239153415e-05
1.040000000000000000e+02	-5.084767615607799348e-04	-1.447174483352283618e-04
1.050000000000000000e+02	-4.445332240078459039e-04	-1.554632690459377626e-04
1.060000000000000000e+02	-3.896382043235228215e-04	-1.352461846291158685e-04
1.070000000000000000e+02	-3.576135821736146068e-04	-9.328333329831542788e-05
