# # Time 	 h_plus 	 h_cross 
# 
-4.090000000000000000e+02	8.761539990167982461e-02	1.020993270094725236e-01
-4.080000000000000000e+02	7.815108591595225362e-02	1.096052951251255403e-01
-4.070000000000000000e+02	6.803677185450000831e-02	1.162418836272633010e-01
-4.060000000000000000e+02	5.735172053938792508e-02	1.219520730216013260e-01
-4.050000000000000000e+02	4.618026922602878892e-02	1.266860233496979737e-01
-4.040000000000000000e+02	3.461118321247186325e-02	1.304015326620639736e-01
-4.030000000000000000e+02	2.273696740188237836e-02	1.330644376462477574e-01
-4.020000000000000000e+02	1.065314096101523285e-02	1.346489524995790332e-01
-4.010000000000000000e+02	-1.542519414239999298e-03	1.351379425900337272e-01
-4.000000000000000000e+02	-1.375076178681963919e-02	1.345231299375573286e-01
-3.990000000000000000e+02	-2.587164803756657194e-02	1.328052305343652428e-01
-3.980000000000000000e+02	-3.780540684756608649e-02	1.299940116402795720e-01
-3.970000000000000000e+02	-4.945322481708897683e-02	1.261082798212407596e-01
-3.960000000000000000e+02	-6.071806715115291714e-02	1.211757968785793366e-01
-3.950000000000000000e+02	-7.150549582312130947e-02	1.152331187029267401e-01
-3.940000000000000000e+02	-8.172471594508516624e-02	1.083256650556285589e-01
-3.930000000000000000e+02	-9.128881736324727381e-02	1.005066123237518955e-01
-3.920000000000000000e+02	-1.001157285956185000e-01	9.183699556333359271e-02
-3.910000000000000000e+02	-1.081291347046348245e-01	8.238546261602681942e-02
-3.900000000000000000e+02	-1.152590431889978784e-01	7.222757736098579795e-02
-3.890000000000000000e+02	-1.214424174599470357e-01	6.144524347759001970e-02
-3.880000000000000000e+02	-1.266237583527447252e-01	5.012606955945066167e-02
-3.870000000000000000e+02	-1.307556281878053395e-01	3.836268021214523510e-02
-3.860000000000000000e+02	-1.337991123034208696e-01	2.625197828486477980e-02
-3.850000000000000000e+02	-1.357242119615914844e-01	1.389437829798603578e-02
-3.840000000000000000e+02	-1.365101739261357916e-01	1.393006548441831898e-03
-3.830000000000000000e+02	-1.361457398363636051e-01	-1.114731800149160353e-02
-3.820000000000000000e+02	-1.346292912389432106e-01	-2.362073972335910002e-02
-3.810000000000000000e+02	-1.319689553668810522e-01	-3.592133263920767317e-02
-3.800000000000000000e+02	-1.281826139074404292e-01	-4.794399839560088694e-02
-3.790000000000000000e+02	-1.232978289661550847e-01	-5.958536614781008434e-02
-3.780000000000000000e+02	-1.173516858655934275e-01	-7.074468671554255683e-02
-3.770000000000000000e+02	-1.103906349500827083e-01	-8.132477359628079161e-02
-3.760000000000000000e+02	-1.024700366213582570e-01	-9.123280686892848435e-02
-3.750000000000000000e+02	-9.365361823661012830e-02	-1.003809888083213309e-01
-3.740000000000000000e+02	-8.401334485782127603e-02	-1.086876002225472954e-01
-3.730000000000000000e+02	-7.362871185866734502e-02	-1.160776593539316337e-01
-3.720000000000000000e+02	-6.258612112579409192e-02	-1.224836233015201975e-01
-3.710000000000000000e+02	-5.097819121180324070e-02	-1.278460323450526515e-01
-3.700000000000000000e+02	-3.890300660070662025e-02	-1.321140908864763819e-01
-3.690000000000000000e+02	-2.646331185006553510e-02	-1.352461791845867289e-01
-3.680000000000000000e+02	-1.376565693719671024e-02	-1.372102905763509795e-01
-3.670000000000000000e+02	-9.194794943302820678e-04	-1.379843895923335284e-01
-3.660000000000000000e+02	1.196393099844010079e-02	-1.375566675735215572e-01
-3.650000000000000000e+02	2.477214342036675870e-02	-1.359257154477305218e-01
-3.640000000000000000e+02	3.739261325074157843e-02	-1.331004219268869249e-01
-3.630000000000000000e+02	4.971372043104967803e-02	-1.291004294957068810e-01
-3.620000000000000000e+02	6.162589507998399857e-02	-1.239561126840662830e-01
-3.610000000000000000e+02	7.302242608520420619e-02	-1.177078519517226751e-01
-3.600000000000000000e+02	8.380047307204406548e-02	-1.104060235995865530e-01
-3.590000000000000000e+02	9.386200701952522596e-02	-1.021106390811942904e-01
-3.580000000000000000e+02	1.031147182571566928e-01	-9.289089542279671541e-02
-3.570000000000000000e+02	1.114728834118131479e-01	-8.282463960030314598e-02
-3.560000000000000000e+02	1.188581831116470727e-01	-7.199775052285599386e-02
-3.550000000000000000e+02	1.252004625678387051e-01	-6.050344305587009031e-02
-3.540000000000000000e+02	1.304384275438677798e-01	-4.844149927363784747e-02
-3.530000000000000000e+02	1.345202686839295225e-01	-3.591743285581338457e-02
-3.520000000000000000e+02	1.374041803143672691e-01	-2.304158848941441351e-02
-3.510000000000000000e+02	1.390584786932206052e-01	-9.928011632903632755e-03
-3.500000000000000000e+02	1.394631509269136094e-01	3.305859574729282796e-03
-3.490000000000000000e+02	1.386089610746205070e-01	1.654102800768412693e-02
-3.480000000000000000e+02	1.364980016719188338e-01	2.965770356570200314e-02
-3.470000000000000000e+02	1.331437728134514387e-01	4.253638137448184642e-02
-3.460000000000000000e+02	1.285711586767572245e-01	5.505892898060572166e-02
-3.450000000000000000e+02	1.228163003841095668e-01	6.710967279830484800e-02
-3.440000000000000000e+02	1.159263650225752090e-01	7.857647392641455009e-02
-3.430000000000000000e+02	1.079591375244587509e-01	8.935187288377065273e-02
-3.420000000000000000e+02	9.898262467544755028e-02	9.933399668380783754e-02
-3.410000000000000000e+02	8.907480035852884115e-02	1.084273108842006977e-01
-3.400000000000000000e+02	7.832261720306905872e-02	1.165439979165680956e-01
-3.390000000000000000e+02	6.682140558622559623e-02	1.236046568146544761e-01
-3.380000000000000000e+02	5.467435115534563517e-02	1.295397849990280459e-01
-3.370000000000000000e+02	4.199067437093997879e-02	1.342886975189888643e-01
-3.360000000000000000e+02	2.888560744982432427e-02	1.378016265027966758e-01
-3.350000000000000000e+02	1.547916297553403320e-02	1.400400805272459526e-01
-3.340000000000000000e+02	1.894994506030703773e-03	1.409771880307170433e-01
-3.330000000000000000e+02	-1.174072558571968329e-02	1.405980549082690434e-01
-3.320000000000000000e+02	-2.530046468205104926e-02	1.389000140340611034e-01
-3.310000000000000000e+02	-3.865651452838689273e-02	1.358927628873146110e-01
-3.300000000000000000e+02	-5.168210586033300524e-02	1.315984199228322771e-01
-3.290000000000000000e+02	-6.425262093285100118e-02	1.260514764669533883e-01
-3.280000000000000000e+02	-7.624731567831877221e-02	1.192983102909358356e-01
-3.270000000000000000e+02	-8.754977975874635165e-02	1.113971254836955693e-01
-3.260000000000000000e+02	-9.804935074481777035e-02	1.024174339886738672e-01
-3.250000000000000000e+02	-1.076422200473917123e-01	9.243950049543320224e-02
-3.240000000000000000e+02	-1.162324864824390291e-01	8.155367844843258718e-02
-3.230000000000000000e+02	-1.237331466853456158e-01	6.985964198103319922e-02
-3.220000000000000000e+02	-1.300670120169963029e-01	5.746551965620825403e-02
-3.210000000000000000e+02	-1.351675421379556208e-01	4.448693693255457993e-02
-3.200000000000000000e+02	-1.389795860651976134e-01	3.104597526454438636e-02
-3.190000000000000000e+02	-1.414600222643699612e-01	1.727005667904657482e-02
-3.180000000000000000e+02	-1.425783373597787895e-01	3.290764624810810137e-03
-3.170000000000000000e+02	-1.423174992385906057e-01	-1.075744840401826781e-02
-3.160000000000000000e+02	-1.406725140571987998e-01	-2.473848632399163611e-02
-3.150000000000000000e+02	-1.376524828727241079e-01	-3.851582619250111528e-02
-3.140000000000000000e+02	-1.332800874642633138e-01	-5.195369221806021148e-02
-3.130000000000000000e+02	-1.275915298286629251e-01	-6.491860931909282373e-02
-3.120000000000000000e+02	-1.206357939016482334e-01	-7.728160271748148180e-02
-3.110000000000000000e+02	-1.124748377944906202e-01	-8.891808015672263144e-02
-3.100000000000000000e+02	-1.031829528127253398e-01	-9.970967254112893252e-02
-3.090000000000000000e+02	-9.284615321288512690e-02	-1.095454634499158225e-01
-3.080000000000000000e+02	-8.156144254006017502e-02	-1.183231603412944200e-01
-3.070000000000000000e+02	-6.943596194892870388e-02	-1.259501949811560606e-01
-3.060000000000000000e+02	-5.658601657077055175e-02	-1.323447163080819222e-01
-3.050000000000000000e+02	-4.313603444800239578e-02	-1.374365500242601956e-01
-3.040000000000000000e+02	-2.921740616096545062e-02	-1.411680570073841068e-01
-3.030000000000000000e+02	-1.496720492813581951e-02	-1.434947537477214152e-01
-3.020000000000000000e+02	-5.268866917213635209e-04	-1.443859260153520230e-01
-3.010000000000000000e+02	1.395908889708395544e-02	-1.438250783089736473e-01
-3.000000000000000000e+02	2.834433948421744703e-02	-1.418103147956992494e-01
-2.990000000000000000e+02	4.248264134055189378e-02	-1.383545031262388425e-01
-2.980000000000000000e+02	5.622973791434853624e-02	-1.334850261286850415e-01
-2.970000000000000000e+02	6.944373522698372991e-02	-1.272438940407522867e-01
-2.960000000000000000e+02	8.198705642599836418e-02	-1.196874219841290860e-01
-2.950000000000000000e+02	9.372789039720674786e-02	-1.108858048653904860e-01
-2.940000000000000000e+02	1.045416004829142764e-01	-1.009225449765218385e-01
-2.930000000000000000e+02	1.143120758980630952e-01	-8.989373393765408282e-02
-2.920000000000000000e+02	1.229320605104197578e-01	-7.790659415495661266e-02
-2.910000000000000000e+02	1.303071361705976094e-01	-6.508052443164420720e-02
-2.900000000000000000e+02	1.363542005249097078e-01	-5.154376488314450777e-02
-2.890000000000000000e+02	1.410032633527476265e-01	-3.743294963760485095e-02
-2.880000000000000000e+02	1.441983442672274129e-01	-2.289157033530421839e-02
-2.870000000000000000e+02	1.458980933646991940e-01	-8.068626511989602373e-03
-2.860000000000000000e+02	1.460763598325983126e-01	6.881862744808319061e-03
-2.850000000000000000e+02	1.447228667245032685e-01	2.180379009652172809e-02
-2.840000000000000000e+02	1.418433564102825895e-01	3.654007868501198131e-02
-2.830000000000000000e+02	1.374597022007432168e-01	5.093432633681644478e-02
-2.820000000000000000e+02	1.316098512489190797e-01	6.483246462380755359e-02
-2.810000000000000000e+02	1.243475966304356112e-01	7.808441548584610370e-02
-2.800000000000000000e+02	1.157421782735474636e-01	9.054572782375233664e-02
-2.790000000000000000e+02	1.058777142189608611e-01	1.020791763535244673e-01
-2.780000000000000000e+02	9.485253426552676947e-02	1.125563866550724906e-01
-2.770000000000000000e+02	8.277826250019533483e-02	1.218593728489064942e-01
-2.760000000000000000e+02	6.977832970109437705e-02	1.298812690186046115e-01
-2.750000000000000000e+02	5.598743096016074033e-02	1.365283507091663295e-01
-2.740000000000000000e+02	4.154993726115956132e-02	1.417209410568166517e-01
-2.730000000000000000e+02	2.661844202134128895e-02	1.453944299499268233e-01
-2.720000000000000000e+02	1.135219820170159204e-02	1.475001440882373893e-01
-2.710000000000000000e+02	-4.084538871626658407e-03	1.480060559885673921e-01
-2.700000000000000000e+02	-1.952407659384740660e-02	1.468973440873111713e-01
-2.690000000000000000e+02	-3.479759799049527563e-02	1.441767171829768934e-01
-2.680000000000000000e+02	-4.973648393958294417e-02	1.398645786198134677e-01
-2.670000000000000000e+02	-6.417433508026532119e-02	1.339990181287302184e-01
-2.660000000000000000e+02	-7.794883465388717514e-02	1.266355944664959987e-01
-2.650000000000000000e+02	-9.090359028210390213e-02	1.178469219748123770e-01
-2.640000000000000000e+02	-1.028899365137586897e-01	1.077220621990625515e-01
-2.630000000000000000e+02	-1.137686774452107002e-01	9.636572396461753898e-02
-2.620000000000000000e+02	-1.234119069537530505e-01	8.389738490995476972e-02
-2.610000000000000000e+02	-1.317047132499249706e-01	7.045008929530946484e-02
-2.600000000000000000e+02	-1.385452922500736705e-01	5.616840668440741674e-02
-2.590000000000000000e+02	-1.438477991134669565e-01	4.120803898079655053e-02
-2.580000000000000000e+02	-1.475429775020118961e-01	2.573374763187344372e-02
-2.570000000000000000e+02	-1.495791413730611086e-01	9.917597111125924653e-03
-2.560000000000000000e+02	-1.499229720204636185e-01	-6.062910725987183044e-03
-2.550000000000000000e+02	-1.485601179637726921e-01	-2.202679213622376134e-02
-2.540000000000000000e+02	-1.454956700499287769e-01	-3.779128744613852869e-02
-2.530000000000000000e+02	-1.407544578496167653e-01	-5.317411342382032113e-02
-2.520000000000000000e+02	-1.343803368311599633e-01	-6.799711784772013989e-02
-2.510000000000000000e+02	-1.264364987632149717e-01	-8.208604378391870515e-02
-2.500000000000000000e+02	-1.170048447111354389e-01	-9.527349740397179911e-02
-2.490000000000000000e+02	-1.061852674629716053e-01	-1.074009693854584557e-01
-2.480000000000000000e+02	-9.409471427239979313e-02	-1.183207844526615177e-01
-2.470000000000000000e+02	-8.086603672085243555e-02	-1.278979550670193699e-01
-2.460000000000000000e+02	-6.664651885667316478e-02	-1.360116744986165915e-01
-2.450000000000000000e+02	-5.159673671630041897e-02	-1.425576001845554330e-01
-2.440000000000000000e+02	-3.588839430059925784e-02	-1.474486555943305965e-01
-2.430000000000000000e+02	-1.970258477454361543e-02	-1.506164426862801886e-01
-2.420000000000000000e+02	-3.227775941401649345e-03	-1.520122993429255664e-01
-2.410000000000000000e+02	1.334144534576928512e-02	-1.516082042107811945e-01
-2.400000000000000000e+02	2.980909194076755697e-02	-1.493973715610725506e-01
-2.390000000000000000e+02	4.597814060769424283e-02	-1.453943347128142105e-01
-2.380000000000000000e+02	6.165295351598792939e-02	-1.396352068633388288e-01
-2.370000000000000000e+02	7.664191557273969391e-02	-1.321775329072069349e-01
-2.360000000000000000e+02	9.075979045328932959e-02	-1.230998758728268777e-01
-2.350000000000000000e+02	1.038300382331012323e-01	-1.125011436158878803e-01
-2.340000000000000000e+02	1.156870659407396029e-01	-1.004996587643343375e-01
-2.330000000000000000e+02	1.261783824942866450e-01	-8.723197807490712385e-02
-2.320000000000000000e+02	1.351666299741470512e-01	-7.285147053748555757e-02
-2.310000000000000000e+02	1.425314640288508072e-01	-5.752666671243997221e-02
-2.300000000000000000e+02	1.481702821742077458e-01	-4.143919437453843363e-02
-2.290000000000000000e+02	1.520022240264070068e-01	-2.478249441298520372e-02
-2.280000000000000000e+02	1.539679357612609711e-01	-7.758761289646926539e-03
-2.270000000000000000e+02	1.540301253312532925e-01	9.423359071269579723e-03
-2.260000000000000000e+02	1.521747884730317024e-01	2.655112272322572922e-02
-2.250000000000000000e+02	1.484116977568207818e-01	4.341028204575312494e-02
-2.240000000000000000e+02	1.427746034186763990e-01	5.978774258523517071e-02
-2.230000000000000000e+02	1.353210563647041786e-01	7.547439620730321541e-02
-2.220000000000000000e+02	1.261321814172491340e-01	9.026740730834624526e-02
-2.210000000000000000e+02	1.153119425385229074e-01	1.039731162403143144e-01
-2.200000000000000000e+02	1.029860654878993614e-01	1.164097068412167924e-01
-2.190000000000000000e+02	8.930077475120619390e-02	1.274096037382092816e-01
-2.180000000000000000e+02	7.442126481914840275e-02	1.368219050978615181e-01
-2.170000000000000000e+02	5.852985844186819886e-02	1.445147314662864058e-01
-2.160000000000000000e+02	4.182345314827402849e-02	1.503760869919321674e-01
-2.150000000000000000e+02	2.451191741893775367e-02	1.543168221640833226e-01
-2.140000000000000000e+02	6.815105369961909319e-03	1.562717310317938979e-01
-2.130000000000000000e+02	-1.103966108808398898e-02	1.562006824522577941e-01
-2.120000000000000000e+02	-2.882051224488936178e-02	1.540895321089461312e-01
-2.110000000000000000e+02	-4.629399732765845932e-02	1.499506849073310444e-01
-2.100000000000000000e+02	-6.322812584904322075e-02	1.438233193839178470e-01
-2.090000000000000000e+02	-7.939544519942068335e-02	1.357732637857489433e-01
-2.080000000000000000e+02	-9.457611465432845532e-02	1.258925178064095596e-01
-2.070000000000000000e+02	-1.085607884106158383e-01	1.142985577212112386e-01
-2.060000000000000000e+02	-1.211539760261061277e-01	1.011328326301211694e-01
-2.050000000000000000e+02	-1.321769759592517912e-01	8.655958309468896050e-02
-2.040000000000000000e+02	-1.414694877568431486e-01	7.076336772878635828e-02
-2.030000000000000000e+02	-1.488926050420781022e-01	5.394740950720415540e-02
-2.020000000000000000e+02	-1.543312649963403116e-01	3.633120486844798602e-02
-2.010000000000000000e+02	-1.576959966022820625e-01	1.814765025554585312e-02
-2.000000000000000000e+02	-1.589245326578080098e-01	-3.598039592261404233e-04
-1.990000000000000000e+02	-1.579831124656301544e-01	-1.894062805124414883e-02
-1.980000000000000000e+02	-1.548673178112068283e-01	-3.734035235728033753e-02
-1.970000000000000000e+02	-1.496026124866441931e-01	-5.530393123940605116e-02
-1.960000000000000000e+02	-1.422444677836374460e-01	-7.257931771388095865e-02
-1.950000000000000000e+02	-1.328780678385783065e-01	-8.892100479026635029e-02
-1.940000000000000000e+02	-1.216177777798704840e-01	-1.040933338601150171e-01
-1.930000000000000000e+02	-1.086057617675470766e-01	-1.178743992970080340e-01
-1.920000000000000000e+02	-9.401019788999528948e-02	-1.300594539710244191e-01
-1.910000000000000000e+02	-7.802385148143292648e-02	-1.404636513372752582e-01
-1.900000000000000000e+02	-6.086121461068654676e-02	-1.489246047611172685e-01
-1.890000000000000000e+02	-4.275633486086656554e-02	-1.553057277687946436e-01
-1.880000000000000000e+02	-2.395960368851766942e-02	-1.594983836597640148e-01
-1.870000000000000000e+02	-4.734448546608068312e-03	-1.614239019385897422e-01
-1.860000000000000000e+02	1.464623083621173667e-02	-1.610352074208158402e-01
-1.850000000000000000e+02	3.390383729479052449e-02	-1.583180288003138425e-01
-1.840000000000000000e+02	5.275702317021823545e-02	-1.532919992218029492e-01
-1.830000000000000000e+02	7.092867524956644742e-02	-1.460102182166657658e-01
-1.820000000000000000e+02	8.814717925687273747e-02	-1.365591083675625483e-01
-1.810000000000000000e+02	1.041508016598210462e-01	-1.250577986705786737e-01
-1.800000000000000000e+02	1.186934180892485896e-01	-1.116587509814379875e-01
-1.790000000000000000e+02	1.315468357690599555e-01	-9.654349410649025465e-02
-1.780000000000000000e+02	1.425049576245504268e-01	-7.992141036917813079e-02
-1.770000000000000000e+02	1.513872329187405663e-01	-6.202710354045450764e-02
-1.760000000000000000e+02	1.580418022113971310e-01	-4.311733353372352445e-02
-1.750000000000000000e+02	1.623482816635051507e-01	-2.346755221100036912e-02
-1.740000000000000000e+02	1.642201353910824335e-01	-3.368081671768918903e-03
-1.730000000000000000e+02	1.636065743913898696e-01	1.688016001776815322e-02
-1.720000000000000000e+02	1.604939543350908382e-01	3.696971965262176030e-02
-1.710000000000000000e+02	1.549067415528703195e-01	5.659125899132489562e-02
-1.700000000000000000e+02	1.469077837189220470e-01	7.543851585014929584e-02
-1.690000000000000000e+02	1.365980257255496044e-01	9.321294348831063448e-02
-1.680000000000000000e+02	1.241156540995321661e-01	1.096284722618470209e-01
-1.670000000000000000e+02	1.096347028531108048e-01	1.244162582947312551e-01
-1.660000000000000000e+02	9.336288723896030151e-02	1.373291327084978364e-01
-1.650000000000000000e+02	7.553901540724490549e-02	1.481459115656665604e-01
-1.640000000000000000e+02	5.642982587640459763e-02	1.566753661315773982e-01
-1.630000000000000000e+02	3.632684563327603922e-02	1.627597101382501354e-01
-1.620000000000000000e+02	1.554040734779685122e-02	1.662782923972515314e-01
-1.610000000000000000e+02	-5.603161170938692620e-03	1.671494975287617091e-01
-1.600000000000000000e+02	-2.676714283885945483e-02	1.653337454250073946e-01
-1.590000000000000000e+02	-4.760954205403102740e-02	1.608330637578223865e-01
-1.580000000000000000e+02	-6.778845191576443607e-02	1.536935671711269491e-01
-1.570000000000000000e+02	-8.696770241424145453e-02	1.440051626443942523e-01
-1.560000000000000000e+02	-1.048224775272550285e-01	1.319008879154943137e-01
-1.550000000000000000e+02	-1.210448875147905196e-01	1.175555822223807723e-01
-1.540000000000000000e+02	-1.353494011142558073e-01	1.011838329876517673e-01
-1.530000000000000000e+02	-1.474775426028469283e-01	8.303809970086879766e-02
-1.520000000000000000e+02	-1.572043383662255489e-01	6.340311122381125930e-02
-1.510000000000000000e+02	-1.643414393467927115e-01	4.259284031563634332e-02
-1.500000000000000000e+02	-1.687409596501660836e-01	2.094636738011450283e-02
-1.490000000000000000e+02	-1.702991196595266266e-01	-1.177742268945430231e-03
-1.480000000000000000e+02	-1.689589324740196075e-01	-2.340713431450971993e-02
-1.470000000000000000e+02	-1.647121616046387793e-01	-4.536174635966971208e-02
-1.460000000000000000e+02	-1.576004931622365102e-01	-6.666018185806953100e-02
-1.450000000000000000e+02	-1.477158771626508327e-01	-8.692627653004005028e-02
-1.440000000000000000e+02	-1.352018279307358462e-01	-1.057971758719006977e-01
-1.430000000000000000e+02	-1.202467039482711664e-01	-1.229254942485544788e-01
-1.420000000000000000e+02	-1.030864355199085231e-01	-1.379901000020166413e-01
-1.410000000000000000e+02	-8.399927994285368016e-02	-1.507021119808339693e-01
-1.400000000000000000e+02	-6.330299830680498341e-02	-1.608088265559909080e-01
-1.390000000000000000e+02	-4.134940438167698101e-02	-1.680998607767424102e-01
-1.380000000000000000e+02	-1.851881394537505110e-02	-1.724118649036004147e-01
-1.370000000000000000e+02	4.786173523423001459e-03	-1.736325206250667330e-01
-1.360000000000000000e+02	2.814747121195758719e-02	-1.717037286460756651e-01
-1.350000000000000000e+02	5.113867957272862086e-02	-1.666239296732378306e-01
-1.340000000000000000e+02	7.333141811999743798e-02	-1.584501023641410045e-01
-1.330000000000000000e+02	9.430803544230653701e-02	-1.472962104165794484e-01
-1.320000000000000000e+02	1.136643066179510442e-01	-1.333337716496273972e-01
-1.310000000000000000e+02	1.310190445846465546e-01	-1.167897302746648963e-01
-1.300000000000000000e+02	1.460217780154298428e-01	-9.794352627448905946e-02
-1.290000000000000000e+02	1.583600828419905460e-01	-7.712309248881767110e-02
-1.280000000000000000e+02	1.677664169691469032e-01	-5.469981560237313634e-02
-1.270000000000000000e+02	1.740243105733483842e-01	-3.108251833502913286e-02
-1.260000000000000000e+02	1.769730602253325180e-01	-6.710808035641375666e-03
-1.250000000000000000e+02	1.765143357439014349e-01	1.795316808275377457e-02
-1.240000000000000000e+02	1.726136936247455178e-01	4.243310151173797923e-02
-1.230000000000000000e+02	1.653032418322570307e-01	6.624712966839796380e-02
-1.220000000000000000e+02	1.546827967385226987e-01	8.891729610714162180e-02
-1.210000000000000000e+02	1.409196339734841985e-01	1.099790912160477918e-01
-1.200000000000000000e+02	1.242470265406699637e-01	1.289909043178860404e-01
-1.190000000000000000e+02	1.049609522954136481e-01	1.455438531543296887e-01
-1.180000000000000000e+02	8.341595802217667555e-02	1.592705153427027565e-01
-1.170000000000000000e+02	6.001968586964061964e-02	1.698538482978382558e-01
-1.160000000000000000e+02	3.522551519039035517e-02	1.770343449144055614e-01
-1.150000000000000000e+02	9.524744688771739215e-03	1.806167040827560966e-01
-1.140000000000000000e+02	-1.656197402850087194e-02	1.804765624709308847e-01
-1.130000000000000000e+02	-4.249472986137012298e-02	1.765648822384286720e-01
-1.120000000000000000e+02	-6.772759789910021144e-02	1.689104561459782994e-01
-1.110000000000000000e+02	-9.171684128379525847e-02	1.576216413185968224e-01
-1.100000000000000000e+02	-1.139335868171120897e-01	1.428863649916182754e-01
-1.090000000000000000e+02	-1.338755688354188178e-01	1.249704010198889881e-01
-1.080000000000000000e+02	-1.510787117941913837e-01	1.042138688267641444e-01
-1.070000000000000000e+02	-1.651279274921473861e-01	8.102628813367501737e-02
-1.060000000000000000e+02	-1.756681232565713568e-01	5.587997061985688213e-02
-1.050000000000000000e+02	-1.824144749701097357e-01	2.929868328780886946e-02
-1.040000000000000000e+02	-1.851590786154064805e-01	1.850900018845062604e-03
-1.030000000000000000e+02	-1.837786625369277893e-01	-2.586260130824764511e-02
-1.020000000000000000e+02	-1.782399815686660505e-01	-5.322124878663451325e-02
-1.010000000000000000e+02	-1.686034358837758262e-01	-7.959818269088381193e-02
-1.000000000000000000e+02	-1.550241547149880661e-01	-1.043738788582406762e-01
-9.900000000000000000e+01	-1.377527707925466915e-01	-1.269504294771207908e-01
-9.800000000000000000e+01	-1.171298286657865284e-01	-1.467690264693337077e-01
-9.700000000000000000e+01	-9.358309630360744924e-02	-1.633203808174648053e-01
-9.600000000000000000e+01	-6.761969486184531142e-02	-1.761596977743935810e-01
-9.500000000000000000e+01	-3.981667691017411886e-02	-1.849192756458180598e-01
-9.400000000000000000e+01	-1.080961621056856017e-02	-1.893199964602006458e-01
-9.300000000000000000e+01	1.872037909734914490e-02	-1.891810571730078161e-01
-9.200000000000000000e+01	4.806203382921667849e-02	-1.844278464940888873e-01
-9.100000000000000000e+01	7.649277301522375283e-02	-1.750965275505098895e-01
-9.000000000000000000e+01	1.032922135201612135e-01	-1.613373028433505718e-01
-8.900000000000000000e+01	1.277616314055275981e-01	-1.434147709726520115e-01
-8.800000000000000000e+01	1.492417577913471571e-01	-1.217059801597943081e-01
-8.700000000000000000e+01	1.671313741468191116e-01	-9.669212203489169211e-02
-8.600000000000000000e+01	1.809058536204184997e-01	-6.895428152861494964e-02
-8.500000000000000000e+01	1.901328693335644637e-01	-3.915962619406152673e-02
-8.400000000000000000e+01	1.944857735470621740e-01	-8.047298573531938559e-03
-8.300000000000000000e+01	1.937570133213655510e-01	2.358890172799380652e-02
-8.200000000000000000e+01	1.878677576243013292e-01	5.491847369811653223e-02
-8.100000000000000000e+01	1.768750407388010593e-01	8.509507059011207908e-02
-8.000000000000000000e+01	1.609755169289919241e-01	1.132787752998369590e-01
-7.900000000000000000e+01	1.405059831535677706e-01	1.386588317943440452e-01
-7.800000000000000000e+01	1.159400400202048320e-01	1.604775375665133397e-01
-7.700000000000000000e+01	8.787709627567297233e-02	1.780553741422139791e-01
-7.600000000000000000e+01	5.703413670821968345e-02	1.908096471661023252e-01
-7.500000000000000000e+01	2.422934982786605768e-02	1.982764336031056229e-01
-7.400000000000000000e+01	-9.637071977475802215e-03	2.001287927049476556e-01
-7.300000000000000000e+01	-4.360548654602379448e-02	1.961920334003929012e-01
-7.200000000000000000e+01	-7.667987349276034204e-02	1.864563632051245423e-01
-7.100000000000000000e+01	-1.078627050175501312e-01	1.710826099371500209e-01
-7.000000000000000000e+01	-1.361799093902922586e-01	1.504040560963264272e-01
-6.900000000000000000e+01	-1.607096148323235718e-01	1.249257698529379068e-01
-6.800000000000000000e+01	-1.806146281117032570e-01	9.531695504463087720e-02
-6.700000000000000000e+01	-1.951715047617869347e-01	6.239716899073518425e-02
-6.600000000000000000e+01	-2.037981576860290467e-01	2.712149594895174945e-02
-6.500000000000000000e+01	-2.060815084044003709e-01	-9.453564330151847939e-03
-6.400000000000000000e+01	-2.017945395581232093e-01	-4.619022122415904902e-02
-6.300000000000000000e+01	-1.909139647186090527e-01	-8.190323013333639102e-02
-6.200000000000000000e+01	-1.736312892448927392e-01	-1.153968501334991376e-01
-6.100000000000000000e+01	-1.503584296185229707e-01	-1.455026547899719858e-01
-6.000000000000000000e+01	-1.217242909198590628e-01	-1.711225113255784025e-01
-5.900000000000000000e+01	-8.855983088929472724e-02	-1.912713180653292100e-01
-5.800000000000000000e+01	-5.188609131939215385e-02	-2.051103025041514927e-01
-5.700000000000000000e+01	-1.288715715513327753e-02	-2.119866834083753149e-01
-5.600000000000000000e+01	2.712265830547796672e-02	-2.114667956898484968e-01
-5.500000000000000000e+01	6.673423130036941486e-02	-2.033651295870562703e-01
-5.400000000000000000e+01	1.045047486847045931e-01	-1.877614382867148490e-01
-5.300000000000000000e+01	1.389914567805714818e-01	-1.650124671668941612e-01
-5.200000000000000000e+01	1.688120274300997092e-01	-1.357590623512207051e-01
-5.100000000000000000e+01	1.926970579957819896e-01	-1.009200939668076363e-01
-5.000000000000000000e+01	2.095542455180341990e-01	-6.166124088793449587e-02
-4.900000000000000000e+01	2.185114026231317619e-01	-1.937423090112295326e-02
-4.800000000000000000e+01	2.189656708629844351e-01	2.436392958909073397e-02
-4.700000000000000000e+01	2.106270764041161814e-01	6.784257285127512360e-02
-4.600000000000000000e+01	1.935522351000839580e-01	1.092773120113223057e-01
-4.500000000000000000e+01	1.681640937101509248e-01	1.468802922866694616e-01
-4.400000000000000000e+01	1.352489239328966419e-01	1.789458912196753848e-01
-4.300000000000000000e+01	9.595711990338216812e-02	2.039111510556498863e-01
-4.200000000000000000e+01	5.177632742646545022e-02	2.204405839632542496e-01
-4.100000000000000000e+01	4.489268679246177784e-03	2.274987140153767740e-01
-4.000000000000000000e+01	-4.387725742324519174e-02	2.244231546285542500e-01
-3.900000000000000000e+01	-9.114508837758335258e-02	2.109819122709324091e-01
-3.800000000000000000e+01	-1.350683118256315873e-01	1.874096529240585063e-01
-3.700000000000000000e+01	-1.734240046706552463e-01	1.544367590204255569e-01
-3.600000000000000000e+01	-2.041268821547918277e-01	1.132954982491002627e-01
-3.500000000000000000e+01	-2.253422397126413346e-01	6.569777099811208165e-02
-3.400000000000000000e+01	-2.356172682349619296e-01	1.377996620104372447e-02
-3.300000000000000000e+01	-2.339606132389250026e-01	-3.996328257077463864e-02
-3.200000000000000000e+01	-2.199456843668730899e-01	-9.277516769464619339e-02
-3.100000000000000000e+01	-1.937817793109004594e-01	-1.417758552665359939e-01
-3.000000000000000000e+01	-1.563592145266687050e-01	-1.840978486811234993e-01
-2.900000000000000000e+01	-1.092674375962595090e-01	-2.170474723468724110e-01
-2.800000000000000000e+01	-5.476653943352502441e-02	-2.382833674190304729e-01
-2.700000000000000000e+01	4.288554859659322871e-03	-2.459882323855527297e-01
-2.600000000000000000e+01	6.454580246747060324e-02	-2.390283761197903312e-01
-2.500000000000000000e+01	1.223297555646764845e-01	-2.170931031331543304e-01
-2.400000000000000000e+01	1.738377285210592482e-01	-1.807999736188238837e-01
-2.300000000000000000e+01	2.153646497812823635e-01	-1.317634197619592107e-01
-2.200000000000000000e+01	2.435801152130298020e-01	-7.258264681129623919e-02
-2.100000000000000000e+01	2.557924856404806269e-01	-6.777772036805095046e-03
-2.000000000000000000e+01	2.502178404835070924e-01	6.134227612547232811e-02
-1.900000000000000000e+01	2.262264287736746315e-01	1.269215434345402072e-01
-1.800000000000000000e+01	1.845408512918896293e-01	1.848711152160891491e-01
-1.700000000000000000e+01	1.273082800548037685e-01	2.301922818856014241e-01
-1.600000000000000000e+01	5.816491359565054142e-02	2.584390099654422790e-01
-1.500000000000000000e+01	-1.790782637139491998e-02	2.661637288304031235e-01
-1.400000000000000000e+01	-9.477947653056767452e-02	2.513556472464196223e-01
-1.300000000000000000e+01	-1.656646277225106711e-01	2.138315868661050667e-01
-1.200000000000000000e+01	-2.236244746484196688e-01	1.555126071944022970e-01
-1.100000000000000000e+01	-2.621606125943162224e-01	8.050336139088995480e-02
-1.000000000000000000e+01	-2.760215831445669288e-01	-4.898591751021744677e-03
-9.000000000000000000e+00	-2.619633350533316363e-01	-9.256560666609096877e-02
-8.000000000000000000e+00	-2.194656018762090044e-01	-1.731826734016275182e-01
-7.000000000000000000e+00	-1.511523017910526012e-01	-2.371369121556342052e-01
-6.000000000000000000e+00	-6.308310722655356695e-02	-2.756155414720080077e-01
-5.000000000000000000e+00	3.542606658320156254e-02	-2.819209167994496945e-01
-4.000000000000000000e+00	1.325161569818140428e-01	-2.527398450070643676e-01
-3.000000000000000000e+00	2.149879228379678597e-01	-1.892015872855797032e-01
-2.000000000000000000e+00	2.700405240955912056e-01	-9.760233710863491785e-02
-1.000000000000000000e+00	2.873878562074833054e-01	1.066383103256783073e-02
0.000000000000000000e+00	2.614243030294975401e-01	1.200427739833167112e-01
1.000000000000000000e+00	1.931367215293526285e-01	2.127418258848091104e-01
2.000000000000000000e+00	9.115473779319799297e-02	2.716477737360835087e-01
3.000000000000000000e+00	-2.848606618018840672e-02	2.837678586538580072e-01
4.000000000000000000e+00	-1.443047709023939917e-01	2.437366022784515363e-01
5.000000000000000000e+00	-2.330814495500297956e-01	1.563078414206048594e-01
6.000000000000000000e+00	-2.747931270831334705e-01	3.706790112977779300e-02
7.000000000000000000e+00	-2.580751412191259475e-01	-8.950095044162315050e-02
8.000000000000000000e+00	-1.843453558385716728e-01	-1.948176706354704246e-01
9.000000000000000000e+00	-6.934624668477153142e-02	-2.531176000393098313e-01
1.000000000000000000e+01	5.930584665093018709e-02	-2.488682262494877895e-01
1.100000000000000000e+01	1.685996644042746517e-01	-1.824518115348796321e-01
1.200000000000000000e+01	2.292984031516054344e-01	-7.155433181124204456e-02
1.300000000000000000e+01	2.252323539067512814e-01	5.268566211398041654e-02
1.400000000000000000e+01	1.590494919659570239e-01	1.546523756114566717e-01
1.500000000000000000e+01	5.225444298569872220e-02	2.053688982092221615e-01
1.600000000000000000e+01	-6.133886110051074009e-02	1.921062904214630163e-01
1.700000000000000000e+01	-1.467230190334636031e-01	1.226373334751669070e-01
1.800000000000000000e+01	-1.793508471644333080e-01	2.236972561112020308e-02
1.900000000000000000e+01	-1.530828035078907468e-01	-7.471162220626791084e-02
2.000000000000000000e+01	-8.139218568073743054e-02	-1.378840829350807540e-01
2.100000000000000000e+01	8.258011108415220375e-03	-1.499559870250773141e-01
2.200000000000000000e+01	8.479631532876398536e-02	-1.121294726464186348e-01
2.300000000000000000e+01	1.243969042481098408e-01	-4.220331541044258783e-02
2.400000000000000000e+01	1.180426379999288261e-01	3.300536315332690263e-02
2.500000000000000000e+01	7.316510794693334430e-02	8.771098393672963067e-02
2.600000000000000000e+01	9.500463243746258210e-03	1.059226787249589186e-01
2.700000000000000000e+01	-4.905357524143321574e-02	8.591618123691216469e-02
2.800000000000000000e+01	-8.314069809508894959e-02	3.930445074176033143e-02
2.900000000000000000e+01	-8.417533780278473043e-02	-1.451600887874810418e-02
3.000000000000000000e+01	-5.609419118981796848e-02	-5.603035739702692808e-02
3.100000000000000000e+01	-1.248867615655237066e-02	-7.247680788719126910e-02
3.200000000000000000e+01	2.938316659365787509e-02	-6.151175165994069577e-02
3.300000000000000000e+01	5.516522698292979782e-02	-3.071750683495070092e-02
3.400000000000000000e+01	5.809254573449081777e-02	6.402387393870506357e-03
3.500000000000000000e+01	4.035552790350850627e-02	3.598939583166390482e-02
3.600000000000000000e+01	1.108286341228165682e-02	4.877506823277574094e-02
3.700000000000000000e+01	-1.785122799510954067e-02	4.268224328494212017e-02
3.800000000000000000e+01	-3.637927376622300535e-02	2.254469145867658494e-02
3.900000000000000000e+01	-3.951509319489919514e-02	-2.585856700881727747e-03
4.000000000000000000e+01	-2.836476325276729091e-02	-2.320508467538323627e-02
4.100000000000000000e+01	-8.872893862583606725e-03	-3.274041828488260392e-02
4.200000000000000000e+01	1.094101709206589043e-02	-2.943353562288659672e-02
4.300000000000000000e+01	2.408225500958613777e-02	-1.627045480008613293e-02
4.400000000000000000e+01	2.687917708421528121e-02	7.269856729841569880e-04
4.500000000000000000e+01	1.981489835200419408e-02	1.503427177535862809e-02
4.600000000000000000e+01	6.773231730071581531e-03	2.198383741045392692e-02
4.700000000000000000e+01	-6.785036323650029018e-03	2.016213733023972110e-02
4.800000000000000000e+01	-1.598550628173139518e-02	1.146695216585578124e-02
4.900000000000000000e+01	-1.819308245321431261e-02	-3.245033757518546593e-05
5.000000000000000000e+01	-1.363783420815615349e-02	-9.851603743763960586e-03
5.100000000000000000e+01	-4.923877301341577674e-03	-1.475582066991165328e-02
5.200000000000000000e+01	4.251397811788366204e-03	-1.373210946928358871e-02
5.300000000000000000e+01	1.057586196683809286e-02	-8.021740828079786459e-03
5.400000000000000000e+01	1.224737122736221061e-02	-3.374908410216471500e-04
5.500000000000000000e+01	9.369511006544107776e-03	6.327913812448067270e-03
5.600000000000000000e+01	3.623820338428536316e-03	9.783818567436940866e-03
5.700000000000000000e+01	-2.549669352894485836e-03	9.286848287745829225e-03
5.800000000000000000e+01	-6.917451428448630549e-03	5.592319788632663623e-03
5.900000000000000000e+01	-8.220197435161938002e-03	4.688283722913439300e-04
6.000000000000000000e+01	-6.441127251435392088e-03	-4.086982808801943243e-03
6.100000000000000000e+01	-2.648452759305632617e-03	-6.557105653618765587e-03
6.200000000000000000e+01	1.537312878850312283e-03	-6.372711408034915405e-03
6.300000000000000000e+01	4.585961241731646362e-03	-3.973058404752074536e-03
6.400000000000000000e+01	5.588945412140751759e-03	-5.230929438533698768e-04
6.500000000000000000e+01	4.478644796272351382e-03	2.616595606586342992e-03
6.600000000000000000e+01	1.943708521897736987e-03	4.376627344126052428e-03
6.700000000000000000e+01	-9.132586388235653524e-04	4.324317998461375476e-03
6.800000000000000000e+01	-3.026070073975111688e-03	2.737228912659382500e-03
6.900000000000000000e+01	-3.758410316800186567e-03	4.074457254661024335e-04
7.000000000000000000e+01	-3.046118632049591487e-03	-1.735146131330813973e-03
7.100000000000000000e+01	-1.355449927759629861e-03	-2.955663948685498948e-03
7.200000000000000000e+01	5.693130096377241062e-04	-2.959774500188706078e-03
7.300000000000000000e+01	2.013612503276413293e-03	-1.925320776866116471e-03
7.400000000000000000e+01	2.542415480867316578e-03	-3.729852805958268954e-04
7.500000000000000000e+01	2.102852731330597750e-03	1.077108090083080550e-03
7.600000000000000000e+01	9.918965978168213602e-04	1.929299561375483413e-03
7.700000000000000000e+01	-3.017108645166902332e-04	1.973044636309167002e-03
7.800000000000000000e+01	-1.297900116954459407e-03	1.308640488919666708e-03
7.900000000000000000e+01	-1.686027497295499366e-03	2.713521860543304572e-04
8.000000000000000000e+01	-1.421008561679094591e-03	-7.178201850571932921e-04
8.100000000000000000e+01	-6.878294755869518093e-04	-1.318636190560745118e-03
8.200000000000000000e+01	1.874455286946140808e-04	-1.373030728288460699e-03
8.300000000000000000e+01	8.747855248250774882e-04	-9.426653135918013722e-04
8.400000000000000000e+01	1.160713426153840797e-03	-2.485540829993251378e-04
8.500000000000000000e+01	9.999423712884652257e-04	4.282080740936716995e-04
8.600000000000000000e+01	5.132739370665247072e-04	8.503681835260692339e-04
8.700000000000000000e+01	-8.074332592577654355e-05	9.027264137522726401e-04
8.800000000000000000e+01	-5.524690425283906251e-04	6.191317138430234073e-04
8.900000000000000000e+01	-7.573301086567938096e-04	1.548332005234298375e-04
9.000000000000000000e+01	-6.581370878247876349e-04	-3.038782635787118554e-04
9.100000000000000000e+01	-3.363666265868470759e-04	-5.930359818939041862e-04
9.200000000000000000e+01	5.958876308123905183e-05	-6.381756168946077111e-04
9.300000000000000000e+01	3.825950929585499342e-04	-4.613443063630348552e-04
9.400000000000000000e+01	5.276895601900142988e-04	-1.527938890900794983e-04
9.500000000000000000e+01	4.725522975149599862e-04	1.572120934231080068e-04
9.600000000000000000e+01	2.643059590554642201e-04	3.617102966713426617e-04
9.700000000000000000e+01	-3.485723982291518565e-06	4.020654929217746393e-04
9.800000000000000000e+01	-2.282910848580304740e-04	2.899225500817486723e-04
9.900000000000000000e+01	-3.367909050819341559e-04	8.242558718463470718e-05
1.000000000000000000e+02	-3.032044391667515276e-04	-1.320552600577083410e-04
1.010000000000000000e+02	-1.620336072603030899e-04	-2.733476170147875264e-04
1.020000000000000000e+02	1.906139901724029253e-05	-3.039578876686394840e-04
1.030000000000000000e+02	1.722353925660876218e-04	-2.310868873013776118e-04
1.040000000000000000e+02	2.456881281495661910e-04	-9.228563335005046664e-05
1.050000000000000000e+02	2.275602294534296687e-04	5.110561854483218133e-05
1.060000000000000000e+02	1.371502636062090993e-04	1.497402031333360114e-04
1.070000000000000000e+02	1.526108504982526056e-05	1.743915427194498704e-04
