# # Time 	 h_plus 	 h_cross 
# 
-4.090000000000000000e+02	2.778640129656384343e-03	-8.424981875572594425e-02
-4.080000000000000000e+02	1.139055912248350746e-02	-8.356431240044578934e-02
-4.070000000000000000e+02	1.989810541120100307e-02	-8.199888237299447769e-02
-4.060000000000000000e+02	2.821134564548101464e-02	-7.956701560390580519e-02
-4.050000000000000000e+02	3.624194248952861824e-02	-7.629139863514172726e-02
-4.040000000000000000e+02	4.390408894625019709e-02	-7.220372655472638568e-02
-4.030000000000000000e+02	5.111534979289097252e-02	-6.734433341365300696e-02
-4.020000000000000000e+02	5.779781849382380210e-02	-6.176220886305818641e-02
-4.010000000000000000e+02	6.387872952238936308e-02	-5.551410711826916533e-02
-4.000000000000000000e+02	6.929133765291961566e-02	-4.866414885172950372e-02
-3.990000000000000000e+02	7.397566835638444416e-02	-4.128318922354300147e-02
-3.980000000000000000e+02	7.787920250393054467e-02	-3.344810895844173987e-02
-3.970000000000000000e+02	8.095748743202635378e-02	-2.524103523211796221e-02
-3.960000000000000000e+02	8.317466711244859978e-02	-1.674849995546482187e-02
-3.950000000000000000e+02	8.450392597572758957e-02	-8.060533003785170028e-03
-3.940000000000000000e+02	8.492783331133518798e-02	7.302529507050390268e-04
-3.930000000000000000e+02	8.443860176745653090e-02	9.529652584232868248e-03
-3.920000000000000000e+02	8.303823749356230299e-02	1.824287673900717652e-02
-3.910000000000000000e+02	8.073858580552628617e-02	2.677556531528300920e-02
-3.900000000000000000e+02	7.756127208531561623e-02	3.503480895218285401e-02
-3.890000000000000000e+02	7.353753652966593668e-02	4.293016393714278733e-02
-3.880000000000000000e+02	6.870796342467118401e-02	5.037464930831326432e-02
-3.870000000000000000e+02	6.312210677083822385e-02	5.728571517237188854e-02
-3.860000000000000000e+02	5.683801522744252877e-02	6.358617143700294461e-02
-3.850000000000000000e+02	4.992166047269131629e-02	6.920506645433520398e-02
-3.840000000000000000e+02	4.244627417587129581e-02	7.407850548577712968e-02
-3.830000000000000000e+02	3.449157043729274286e-02	7.815041240396561339e-02
-3.820000000000000000e+02	2.614299847543822761e-02	8.137315682205512046e-02
-3.810000000000000000e+02	1.749078860836768626e-02	8.370817950208145342e-02
-3.800000000000000000e+02	8.628997227943276463e-03	8.512647465515917056e-02
-3.790000000000000000e+02	-3.454927270649817118e-04	8.560897406333979609e-02
-3.780000000000000000e+02	-9.334019314715646595e-03	8.514682972044597398e-02
-3.770000000000000000e+02	-1.823721826760147172e-02	8.374158627389269305e-02
-3.760000000000000000e+02	-2.695611723531018619e-02	8.140524016549693931e-02
-3.750000000000000000e+02	-3.539323568159793987e-02	7.816018358110701780e-02
-3.740000000000000000e+02	-4.345367831165269923e-02	7.403903256941470057e-02
-3.730000000000000000e+02	-5.104620982237585702e-02	6.908433996581764269e-02
-3.720000000000000000e+02	-5.808430077595506946e-02	6.334819325024464154e-02
-3.710000000000000000e+02	-6.448713072067599472e-02	5.689169974065812901e-02
-3.700000000000000000e+02	-7.018051207957336224e-02	4.978439605769580806e-02
-3.690000000000000000e+02	-7.509784169946584487e-02	4.210352578584637684e-02
-3.680000000000000000e+02	-7.918215088384350508e-02	3.393375294169681533e-02
-3.670000000000000000e+02	-8.238287009449733744e-02	2.536427300028783888e-02
-3.660000000000000000e+02	-8.466036678761380829e-02	1.649020806262347857e-02
-3.650000000000000000e+02	-8.598520621049055013e-02	7.410729743922765851e-03
-3.640000000000000000e+02	-8.633858756761327025e-02	-1.772178485055389639e-03
-3.630000000000000000e+02	-8.571260585601628290e-02	-1.095472025394727753e-02
-3.620000000000000000e+02	-8.411043914872742833e-02	-2.003248966073900225e-02
-3.610000000000000000e+02	-8.154639937872337763e-02	-2.890165557065401888e-02
-3.600000000000000000e+02	-7.804585657256762898e-02	-3.746014994584885571e-02
-3.590000000000000000e+02	-7.364503610399644740e-02	-4.560884771148274175e-02
-3.580000000000000000e+02	-6.839068978428503032e-02	-5.325272457247561680e-02
-3.570000000000000000e+02	-6.233964306134224392e-02	-6.030197925941373216e-02
-3.560000000000000000e+02	-5.555822205169196754e-02	-6.667310690211214474e-02
-3.550000000000000000e+02	-4.812156556235121230e-02	-7.228991060541847813e-02
-3.540000000000000000e+02	-4.011285574966766410e-02	-7.708442473405449635e-02
-3.530000000000000000e+02	-3.162235013633653280e-02	-8.099781171312515904e-02
-3.520000000000000000e+02	-2.274643789715834544e-02	-8.398107556247409733e-02
-3.510000000000000000e+02	-1.358658085190829652e-02	-8.599571081185682087e-02
-3.500000000000000000e+02	-4.248163663525820338e-03	-8.701424241309430041e-02
-3.490000000000000000e+02	5.160701946700102169e-03	-8.702063517251416858e-02
-3.480000000000000000e+02	1.453041690695337437e-02	-8.601057388052514574e-02
-3.470000000000000000e+02	2.375116447967234173e-02	-8.399160928967452922e-02
-3.460000000000000000e+02	3.271413680775614452e-02	-8.098309340705270309e-02
-3.450000000000000000e+02	4.131296280854820924e-02	-7.701627234804482580e-02
-3.440000000000000000e+02	4.944489554128954356e-02	-7.213380925711204705e-02
-3.430000000000000000e+02	5.701203766359456276e-02	-6.638941161742047126e-02
-3.420000000000000000e+02	6.392255454726088193e-02	-5.984730669301911721e-02
-3.410000000000000000e+02	7.009181128019473239e-02	-5.258156836020643626e-02
-3.400000000000000000e+02	7.544343607188315481e-02	-4.467532027604494832e-02
-3.390000000000000000e+02	7.991029652597840538e-02	-3.621982330602841610e-02
-3.380000000000000000e+02	8.343537608198645095e-02	-2.731345662416254788e-02
-3.370000000000000000e+02	8.597253893207351672e-02	-1.806060330231063979e-02
-3.360000000000000000e+02	8.748717287891105698e-02	-8.570452504442353445e-03
-3.350000000000000000e+02	8.795670001498695489e-02	1.044343485516502530e-03
-3.340000000000000000e+02	8.737093086247502138e-02	1.066880443418576942e-02
-3.330000000000000000e+02	8.573233069678311280e-02	2.018708332388406343e-02
-3.320000000000000000e+02	8.305608463306457523e-02	2.948391772426463275e-02
-3.310000000000000000e+02	7.937001747619396030e-02	3.844598315611740674e-02
-3.300000000000000000e+02	7.471407037082504476e-02	4.696309775342365905e-02
-3.290000000000000000e+02	6.914066897590957772e-02	5.492993890145699692e-02
-3.280000000000000000e+02	6.271378642270296344e-02	6.224732183062611085e-02
-3.270000000000000000e+02	5.550801419990035457e-02	6.882324803902702126e-02
-3.260000000000000000e+02	4.760793449478122052e-02	7.457418346126240549e-02
-3.250000000000000000e+02	3.910712532409494485e-02	7.942617442607954881e-02
-3.240000000000000000e+02	3.010720605134664662e-02	8.331576473499339996e-02
-3.230000000000000000e+02	2.071657386472867957e-02	8.619093310508736672e-02
-3.220000000000000000e+02	1.104912595346491631e-02	8.801182172735315390e-02
-3.210000000000000000e+02	1.222912641570164877e-03	8.875132443715319508e-02
-3.200000000000000000e+02	-8.641287168011407838e-03	8.839553103936480249e-02
-3.190000000000000000e+02	-1.842143953166344716e-02	8.694401277028702968e-02
-3.180000000000000000e+02	-2.799576029917266035e-02	8.440994332624129903e-02
-3.170000000000000000e+02	-3.724423290473097975e-02	8.082005185427741656e-02
-3.160000000000000000e+02	-4.605012034184098602e-02	7.621440634412079973e-02
-3.150000000000000000e+02	-5.430145234186724290e-02	7.064602795866135876e-02
-3.140000000000000000e+02	-6.189240419953393607e-02	6.418040126862008254e-02
-3.130000000000000000e+02	-6.872486728194510119e-02	5.689461034520449517e-02
-3.120000000000000000e+02	-7.470959431074036816e-02	4.887655698689987588e-02
-3.110000000000000000e+02	-7.976740467282475433e-02	4.022396529560771233e-02
-3.100000000000000000e+02	-8.383029647751417957e-02	3.104321450534928278e-02
-3.090000000000000000e+02	-8.684209628156032423e-02	2.144799267162748185e-02
-3.080000000000000000e+02	-8.876011917051485067e-02	1.155820903586993013e-02
-3.070000000000000000e+02	-8.955513347500146382e-02	1.498198343825675677e-03
-3.060000000000000000e+02	-8.921195532266404382e-02	-8.604733382440299741e-03
-3.050000000000000000e+02	-8.772982126250339352e-02	-1.862188633280534300e-02
-3.040000000000000000e+02	-8.512252471982507951e-02	-2.842480010737446008e-02
-3.030000000000000000e+02	-8.141836744671414328e-02	-3.788690169497357235e-02
-3.020000000000000000e+02	-7.665996534871556689e-02	-4.688507994300628728e-02
-3.010000000000000000e+02	-7.090387269677778104e-02	-5.530131393122463684e-02
-3.000000000000000000e+02	-6.421962970789200920e-02	-6.302467050366643286e-02
-2.990000000000000000e+02	-5.668934602299717518e-02	-6.995217666609239437e-02
-2.980000000000000000e+02	-4.840663876116003961e-02	-7.599046363347705668e-02
-2.970000000000000000e+02	-3.947552200721932136e-02	-8.105706341147030092e-02
-2.960000000000000000e+02	-3.000914892314633306e-02	-8.508157835285262705e-02
-2.950000000000000000e+02	-2.012842085661979349e-02	-8.800670678762576027e-02
-2.940000000000000000e+02	-9.960479774929380595e-03	-8.978910943331241956e-02
-2.930000000000000000e+02	3.628978698086276762e-04	-9.040010312750355881e-02
-2.920000000000000000e+02	1.070698616546049593e-02	-8.982617046911627046e-02
-2.910000000000000000e+02	2.093569963259510683e-02	-8.806931255585530305e-02
-2.900000000000000000e+02	3.091367958603252405e-02	-8.514714945069463969e-02
-2.890000000000000000e+02	4.050813572283739478e-02	-8.109271854950642067e-02
-2.880000000000000000e+02	4.959023753866643319e-02	-7.595428624912929638e-02
-2.870000000000000000e+02	5.803703770288737990e-02	-6.979482912750886725e-02
-2.860000000000000000e+02	6.573315859853508247e-02	-6.269133582003470762e-02
-2.850000000000000000e+02	7.257239803939131984e-02	-5.473391468426169748e-02
-2.840000000000000000e+02	7.845923170297058880e-02	-4.602471637982574748e-02
-2.830000000000000000e+02	8.331019082083167271e-02	-3.667668309828971823e-02
-2.820000000000000000e+02	8.705509497394615936e-02	-2.681213867927661684e-02
-2.810000000000000000e+02	8.963812144038002527e-02	-1.656123620865832674e-02
-2.800000000000000000e+02	9.101841650909894832e-02	-6.060354014388453538e-03
-2.790000000000000000e+02	9.117161521061568907e-02	4.549812780911112985e-03
-2.780000000000000000e+02	9.008959733033428119e-02	1.512609974488077214e-02
-2.770000000000000000e+02	8.778086984398565662e-02	2.552474017106543674e-02
-2.760000000000000000e+02	8.427068137938965864e-02	3.560331924638165252e-02
-2.750000000000000000e+02	7.960084263955351236e-02	4.522272552304446719e-02
-2.740000000000000000e+02	7.382931909706476337e-02	5.424908125475235571e-02
-2.730000000000000000e+02	6.702959816639891821e-02	6.255562499613161187e-02
-2.720000000000000000e+02	5.928983616946403856e-02	7.002452005823621428e-02
-2.710000000000000000e+02	5.071179350736898517e-02	7.654856296960867168e-02
-2.700000000000000000e+02	4.140956949567028977e-02	8.203276701287916250e-02
-2.690000000000000000e+02	3.150815126813077960e-02	8.639579718689617549e-02
-2.680000000000000000e+02	2.114179396366965696e-02	8.957123457389565280e-02
-2.670000000000000000e+02	1.045231714283957093e-02	9.150922002833519753e-02
-2.660000000000000000e+02	-4.131678332737072335e-04	9.217568001495743402e-02
-2.650000000000000000e+02	-1.130369480854620350e-02	9.155442465200640256e-02
-2.640000000000000000e+02	-2.206668403867673156e-02	8.964724177188942988e-02
-2.630000000000000000e+02	-3.255020868838030823e-02	8.647399190177035289e-02
-2.620000000000000000e+02	-4.260506280512126737e-02	8.207251136866954011e-02
-2.610000000000000000e+02	-5.208689253968241950e-02	7.649826973717957501e-02
-2.600000000000000000e+02	-6.085828722285355902e-02	6.982377398974740079e-02
-2.590000000000000000e+02	-6.879080013749780398e-02	6.213772380583371807e-02
-2.580000000000000000e+02	-7.576686925098329028e-02	5.354392589424477461e-02
-2.570000000000000000e+02	-8.168160902832007075e-02	4.415997889651298441e-02
-2.560000000000000000e+02	-8.644444572976830998e-02	3.411574385706631768e-02
-2.550000000000000000e+02	-8.998057030042540261e-02	2.355161859686584480e-02
-2.540000000000000000e+02	-9.223218506991054388e-02	1.261663747970437864e-02
-2.530000000000000000e+02	-9.315952297728452569e-02	1.466420975471995243e-03
-2.520000000000000000e+02	-9.274162089415548260e-02	-9.738997945712209170e-03
-2.510000000000000000e+02	-9.097683240219277268e-02	-2.083743865012629287e-02
-2.500000000000000000e+02	-8.788371964410028603e-02	-3.166713865889510260e-02
-2.490000000000000000e+02	-8.349898558522941827e-02	-4.206858071917976560e-02
-2.480000000000000000e+02	-7.787918343883593053e-02	-5.188718838217305090e-02
-2.470000000000000000e+02	-7.109946427735461261e-02	-6.097559609907032135e-02
-2.460000000000000000e+02	-6.325270434104313111e-02	-6.919586126790332192e-02
-2.450000000000000000e+02	-5.444828807583433627e-02	-7.642167502784004418e-02
-2.440000000000000000e+02	-4.481066023359417394e-02	-8.254034627669788737e-02
-2.430000000000000000e+02	-3.447772140278364955e-02	-8.745457148463474384e-02
-2.420000000000000000e+02	-2.359891496822426674e-02	-9.108408485835098323e-02
-2.410000000000000000e+02	-1.233313746267144032e-02	-9.336705246167392724e-02
-2.400000000000000000e+02	-8.464772750581767494e-04	-9.426121187870929730e-02
-2.390000000000000000e+02	1.069018753558652335e-02	-9.374473587933214447e-02
-2.380000000000000000e+02	2.210369882032771349e-02	-9.181680222983575057e-02
-2.370000000000000000e+02	3.322119949918638654e-02	-8.849785583135068301e-02
-2.360000000000000000e+02	4.387273046900178053e-02	-8.382956323026871659e-02
-2.350000000000000000e+02	5.389386425909702821e-02	-7.787443460404647189e-02
-2.340000000000000000e+02	6.312828994292686569e-02	-7.071504228659455937e-02
-2.330000000000000000e+02	7.142986675904329508e-02	-6.245280790768804879e-02
-2.320000000000000000e+02	7.866612861072888596e-02	-5.320775515382087512e-02
-2.310000000000000000e+02	8.471941566588694905e-02	-4.311561241331092476e-02
-2.300000000000000000e+02	8.948918740119451987e-02	-3.232638498298850277e-02
-2.290000000000000000e+02	9.289378142199040955e-02	-2.100221537338331154e-02
-2.280000000000000000e+02	9.487190721248248138e-02	-9.315023451594222487e-03
-2.270000000000000000e+02	9.538384681902073448e-02	2.556041048978211459e-03
-2.260000000000000000e+02	9.441233058340278705e-02	1.442734878090854052e-02
-2.250000000000000000e+02	9.196308272330554201e-02	2.611348796391901872e-02
-2.240000000000000000e+02	8.806504984907458089e-02	3.743015987737333822e-02
-2.230000000000000000e+02	8.277021338520874905e-02	4.819718765684196521e-02
-2.220000000000000000e+02	7.615305913186525000e-02	5.824135662316936440e-02
-2.210000000000000000e+02	6.830968152257280157e-02	6.739923945052932186e-02
-2.200000000000000000e+02	5.935653128382977622e-02	7.551991035469433899e-02
-2.190000000000000000e+02	4.942881969979755208e-02	8.246750305124575520e-02
-2.180000000000000000e+02	3.867834285204312106e-02	8.812298637547714975e-02
-2.170000000000000000e+02	2.727224251218865816e-02	9.238788331542337195e-02
-2.160000000000000000e+02	1.538934552741222199e-02	9.518479135781522660e-02
-2.150000000000000000e+02	3.217802609093218646e-03	9.645913072976342040e-02
-2.140000000000000000e+02	-9.047720190750807925e-03	9.618036423845839622e-02
-2.130000000000000000e+02	-2.120915610119960409e-02	9.434281770209147766e-02
-2.120000000000000000e+02	-3.306821200442026931e-02	9.096608986512165484e-02
-2.110000000000000000e+02	-4.442959709239855531e-02	8.609505708556969283e-02
-2.100000000000000000e+02	-5.510425409760832255e-02	7.979946496241069331e-02
-2.090000000000000000e+02	-6.491254018704932516e-02	7.217310566295888352e-02
-2.080000000000000000e+02	-7.368730424765924936e-02	6.333258649179558664e-02
-2.070000000000000000e+02	-8.127680779888117601e-02	5.341570210754694598e-02
-2.060000000000000000e+02	-8.754743816068590034e-02	4.257942963176641199e-02
-2.050000000000000000e+02	-9.238616478752029182e-02	3.099757258941333166e-02
-2.040000000000000000e+02	-9.570269283640231439e-02	1.885808605924573986e-02
-2.030000000000000000e+02	-9.743120907965695243e-02	6.361085985014669486e-03
-2.020000000000000000e+02	-9.753224863430712266e-02	-6.287228891779348891e-03
-2.010000000000000000e+02	-9.599300079059717994e-02	-1.887521496326493090e-02
-2.000000000000000000e+02	-9.282782910480974481e-02	-3.118993408046710769e-02
-1.990000000000000000e+02	-8.807949701262850206e-02	-4.302105835491740193e-02
-1.980000000000000000e+02	-8.181771512321635298e-02	-5.416431114722736195e-02
-1.970000000000000000e+02	-7.413866916987543743e-02	-6.442503900730499333e-02
-1.960000000000000000e+02	-6.516374950910797104e-02	-7.362166771480456451e-02
-1.950000000000000000e+02	-5.503781544471335330e-02	-8.158899066840619163e-02
-1.940000000000000000e+02	-4.392702714083702303e-02	-8.818123230279793778e-02
-1.930000000000000000e+02	-3.201627355854445856e-02	-9.327482924124200214e-02
-1.920000000000000000e+02	-1.950623249222015534e-02	-9.677087538010138712e-02
-1.910000000000000000e+02	-6.611099974055949235e-03	-9.859711497298140337e-02
-1.900000000000000000e+02	6.446978528884317328e-03	-9.871009848108437679e-02
-1.890000000000000000e+02	1.944161677329587015e-02	-9.709568311810590213e-02
-1.880000000000000000e+02	3.214423981593569207e-02	-9.376968305610879073e-02
-1.870000000000000000e+02	4.432886292084614599e-02	-8.877801384191755241e-02
-1.860000000000000000e+02	5.577621404377207381e-02	-8.219670551859745156e-02
-1.850000000000000000e+02	6.627785979394140714e-02	-7.413097981281195625e-02
-1.840000000000000000e+02	7.563983389977585459e-02	-6.471339637887675578e-02
-1.830000000000000000e+02	8.368637191199686243e-02	-5.410209362687026097e-02
-1.820000000000000000e+02	9.026331863075647000e-02	-4.247833580805286668e-02
-1.810000000000000000e+02	9.524121110196191731e-02	-3.004360145190874964e-02
-1.800000000000000000e+02	9.851797483476781858e-02	-1.701625519384257490e-02
-1.790000000000000000e+02	1.000211762077256594e-01	-3.627853580760975662e-03
-1.780000000000000000e+02	9.970978052593337804e-02	9.880856660066770700e-03
-1.770000000000000000e+02	9.757537279047190371e-02	2.326418232051870663e-02
-1.760000000000000000e+02	9.364280684481812722e-02	3.627589769771601830e-02
-1.750000000000000000e+02	8.797025805039185298e-02	4.867375218431241324e-02
-1.740000000000000000e+02	8.064880725429829367e-02	6.022380035405003329e-02
-1.730000000000000000e+02	7.180138147743801713e-02	7.070496768567470502e-02
-1.720000000000000000e+02	6.157985703049627391e-02	7.991441007800667573e-02
-1.710000000000000000e+02	5.016420324378320639e-02	8.767038341735067242e-02
-1.700000000000000000e+02	3.775855659322346208e-02	9.381616067281023374e-02
-1.690000000000000000e+02	2.458752966126435263e-02	9.822200488154335385e-02
-1.680000000000000000e+02	1.089353022401594664e-02	1.007901841821488564e-01
-1.670000000000000000e+02	-3.068133209224728486e-03	1.014565587924462636e-01
-1.660000000000000000e+02	-1.703388422689096349e-02	1.001923516030001904e-01
-1.650000000000000000e+02	-3.073676438761882915e-02	9.700528300921404390e-02
-1.640000000000000000e+02	-4.391148540738253059e-02	9.194003245473185426e-02
-1.630000000000000000e+02	-5.629929976708725192e-02	8.507816992731950800e-02
-1.620000000000000000e+02	-6.765373889952598641e-02	7.653692875525981709e-02
-1.610000000000000000e+02	-7.774537361804811919e-02	6.646742240481016972e-02
-1.600000000000000000e+02	-8.636615220582183339e-02	5.505261664263070426e-02
-1.590000000000000000e+02	-9.333407913828141445e-02	4.250418991364175031e-02
-1.580000000000000000e+02	-9.849723776438261413e-02	2.905888226752872255e-02
-1.570000000000000000e+02	-1.017373099213084442e-01	1.497427198030895114e-02
-1.560000000000000000e+02	-1.029725098766731822e-01	5.240478624215169374e-04
-1.550000000000000000e+02	-1.021598589621616204e-01	-1.400714268409624513e-02
-1.540000000000000000e+02	-9.929673801256597154e-02	-2.832917887046694852e-02
-1.530000000000000000e+02	-9.442180468721508846e-02	-4.215187631721829808e-02
-1.520000000000000000e+02	-8.761474239062611025e-02	-5.519162990511986000e-02
-1.510000000000000000e+02	-7.899531839720243254e-02	-6.717685761934959199e-02
-1.500000000000000000e+02	-6.872228878680977648e-02	-7.785386829448061319e-02
-1.490000000000000000e+02	-5.698985249878694287e-02	-8.699188354681997026e-02
-1.480000000000000000e+02	-4.402451204052291317e-02	-9.438767006097052714e-02
-1.470000000000000000e+02	-3.008202948064140833e-02	-9.987152242825066140e-02
-1.460000000000000000e+02	-1.544210779026462983e-02	-1.033109205243829126e-01
-1.450000000000000000e+02	-4.030330428414892149e-04	-1.046140007755051310e-01
-1.440000000000000000e+02	1.472411685016684381e-02	-1.037322747026950959e-01
-1.430000000000000000e+02	2.962155759149229586e-02	-1.006626144269167078e-01
-1.420000000000000000e+02	4.397259000188478983e-02	-9.544789447922484571e-02
-1.410000000000000000e+02	5.746688874781798878e-02	-8.817714004306421993e-02
-1.400000000000000000e+02	6.980774078960499951e-02	-7.898455074182167412e-02
-1.390000000000000000e+02	8.071864089768826522e-02	-6.804751034894541972e-02
-1.380000000000000000e+02	8.994918258577688785e-02	-5.558338504598103746e-02
-1.370000000000000000e+02	9.728248794449477488e-02	-4.184672469273677947e-02
-1.360000000000000000e+02	1.025391895432920253e-01	-2.712317620715836916e-02
-1.350000000000000000e+02	1.055825036806132128e-01	-1.172468275451071969e-02
-1.340000000000000000e+02	1.063223160385721733e-01	4.017572675930696467e-03
-1.330000000000000000e+02	1.047178735582497966e-01	1.975975591059982855e-02
-1.320000000000000000e+02	1.007797366350896978e-01	3.515245376505891223e-02
-1.310000000000000000e+02	9.457066517669250605e-02	4.984851502090504455e-02
-1.300000000000000000e+02	8.620531410962345431e-02	6.351087111518648187e-02
-1.290000000000000000e+02	7.584875404582092084e-02	7.582033738623267238e-02
-1.280000000000000000e+02	6.371381280004638492e-02	8.648321811409433180e-02
-1.270000000000000000e+02	5.005704908865361152e-02	9.523813500707159485e-02
-1.260000000000000000e+02	3.517437278203745799e-02	1.018632292485352753e-01
-1.250000000000000000e+02	1.939506164233533586e-02	1.061828875385690818e-01
-1.240000000000000000e+02	3.074163876039784967e-03	1.080714114474187887e-01
-1.230000000000000000e+02	-1.341480379451923804e-02	1.074575551723073036e-01
-1.220000000000000000e+02	-2.968766023960793532e-02	1.043275360181452061e-01
-1.210000000000000000e+02	-4.535970715922980900e-02	9.872645974594830565e-02
-1.200000000000000000e+02	-6.005413147324855511e-02	9.075830153895118879e-02
-1.190000000000000000e+02	-7.341050230640476515e-02	8.058507031447378899e-02
-1.180000000000000000e+02	-8.509416765710110797e-02	6.842420551901255699e-02
-1.170000000000000000e+02	-9.480487183066164947e-02	5.454462504383253418e-02
-1.160000000000000000e+02	-1.022847907382033877e-01	3.926141909147366771e-02
-1.150000000000000000e+02	-1.073257540651082614e-01	2.292934750804939345e-02
-1.140000000000000000e+02	-1.097755075869708691e-01	5.935763674714243827e-03
-1.130000000000000000e+02	-1.095430715364392044e-01	-1.131070899750049631e-02
-1.120000000000000000e+02	-1.066011679937336198e-01	-2.838689625272722283e-02
-1.110000000000000000e+02	-1.009903033592761817e-01	-4.486629598923754653e-02
-1.100000000000000000e+02	-9.281817600837441451e-02	-6.032974579818545929e-02
-1.090000000000000000e+02	-8.225852827783167176e-02	-7.437592283609927024e-02
-1.080000000000000000e+02	-6.954869182701800545e-02	-8.663186252345114746e-02
-1.070000000000000000e+02	-5.498597823050160871e-02	-9.676272467061214355e-02
-1.060000000000000000e+02	-3.891862877139339733e-02	-1.044832611792258642e-01
-1.050000000000000000e+02	-2.174093505242854704e-02	-1.095638584867723309e-01
-1.040000000000000000e+02	-3.883400242790874604e-03	-1.118382020159981310e-01
-1.030000000000000000e+02	1.419720454741303650e-02	-1.112104473746216293e-01
-1.020000000000000000e+02	3.202954375558752370e-02	-1.076592632776420810e-01
-1.010000000000000000e+02	4.913967594632990404e-02	-1.012395294349373309e-01
-1.000000000000000000e+02	6.506326406662243933e-02	-9.208340254182036111e-02
-9.900000000000000000e+01	7.935811601921867464e-02	-8.039916058130010257e-02
-9.800000000000000000e+01	9.161838265926705582e-02	-6.646591722643852007e-02
-9.700000000000000000e+01	1.014838897588109939e-01	-5.062970394063504714e-02
-9.600000000000000000e+01	1.086521248666289935e-01	-3.329545226688820220e-02
-9.500000000000000000e+01	1.128880862825669407e-01	-1.491757878707242191e-02
-9.400000000000000000e+01	1.140326430208109670e-01	4.010747107279635099e-03
-9.300000000000000000e+01	1.120092837912665673e-01	2.297070645399037353e-02
-9.200000000000000000e+01	1.068281789005433302e-01	4.143234611740975737e-02
-9.100000000000000000e+01	9.858844834287951164e-02	5.886749067172554473e-02
-9.000000000000000000e+01	8.747851195717565309e-02	7.476568446002157531e-02
-8.900000000000000000e+01	7.377231623643346059e-02	8.864870639520784634e-02
-8.800000000000000000e+01	5.782435219631594514e-02	1.000846475562265081e-01
-8.700000000000000000e+01	4.006387747293940066e-02	1.087025537085859611e-01
-8.600000000000000000e+01	2.098076700970400235e-02	1.142063255220291118e-01
-8.500000000000000000e+01	1.116381075855654281e-03	1.163835404102012278e-01
-8.400000000000000000e+01	-1.895174423883321663e-02	1.151152121546649143e-01
-8.300000000000000000e+01	-3.862590219795516977e-02	1.103823538724270636e-01
-8.200000000000000000e+01	-5.730548057884998076e-02	1.022698264032969456e-01
-8.100000000000000000e+01	-7.440468963665304580e-02	9.096750091254124371e-02
-8.000000000000000000e+01	-8.937070339917332906e-02	7.676885947000183785e-02
-7.900000000000000000e+01	-1.017053695415207487e-01	6.006157722509002789e-02
-7.800000000000000000e+01	-1.109775582329613347e-01	4.132240602979405514e-02
-7.700000000000000000e+01	-1.168407871961890387e-01	2.110439718146750118e-02
-7.600000000000000000e+01	-1.190492380867409911e-01	2.219144389723941570e-05
-7.500000000000000000e+01	-1.174638389396129023e-01	-2.126623238902720925e-02
-7.400000000000000000e+01	-1.120637806719114449e-01	-4.207735116680481197e-02
-7.300000000000000000e+01	-1.029527377774370617e-01	-6.172384771642380752e-02
-7.200000000000000000e+01	-9.036093575163454961e-02	-7.953512530571697769e-02
-7.100000000000000000e+01	-7.463763279500312819e-02	-9.488697205963490811e-02
-7.000000000000000000e+01	-5.624732817456724182e-02	-1.072170126823579761e-01
-6.900000000000000000e+01	-3.575842829715314419e-02	-1.160477990022267258e-01
-6.800000000000000000e+01	-1.382788094015522003e-02	-1.210067717508556961e-01
-6.700000000000000000e+01	8.817785134811005968e-03	-1.218432904848623377e-01
-6.600000000000000000e+01	3.140450122528216925e-02	-1.184424064445881719e-01
-6.500000000000000000e+01	5.313338767297904469e-02	-1.108360213152410206e-01
-6.400000000000000000e+01	7.321847516302923409e-02	-9.920389641951422866e-02
-6.300000000000000000e+01	9.090341386464109719e-02	-8.387588327635552010e-02
-6.200000000000000000e+01	1.054939869512471901e-01	-6.532628402986571936e-02
-6.100000000000000000e+01	1.163861622095847953e-01	-4.416294396534960198e-02
-6.000000000000000000e+01	1.230982680029031467e-01	-2.111182116901254638e-02
-5.900000000000000000e+01	1.252790557219187195e-01	3.005061208072917680e-03
-5.800000000000000000e+01	1.227383892433773216e-01	2.729769926685049128e-02
-5.700000000000000000e+01	1.154636680553211558e-01	5.084446468249021606e-02
-5.600000000000000000e+01	1.036240342317523017e-01	7.271499607255499376e-02
-5.500000000000000000e+01	8.757328441691440701e-02	9.201136127467370029e-02
-5.400000000000000000e+01	6.784478647148803332e-02	1.079050465363694533e-01
-5.300000000000000000e+01	4.513894087037213093e-02	1.196734550806216324e-01
-5.200000000000000000e+01	2.030312455993858040e-02	1.267344121646139243e-01
-5.100000000000000000e+01	-5.695644946363902748e-03	1.286771167777420455e-01
-5.000000000000000000e+01	-3.180476437133090278e-02	1.252879815824938792e-01
-4.900000000000000000e+01	-5.692592222169414601e-02	1.165698700652100517e-01
-4.800000000000000000e+01	-7.995956839876675049e-02	1.027533788114041724e-01
-4.700000000000000000e+01	-9.985242633138195767e-02	8.429902665375117732e-02
-4.600000000000000000e+01	-1.156502588491522265e-01	6.188733042593579092e-02
-4.500000000000000000e+01	-1.265338325114655493e-01	3.641064583049521963e-02
-4.400000000000000000e+01	-1.318733442988136439e-01	8.928552067091852229e-03
-4.300000000000000000e+01	-1.312690768267379127e-01	-1.936274730377086917e-02
-4.200000000000000000e+01	-1.245772554266216386e-01	-4.717868543532464931e-02
-4.100000000000000000e+01	-1.119317075426920355e-01	-7.320045616745021744e-02
-4.000000000000000000e+01	-9.375430135414249133e-02	-9.613486690286325576e-02
-3.900000000000000000e+01	-7.075258798582066688e-02	-1.147776765615381861e-01
-3.800000000000000000e+01	-4.390349025443457398e-02	-1.280777383604894681e-01
-3.700000000000000000e+01	-1.442241834755031600e-02	-1.351988978302123279e-01
-3.600000000000000000e+01	1.628215746150255341e-02	-1.355763254377157501e-01
-3.500000000000000000e+01	4.666789931542540681e-02	-1.289638227487668876e-01
-3.400000000000000000e+01	7.512152560178247951e-02	-1.154741498331003785e-01
-3.300000000000000000e+01	1.000663962370395149e-01	-9.558711486069941532e-02
-3.200000000000000000e+01	1.200286116597575198e-01	-7.014922256879548013e-02
-3.100000000000000000e+01	1.337219322627765661e-01	-4.036109656606583912e-02
-3.000000000000000000e+01	1.401389027167513623e-01	-7.735647306077871391e-03
-2.900000000000000000e+01	1.386308957274634268e-01	2.596423762101521607e-02
-2.800000000000000000e+01	1.289751393795180445e-01	5.880490234145241413e-02
-2.700000000000000000e+01	1.114236055659372365e-01	8.878982673903829115e-02
-2.600000000000000000e+01	8.672013306707075653e-02	1.139795347508544138e-01
-2.500000000000000000e+01	5.609776271228728711e-02	1.326086200542475890e-01
-2.400000000000000000e+01	2.124172679854168314e-02	1.432081765886385472e-01
-2.300000000000000000e+01	-1.577288880486411859e-02	1.447274972811019855e-01
-2.200000000000000000e+01	-5.257966956535177483e-02	1.366478581601932030e-01
-2.100000000000000000e+01	-8.666217488796915114e-02	1.190666919142983893e-01
-2.000000000000000000e+01	-1.155082092735695148e-01	9.275325523005137351e-02
-1.900000000000000000e+01	-1.367946734361656924e-01	5.915652256529228825e-02
-1.800000000000000000e+01	-1.485649704135724170e-01	2.036993869699228743e-02
-1.700000000000000000e+01	-1.494281377466745719e-01	-2.094846785386754451e-02
-1.600000000000000000e+01	-1.387273109348133304e-01	-6.172549377144061211e-02
-1.500000000000000000e+01	-1.166805667798381657e-01	-9.867340451792461220e-02
-1.400000000000000000e+01	-8.445065349875124916e-02	-1.285285793056134551e-01
-1.300000000000000000e+01	-4.417927495540185934e-02	-1.483381778196629086e-01
-1.200000000000000000e+01	1.083602919982414384e-03	-1.557641636671107666e-01
-1.100000000000000000e+01	4.754318851778299021e-02	-1.493728791379106413e-01
-1.000000000000000000e+01	9.092085335926156087e-02	-1.288916241473787583e-01
-9.000000000000000000e+00	1.268068268027353063e-01	-9.540655211927175083e-02
-8.000000000000000000e+00	1.510994766288362434e-01	-5.143472065753607742e-02
-7.000000000000000000e+00	1.604927378088553680e-01	-8.710303650495236638e-04
-6.000000000000000000e+00	1.529628819747943513e-01	5.124493523505612574e-02
-5.000000000000000000e+00	1.282039667885328527e-01	9.914178971344290991e-02
-4.000000000000000000e+00	8.794187756076934925e-02	1.369090328805923629e-01
-3.000000000000000000e+00	3.603665335995149405e-02	1.592312929199438121e-01
-2.000000000000000000e+00	-2.170817718950471958e-02	1.622086242320039395e-01
-1.000000000000000000e+00	-7.799794203534780868e-02	1.441316236853583954e-01
0.000000000000000000e+00	-1.249433671032721821e-01	1.060981895154702731e-01
1.000000000000000000e+00	-1.551275735865982608e-01	5.232091272386417413e-02
2.000000000000000000e+00	-1.629403541591403770e-01	-1.006365282287254026e-02
3.000000000000000000e+00	-1.458075476671130133e-01	-7.172225493326268853e-02
4.000000000000000000e+00	-1.051533780710219440e-01	-1.224569311056970811e-01
5.000000000000000000e+00	-4.673748291156604173e-02	-1.529858644064646944e-01
6.000000000000000000e+00	1.978655369977528472e-02	-1.568944947147543068e-01
7.000000000000000000e+00	8.235456921114620021e-02	-1.323824980732125622e-01
8.000000000000000000e+00	1.286882160718987589e-01	-8.323003289571341556e-02
9.000000000000000000e+00	1.490101738162212253e-01	-1.870933787007637156e-02
1.000000000000000000e+01	1.386141359188810540e-01	4.800623008422222338e-02
1.100000000000000000e+01	9.941951690042237499e-02	1.024955161568023854e-01
1.200000000000000000e+01	4.016517081232982844e-02	1.325610674288495994e-01
1.300000000000000000e+01	-2.532169167058731518e-02	1.314547840963060654e-01
1.400000000000000000e+01	-8.136157189536186163e-02	1.000109043106554157e-01
1.500000000000000000e+01	-1.145283049553269122e-01	4.670911032266729379e-02
1.600000000000000000e+01	-1.173544883260696919e-01	-1.423608778512260899e-02
1.700000000000000000e+01	-9.056459765291084707e-02	-6.682908435790299584e-02
1.800000000000000000e+01	-4.292467618041448385e-02	-9.774218658846067775e-02
1.900000000000000000e+01	1.139710011497619899e-02	-1.002228360334513346e-01
2.000000000000000000e+01	5.710349420367691331e-02	-7.586276892194422639e-02
2.100000000000000000e+01	8.240454249748818683e-02	-3.380633671208296831e-02
2.200000000000000000e+01	8.233477372437068842e-02	1.249256788298173590e-02
2.300000000000000000e+01	5.970931786178231004e-02	4.961333609300282166e-02
2.400000000000000000e+01	2.356187786424304015e-02	6.824150918264178245e-02
2.500000000000000000e+01	-1.425160641952844670e-02	6.546976557466560598e-02
2.600000000000000000e+01	-4.288882854659574473e-02	4.490297595924444551e-02
2.700000000000000000e+01	-5.556945041161435311e-02	1.473169425229906189e-02
2.800000000000000000e+01	-5.096155118533506750e-02	-1.525705764546542338e-02
2.900000000000000000e+01	-3.278610385132101068e-02	-3.670374155776885694e-02
3.000000000000000000e+01	-8.038713248211610402e-03	-4.481835001522183753e-02
3.100000000000000000e+01	1.543414165547528361e-02	-3.921116670755628308e-02
3.200000000000000000e+01	3.123340363785934506e-02	-2.336989748938069628e-02
3.300000000000000000e+01	3.598033198940246008e-02	-3.167310537745858696e-03
3.400000000000000000e+01	2.985239513119103405e-02	1.509246668555446966e-02
3.500000000000000000e+01	1.607256987266981671e-02	2.648536432015321032e-02
3.600000000000000000e+01	-3.793167540431817203e-04	2.868512520867932958e-02
3.700000000000000000e+01	-1.440205247666619635e-02	2.231121059369770357e-02
3.800000000000000000e+01	-2.227175249957135186e-02	1.038945098511762088e-02
3.900000000000000000e+01	-2.255599161658924934e-02	-2.844964650312130708e-03
4.000000000000000000e+01	-1.622847479489065645e-02	-1.333889119935073239e-02
4.100000000000000000e+01	-6.102181687920119231e-03	-1.841029884474851622e-02
4.200000000000000000e+01	4.299314821071750781e-03	-1.737147948264981812e-02
4.300000000000000000e+01	1.189414024697241570e-02	-1.143700984629927343e-02
4.400000000000000000e+01	1.488577493640435082e-02	-3.076991350374155311e-03
4.500000000000000000e+01	1.310984190521022330e-02	4.900233727690470747e-03
4.600000000000000000e+01	7.816558825176334740e-03	1.024036215046313786e-02
4.700000000000000000e+01	1.079442320396698223e-03	1.180825952634371491e-02
4.800000000000000000e+01	-4.937955171674411614e-03	9.735598686550672037e-03
4.900000000000000000e+01	-8.624422054553991177e-03	5.182324276912124612e-03
5.000000000000000000e+01	-9.277846003817058831e-03	-1.766302862863657292e-04
5.100000000000000000e+01	-7.167616134562641329e-03	-4.685651171372141183e-03
5.200000000000000000e+01	-3.309958535583415722e-03	-7.180041513343231492e-03
5.300000000000000000e+01	9.311211775194907841e-04	-7.242628082851182598e-03
5.400000000000000000e+01	4.282895704622485464e-03	-5.211553991471212267e-03
5.500000000000000000e+01	5.907735710110755684e-03	-1.973049585728474994e-03
5.600000000000000000e+01	5.584808052365064675e-03	1.360415688914117177e-03
5.700000000000000000e+01	3.690400252523982124e-03	3.807355115348104013e-03
